----------------------------
RRT search Summary          
----------------------------
Map Name               : Random
Total paths found      : 1
Total number of nodes  : 1414
Total elapsed time     : 88.02803587913513 s
Solver                 : RRTstar 
----------------------------
Path number   : 0
Path length   : 1179.209675752153
Time required : 7.90848183631897 s
>>>> Nodes
[1097.8514413409064, 507.19641443114574, 0.9671457274383104]
[1094.784997348532, 502.7491311873376, 0.9671457274383104]
[1091.7185533561578, 498.3018479435294, 0.9671457274383104]
[1088.6521093637834, 493.8545646997213, 0.9671457274383104]
[1085.585665371409, 489.40728145591316, 0.9671457274383104]
[1082.519221379035, 484.959998212105, 0.9671457274383104]
[1079.4527773866605, 480.51271496829685, 0.9671457274383104]
[1076.386333394286, 476.0654317244887, 0.9671457274383104]
[1073.319889401912, 471.6181484806806, 0.9671457274383104]
[1070.2534454095376, 467.17086523687243, 0.9671457274383104]
[1067.1870014171632, 462.7235819930643, 0.9671457274383104]
[1064.1205574247888, 458.2762987492561, 0.9671457274383104]
[1061.0541134324146, 453.829015505448, 0.9671457274383104]
[1057.9876694400402, 449.38173226163985, 0.9671457274383104]
[1054.9212254476658, 444.9344490178317, 0.9671457274383104]
[1051.8547814552917, 440.48716577402354, 0.9671457274383104]
[1048.7883374629173, 436.0398825302154, 0.9671457274383104]
[1045.721893470543, 431.5925992864073, 0.9671457274383104]
[1042.6554494781687, 427.1453160425991, 0.9671457274383104]
[1039.5890054857944, 422.69803279879096, 0.9671457274383104]
[1032.7486274209127, 414.0039869145112, 0.8952404646593216]
[1027.5472662785462, 407.513136086202, 0.8952404646593216]
[1022.3459051361798, 401.0222852578928, 0.8952404646593216]
[1017.1445439938134, 394.5314344295836, 0.8952404646593216]
[1011.9431828514469, 388.0405836012744, 0.8952404646593216]
[1006.7418217090803, 381.5497327729653, 0.8952404646593216]
[1001.5404605667139, 375.0588819446561, 0.8952404646593216]
[996.3390994243474, 368.5680311163469, 0.8952404646593216]
[991.137738281981, 362.07718028803777, 0.8952404646593216]
[985.9363771396145, 355.5863294597286, 0.8952404646593216]
[980.7350159972481, 349.0954786314194, 0.8952404646593216]
[975.5336548548815, 342.60462780311025, 0.8952404646593216]
[970.332293712515, 336.11377697480106, 0.8952404646593216]
[965.1309325701486, 329.62292614649186, 0.8952404646593216]
[959.9295714277821, 323.13207531818273, 0.8952404646593216]
[954.7282102854157, 316.64122448987354, 0.8952404646593216]
[949.5268491430492, 310.15037366156434, 0.8952404646593216]
[944.3254880006828, 303.6595228332552, 0.8952404646593216]
[939.1241268583162, 297.168672004946, 0.8952404646593216]
[932.3226439082947, 288.8380132375561, 0.8859580675784293]
[925.7441602494207, 280.7830068527602, 0.8859580675784293]
[919.1656765905467, 272.72800046796425, 0.8859580675784293]
[912.5871929316727, 264.67299408316836, 0.8859580675784293]
[906.0087092727987, 256.6179876983724, 0.8859580675784293]
[899.4302256139247, 248.5629813135765, 0.8859580675784293]
[892.8517419550507, 240.50797492878058, 0.8859580675784293]
[886.2732582961767, 232.45296854398464, 0.8859580675784293]
[879.6947746373025, 224.39796215918875, 0.8859580675784293]
[873.1162909784285, 216.3429557743928, 0.8859580675784293]
[866.5378073195545, 208.2879493895969, 0.8859580675784293]
[859.9593236606805, 200.23294300480097, 0.8859580675784293]
[853.3808400018065, 192.17793662000506, 0.8859580675784293]
[846.8023563429325, 184.12293023520914, 0.8859580675784293]
[840.2238726840585, 176.0679238504132, 0.8859580675784293]
[833.6453890251845, 168.01291746561728, 0.8859580675784293]
[827.0669053663105, 159.95791108082136, 0.8859580675784293]
[827.0669053663105, 159.95791108082136, 0.8859580675784294]
[801.3547422857816, 146.11906364085195, 0.10155297340136515]
[788.5469861975798, 144.81390814738833, 0.1015529734013641]
[775.7392301093781, 143.5087526539247, 0.1015529734013641]
[762.9314740211763, 142.20359716046107, 0.1015529734013641]
[750.1237179329746, 140.89844166699743, 0.1015529734013641]
[737.3159618447728, 139.5932861735338, 0.1015529734013641]
[724.508205756571, 138.2881306800702, 0.1015529734013641]
[711.7004496683693, 136.98297518660655, 0.1015529734013641]
[698.8926935801675, 135.67781969314294, 0.1015529734013641]
[686.0849374919658, 134.37266419967932, 0.1015529734013641]
[673.277181403764, 133.06750870621568, 0.1015529734013641]
[660.4694253155621, 131.76235321275206, 0.1015529734013641]
[647.6616692273604, 130.45719771928842, 0.1015529734013641]
[634.8539131391586, 129.1520422258248, 0.1015529734013641]
[622.0461570509568, 127.84688673236117, 0.1015529734013641]
[609.2384009627551, 126.54173123889754, 0.1015529734013641]
[596.4306448745533, 125.23657574543392, 0.1015529734013641]
[583.6228887863516, 123.9314202519703, 0.1015529734013641]
[570.8151326981498, 122.62626475850666, 0.1015529734013641]
[570.4475569429326, 122.58700944718092, 0.11123084313453191]
[556.1868220479705, 120.99420155727903, 0.11123084313453249]
[541.9260871530086, 119.40139366737714, 0.11123084313453249]
[527.6653522580466, 117.80858577747523, 0.11123084313453249]
[513.4046173630845, 116.21577788757334, 0.11123084313453249]
[499.14388246812246, 114.62296999767145, 0.11123084313453249]
[484.8831475731605, 113.03016210776954, 0.11123084313453249]
[470.62241267819843, 111.43735421786766, 0.11123084313453249]
[456.3616777832364, 109.84454632796576, 0.11123084313453249]
[442.1009428882744, 108.25173843806387, 0.11123084313453249]
[427.8402079933124, 106.65893054816198, 0.11123084313453249]
[413.5794730983504, 105.06612265826007, 0.11123084313453249]
[399.31873820338836, 103.47331476835818, 0.11123084313453249]
[385.05800330842635, 101.88050687845629, 0.11123084313453249]
[370.7972684134643, 100.2876989885544, 0.11123084313453249]
[356.53653351850227, 98.6948910986525, 0.11123084313453249]
[342.27579862354025, 97.1020832087506, 0.11123084313453249]
[328.01506372857824, 95.50927531884871, 0.11123084313453249]
[313.7543288336162, 93.91646742894682, 0.11123084313453249]
[310.1370117389046, 93.33565217891635, 0.2071817719481417]
[299.49070936907003, 91.09782128839927, 0.2071817719481417]
[288.8444069992355, 88.8599903978822, 0.2071817719481417]
[278.198104629401, 86.62215950736513, 0.2071817719481417]
[267.55180225956644, 84.38432861684805, 0.2071817719481417]
[256.9054998897319, 82.14649772633098, 0.2071817719481417]
[246.25919751989733, 79.9086668358139, 0.2071817719481417]
[235.6128951500628, 77.67083594529683, 0.2071817719481417]
[224.96659278022824, 75.43300505477976, 0.2071817719481417]
[214.32029041039368, 73.19517416426268, 0.2071817719481417]
[203.67398804055915, 70.95734327374561, 0.2071817719481417]
[193.0276856707246, 68.71951238322853, 0.2071817719481417]
[182.38138330089004, 66.48168149271146, 0.2071817719481417]
[171.7350809310555, 64.2438506021944, 0.2071817719481417]
[161.08877856122095, 62.006019711677325, 0.2071817719481417]
[150.4424761913864, 59.76818882116025, 0.2071817719481417]
[139.79617382155186, 57.53035793064318, 0.2071817719481417]
[129.1498714517173, 55.2925270401261, 0.2071817719481417]
[118.50356908188276, 53.05469614960903, 0.2071817719481417]
[107.85726671204822, 50.816865259091955, 0.2071817719481417]
>>>> 
>>>> inputs
[40.0, 0.0, 0.13173029036358738]
[40.0, 0.0, 0.13173029036358738]
[40.0, 0.0, 0.13173029036358738]
[40.0, 0.0, 0.13173029036358738]
[40.0, 0.0, 0.13173029036358738]
[40.0, 0.0, 0.13173029036358738]
[40.0, 0.0, 0.13173029036358738]
[40.0, 0.0, 0.13173029036358738]
[40.0, 0.0, 0.13173029036358738]
[40.0, 0.0, 0.13173029036358738]
[40.0, 0.0, 0.13173029036358738]
[40.0, 0.0, 0.13173029036358738]
[40.0, 0.0, 0.13173029036358738]
[40.0, 0.0, 0.13173029036358738]
[40.0, 0.0, 0.13173029036358738]
[40.0, 0.0, 0.13173029036358738]
[40.0, 0.0, 0.13173029036358738]
[40.0, 0.0, 0.13173029036358738]
[40.0, 0.0, 0.13173029036358738]
[40.0, 0.0, 0.13173029036358738]
[40.0, 0.0, 0.19799024564656573]
[40.0, 0.0, 0.19799024564656573]
[40.0, 0.0, 0.19799024564656573]
[40.0, 0.0, 0.19799024564656573]
[40.0, 0.0, 0.19799024564656573]
[40.0, 0.0, 0.19799024564656573]
[40.0, 0.0, 0.19799024564656573]
[40.0, 0.0, 0.19799024564656573]
[40.0, 0.0, 0.19799024564656573]
[40.0, 0.0, 0.19799024564656573]
[40.0, 0.0, 0.19799024564656573]
[40.0, 0.0, 0.19799024564656573]
[40.0, 0.0, 0.19799024564656573]
[40.0, 0.0, 0.19799024564656573]
[40.0, 0.0, 0.19799024564656573]
[40.0, 0.0, 0.19799024564656573]
[40.0, 0.0, 0.19799024564656573]
[40.0, 0.0, 0.19799024564656573]
[40.0, 0.0, 0.19799024564656573]
[40.0, 0.0, 0.19799024564656573]
[40.0, 0.0, 0.2584521503538227]
[40.0, 0.0, 0.2584521503538227]
[40.0, 0.0, 0.2584521503538227]
[40.0, 0.0, 0.2584521503538227]
[40.0, 0.0, 0.2584521503538227]
[40.0, 0.0, 0.2584521503538227]
[40.0, 0.0, 0.2584521503538227]
[40.0, 0.0, 0.2584521503538227]
[40.0, 0.0, 0.2584521503538227]
[40.0, 0.0, 0.2584521503538227]
[40.0, 0.0, 0.2584521503538227]
[40.0, 0.0, 0.2584521503538227]
[40.0, 0.0, 0.2584521503538227]
[40.0, 0.0, 0.2584521503538227]
[40.0, 0.0, 0.2584521503538227]
[40.0, 0.8669840139434847, 0.2584521503538227]
[40.0, 0.8669840139434847, 0.2584521503538227]
[40.0, 0.0, 0.2584521503538227]
[40.0, 0.0, 0.2584521503538227]
[40.0, 0.0, 0.2584521503538227]
[40.0, 0.0, 0.290128981265925]
[40.0, 0.0, 0.290128981265925]
[40.0, 0.0, 0.290128981265925]
[40.0, 0.0, 0.290128981265925]
[40.0, 0.0, 0.290128981265925]
[40.0, 0.0, 0.290128981265925]
[40.0, 0.0, 0.290128981265925]
[40.0, 0.0, 0.290128981265925]
[40.0, 0.0, 0.290128981265925]
[40.0, 0.0, 0.290128981265925]
[40.0, 0.0, 0.290128981265925]
[40.0, 0.0, 0.290128981265925]
[40.0, 0.0, 0.290128981265925]
[40.0, 0.0, 0.290128981265925]
[40.0, 0.0, 0.290128981265925]
[40.0, -0.8669840139434847, 0.290128981265925]
[40.0, 0.0, 0.290128981265925]
[40.0, 0.0, 0.290128981265925]
[40.0, 0.0, 0.290128981265925]
[40.0, 0.0, 0.290128981265925]
[40.0, 0.0, 0.3274430674110208]
[40.0, 0.0, 0.3274430674110208]
[40.0, 0.0, 0.3274430674110208]
[40.0, 0.0, 0.3274430674110208]
[40.0, 0.0, 0.3274430674110208]
[40.0, 0.0, 0.3274430674110208]
[40.0, 0.0, 0.3274430674110208]
[40.0, 0.0, 0.3274430674110208]
[40.0, 0.0, 0.3274430674110208]
[40.0, 0.0, 0.3274430674110208]
[40.0, 0.0, 0.3274430674110208]
[40.0, 0.0, 0.3274430674110208]
[40.0, 0.0, 0.3274430674110208]
[40.0, 0.0, 0.3274430674110208]
[40.0, -0.8669840139434847, 0.3274430674110208]
[40.0, 0.0, 0.3274430674110208]
[40.0, 0.0, 0.3274430674110208]
[40.0, 0.0, 0.3274430674110208]
[40.0, 0.0, 0.3274430674110208]
[40.0, 0.0, 0.3274430674110208]
[40.0, 0.0, 0.26826735964926984]
[40.0, 0.0, 0.26826735964926984]
[40.0, 0.0, 0.26826735964926984]
[40.0, 0.0, 0.26826735964926984]
[40.0, 0.0, 0.26826735964926984]
[40.0, 0.0, 0.26826735964926984]
[40.0, 0.0, 0.26826735964926984]
[40.0, 0.0, 0.26826735964926984]
[40.0, 0.0, 0.26826735964926984]
[40.0, 0.0, 0.26826735964926984]
[40.0, 0.0, 0.26826735964926984]
[40.0, 0.0, 0.26826735964926984]
[40.0, 0.0, 0.26826735964926984]
[40.0, 0.0, 0.26826735964926984]
>>>> 
