----------------------------
RRT search Summary          
----------------------------
Map Name               : Random
Total paths found      : 3
Total number of nodes  : 1355
Total elapsed time     : 86.20591378211975 s
Solver                 : RRTstar 
----------------------------
Path number   : 0
Path length   : 1161.8507329837075
Time required : 49.87976574897766 s
>>>> Nodes
[1104.9117919700063, 507.4572464883106, 1.0361672703347475]
[1103.696745359498, 505.40533033641094, 1.0361672703347475]
[1102.4816987489899, 503.35341418451134, 1.0361672703347475]
[1101.2666521384815, 501.3014980326117, 1.0361672703347475]
[1100.0516055279732, 499.249581880712, 1.0361672703347475]
[1098.836558917465, 497.1976657288124, 1.0361672703347475]
[1097.6215123069567, 495.14574957691275, 1.0361672703347475]
[1096.4064656964483, 493.0938334250131, 1.0361672703347475]
[1095.1914190859402, 491.0419172731135, 1.0361672703347475]
[1093.9763724754318, 488.9900011212138, 1.0361672703347475]
[1092.7613258649235, 486.93808496931416, 1.0361672703347475]
[1091.5462792544154, 484.88616881741456, 1.0361672703347475]
[1090.331232643907, 482.8342526655149, 1.0361672703347475]
[1089.1161860333987, 480.78233651361523, 1.0361672703347475]
[1087.9011394228905, 478.73042036171563, 1.0361672703347475]
[1086.6860928123822, 476.67850420981597, 1.0361672703347475]
[1085.4710462018738, 474.6265880579163, 1.0361672703347475]
[1084.2559995913657, 472.5746719060167, 1.0361672703347475]
[1083.0409529808574, 470.52275575411704, 1.0361672703347475]
[1080.514360832689, 466.77986756590315, 0.9178736958396723]
[1075.8694577498445, 460.70672012271825, 0.9178736958396718]
[1071.2245546670001, 454.6335726795333, 0.9178736958396718]
[1066.5796515841557, 448.56042523634835, 0.9178736958396718]
[1061.9347485013113, 442.48727779316346, 0.9178736958396718]
[1057.289845418467, 436.41413034997856, 0.9178736958396718]
[1052.6449423356225, 430.3409829067936, 0.9178736958396718]
[1048.0000392527782, 424.26783546360866, 0.9178736958396718]
[1043.3551361699338, 418.19468802042377, 0.9178736958396718]
[1038.7102330870894, 412.1215405772389, 0.9178736958396718]
[1034.0653300042452, 406.0483931340539, 0.9178736958396718]
[1029.4204269214008, 399.97524569086903, 0.9178736958396718]
[1024.7755238385564, 393.9020982476841, 0.9178736958396718]
[1020.1306207557119, 387.8289508044992, 0.9178736958396718]
[1015.4857176728676, 381.75580336131424, 0.9178736958396718]
[1010.8408145900232, 375.68265591812934, 0.9178736958396718]
[1006.1959115071788, 369.6095084749444, 0.9178736958396718]
[1001.5510084243344, 363.5363610317595, 0.9178736958396718]
[996.90610534149, 357.46321358857455, 0.9178736958396718]
[992.2612022586457, 351.39006614538965, 0.9178736958396718]
[983.7830585068226, 342.374951945167, 0.7914479642656999]
[978.4729891724718, 337.0002410293506, 0.7914479642656999]
[973.1629198381211, 331.6255301135341, 0.7914479642656999]
[967.8528505037704, 326.25081919771765, 0.7914479642656999]
[962.5427811694195, 320.8761082819012, 0.7914479642656999]
[957.2327118350688, 315.50139736608475, 0.7914479642656999]
[951.9226425007181, 310.12668645026827, 0.7914479642656999]
[946.6125731663673, 304.75197553445184, 0.7914479642656999]
[941.3025038320166, 299.37726461863537, 0.7914479642656999]
[935.9924344976658, 294.0025537028189, 0.7914479642656999]
[930.682365163315, 288.62784278700246, 0.7914479642656999]
[925.3722958289643, 283.253131871186, 0.7914479642656999]
[920.0622264946136, 277.8784209553695, 0.7914479642656999]
[914.7521571602628, 272.5037100395531, 0.7914479642656999]
[909.442087825912, 267.1289991237366, 0.7914479642656999]
[904.1320184915613, 261.7542882079201, 0.7914479642656999]
[898.8219491572105, 256.3795772921037, 0.7914479642656999]
[893.5118798228598, 251.00486637628723, 0.7914479642656999]
[886.0323377071309, 245.12101600080308, 0.5416584087592557]
[882.3130447218703, 242.88316885008794, 0.5416584087592552]
[878.5937517366095, 240.64532169937283, 0.5416584087592552]
[874.8744587513489, 238.40747454865772, 0.5416584087592552]
[871.1551657660883, 236.16962739794258, 0.5416584087592552]
[867.4358727808277, 233.93178024722746, 0.5416584087592552]
[863.716579795567, 231.69393309651232, 0.5416584087592552]
[859.9972868103064, 229.4560859457972, 0.5416584087592552]
[856.2779938250458, 227.21823879508207, 0.5416584087592552]
[852.5587008397852, 224.98039164436696, 0.5416584087592552]
[848.8394078545244, 222.74254449365185, 0.5416584087592552]
[845.1201148692638, 220.5046973429367, 0.5416584087592552]
[841.4008218840032, 218.2668501922216, 0.5416584087592552]
[837.6815288987425, 216.02900304150646, 0.5416584087592552]
[833.9622359134819, 213.79115589079134, 0.5416584087592552]
[830.2429429282213, 211.5533087400762, 0.5416584087592552]
[826.5236499429607, 209.3154615893611, 0.5416584087592552]
[822.8043569577, 207.07761443864595, 0.5416584087592552]
[819.0850639724393, 204.83976728793084, 0.5416584087592552]
[814.1702459605635, 202.34656723473796, 0.3972544740300419]
[804.7694844000744, 198.40237748242953, 0.3972544740300426]
[795.3687228395853, 194.4581877301211, 0.3972544740300426]
[785.9679612790962, 190.51399797781264, 0.3972544740300426]
[776.5671997186071, 186.5698082255042, 0.3972544740300426]
[767.166438158118, 182.62561847319577, 0.3972544740300426]
[757.765676597629, 178.6814287208873, 0.3972544740300426]
[748.3649150371399, 174.73723896857888, 0.3972544740300426]
[738.9641534766507, 170.79304921627045, 0.3972544740300426]
[729.5633919161617, 166.84885946396201, 0.3972544740300426]
[720.1626303556726, 162.90466971165355, 0.3972544740300426]
[710.7618687951834, 158.96047995934512, 0.3972544740300426]
[701.3611072346944, 155.0162902070367, 0.3972544740300426]
[691.9603456742053, 151.07210045472823, 0.3972544740300426]
[682.5595841137161, 147.1279107024198, 0.3972544740300426]
[673.1588225532271, 143.18372095011136, 0.3972544740300426]
[663.758060992738, 139.23953119780293, 0.3972544740300426]
[654.3572994322489, 135.29534144549447, 0.3972544740300426]
[644.9565378717598, 131.35115169318604, 0.3972544740300426]
[634.6439056511773, 128.6385196739954, 0.1171719307320036]
[629.9736052885489, 128.08877338750884, 0.11717193073200406]
[625.3033049259204, 127.53902710102221, 0.11717193073200406]
[620.633004563292, 126.98928081453562, 0.11717193073200406]
[615.9627042006637, 126.43953452804901, 0.11717193073200406]
[611.2924038380352, 125.8897882415624, 0.11717193073200406]
[606.6221034754068, 125.34004195507579, 0.11717193073200406]
[601.9518031127784, 124.7902956685892, 0.11717193073200406]
[597.2815027501499, 124.24054938210259, 0.11717193073200406]
[592.6112023875215, 123.69080309561598, 0.11717193073200406]
[587.9409020248931, 123.14105680912937, 0.11717193073200406]
[583.2706016622647, 122.59131052264276, 0.11717193073200406]
[578.6003012996363, 122.04156423615616, 0.11717193073200406]
[573.9300009370079, 121.49181794966955, 0.11717193073200406]
[569.2597005743794, 120.94207166318294, 0.11717193073200406]
[564.589400211751, 120.39232537669633, 0.11717193073200406]
[559.9190998491226, 119.84257909020974, 0.11717193073200406]
[555.2487994864941, 119.29283280372313, 0.11717193073200406]
[550.5784991238658, 118.74308651723652, 0.11717193073200406]
[547.1912390256405, 118.18909816242186, 0.20705864152007125]
[540.4631296260221, 116.7757284017289, 0.20705864152007222]
[533.7350202264038, 115.36235864103594, 0.20705864152007222]
[527.0069108267853, 113.94898888034297, 0.20705864152007222]
[520.278801427167, 112.53561911965001, 0.20705864152007222]
[513.5506920275486, 111.12224935895705, 0.20705864152007222]
[506.8225826279303, 109.70887959826408, 0.20705864152007222]
[500.0944732283119, 108.29550983757112, 0.20705864152007222]
[493.3663638286936, 106.88214007687816, 0.20705864152007222]
[486.6382544290752, 105.4687703161852, 0.20705864152007222]
[479.9101450294568, 104.05540055549223, 0.20705864152007222]
[473.1820356298384, 102.64203079479927, 0.20705864152007222]
[466.4539262302201, 101.22866103410631, 0.20705864152007222]
[459.72581683060173, 99.81529127341335, 0.20705864152007222]
[452.9977074309834, 98.40192151272038, 0.20705864152007222]
[446.269598031365, 96.98855175202742, 0.20705864152007222]
[439.54148863174663, 95.57518199133446, 0.20705864152007222]
[432.8133792321283, 94.1618122306415, 0.20705864152007222]
[426.0852698325099, 92.74844246994853, 0.20705864152007222]
[419.35716043289153, 91.33507270925557, 0.20705864152007222]
[408.37902178653917, 89.5284175035945, 0.15917058686379276]
[399.19931859413896, 88.0548129632293, 0.15917058686379276]
[390.01961540173886, 86.58120842286411, 0.15917058686379276]
[380.83991220933865, 85.1076038824989, 0.15917058686379276]
[371.6602090169385, 83.6339993421337, 0.15917058686379276]
[362.48050582453834, 82.16039480176852, 0.15917058686379276]
[353.3008026321382, 80.68679026140332, 0.15917058686379276]
[344.12109943973803, 79.21318572103812, 0.15917058686379276]
[334.9413962473378, 77.73958118067291, 0.15917058686379276]
[325.7616930549377, 76.26597664030773, 0.15917058686379276]
[316.5819898625375, 74.79237209994253, 0.15917058686379276]
[307.40228667013736, 73.31876755957732, 0.15917058686379276]
[298.2225834777372, 71.84516301921212, 0.15917058686379276]
[289.04288028533705, 70.37155847884694, 0.15917058686379276]
[279.8631770929369, 68.89795393848173, 0.15917058686379276]
[270.6834739005367, 67.42434939811653, 0.15917058686379276]
[261.5037707081365, 65.95074485775133, 0.15917058686379276]
[252.32406751573637, 64.47714031738614, 0.15917058686379276]
[243.14436432333622, 63.00353577702094, 0.15917058686379276]
[233.34902337376008, 62.02002583799876, 0.09107911188286096]
[226.1337530695639, 61.36104223965809, 0.09107911188286096]
[218.91848276536774, 60.70205864131742, 0.09107911188286096]
[211.70321246117157, 60.04307504297675, 0.09107911188286096]
[204.4879421569754, 59.384091444636084, 0.09107911188286096]
[197.27267185277924, 58.725107846295415, 0.09107911188286096]
[190.05740154858307, 58.066124247954754, 0.09107911188286096]
[182.8421312443869, 57.407140649614085, 0.09107911188286096]
[175.62686094019074, 56.74815705127342, 0.09107911188286096]
[168.41159063599457, 56.08917345293275, 0.09107911188286096]
[161.19632033179838, 55.43018985459208, 0.09107911188286096]
[153.9810500276022, 54.77120625625141, 0.09107911188286096]
[146.76577972340604, 54.11222265791074, 0.09107911188286096]
[139.55050941920987, 53.45323905957007, 0.09107911188286096]
[132.3352391150137, 52.79425546122941, 0.09107911188286096]
[125.11996881081754, 52.13527186288874, 0.09107911188286096]
[117.90469850662136, 51.476288264548074, 0.09107911188286096]
[110.68942820242519, 50.817304666207406, 0.09107911188286096]
[103.47415789822902, 50.15832106786674, 0.09107911188286096]
>>>> 
>>>> inputs
[40.0, 0.0, 0.05930339957686977]
[40.0, 0.0, 0.05930339957686977]
[40.0, 0.0, 0.05930339957686977]
[40.0, 0.0, 0.05930339957686977]
[40.0, 0.0, 0.05930339957686977]
[40.0, 0.0, 0.05930339957686977]
[40.0, 0.0, 0.05930339957686977]
[40.0, 0.0, 0.05930339957686977]
[40.0, 0.0, 0.05930339957686977]
[40.0, 0.0, 0.05930339957686977]
[40.0, 0.0, 0.05930339957686977]
[40.0, 0.0, 0.05930339957686977]
[40.0, 0.0, 0.05930339957686977]
[40.0, 0.0, 0.05930339957686977]
[40.0, 0.0, 0.05930339957686977]
[40.0, 0.0, 0.05930339957686977]
[40.0, 0.0, 0.05930339957686977]
[40.0, 0.0, 0.05930339957686977]
[40.0, 0.8669840139434847, 0.05930339957686977]
[40.0, 0.0, 0.05930339957686977]
[40.0, 0.0, 0.187624113650292]
[40.0, 0.0, 0.187624113650292]
[40.0, 0.0, 0.187624113650292]
[40.0, 0.0, 0.187624113650292]
[40.0, 0.0, 0.187624113650292]
[40.0, 0.0, 0.187624113650292]
[40.0, 0.0, 0.187624113650292]
[40.0, 0.0, 0.187624113650292]
[40.0, 0.0, 0.187624113650292]
[40.0, 0.0, 0.187624113650292]
[40.0, 0.0, 0.187624113650292]
[40.0, 0.0, 0.187624113650292]
[40.0, 0.0, 0.187624113650292]
[40.0, 0.0, 0.187624113650292]
[40.0, 0.0, 0.187624113650292]
[40.0, 0.0, 0.187624113650292]
[40.0, 0.0, 0.187624113650292]
[40.0, 0.0, 0.187624113650292]
[40.0, 0.0, 0.187624113650292]
[40.0, 0.0, 0.187624113650292]
[40.0, 0.0, 0.18192349652296627]
[40.0, 0.0, 0.18192349652296627]
[40.0, 0.0, 0.18192349652296627]
[40.0, 0.0, 0.18192349652296627]
[40.0, 0.0, 0.18192349652296627]
[40.0, 0.0, 0.18192349652296627]
[40.0, 0.0, 0.18192349652296627]
[40.0, 0.0, 0.18192349652296627]
[40.0, 0.0, 0.18192349652296627]
[40.0, 0.0, 0.18192349652296627]
[40.0, 0.0, 0.18192349652296627]
[40.0, 0.0, 0.18192349652296627]
[40.0, 0.0, 0.18192349652296627]
[40.0, 0.0, 0.18192349652296627]
[40.0, 0.0, 0.18192349652296627]
[40.0, 0.0, 0.18192349652296627]
[40.0, 0.8669840139434847, 0.18192349652296627]
[40.0, 0.0, 0.18192349652296627]
[40.0, 0.0, 0.18192349652296627]
[40.0, 0.0, 0.18192349652296627]
[40.0, 0.0, 0.10455903634303057]
[40.0, 0.0, 0.10455903634303057]
[40.0, 0.0, 0.10455903634303057]
[40.0, 0.0, 0.10455903634303057]
[40.0, 0.0, 0.10455903634303057]
[40.0, 0.0, 0.10455903634303057]
[40.0, 0.0, 0.10455903634303057]
[40.0, 0.0, 0.10455903634303057]
[40.0, 0.0, 0.10455903634303057]
[40.0, 0.0, 0.10455903634303057]
[40.0, 0.0, 0.10455903634303057]
[40.0, 0.0, 0.10455903634303057]
[40.0, 0.0, 0.10455903634303057]
[40.0, 0.0, 0.10455903634303057]
[40.0, 0.0, 0.10455903634303057]
[40.0, 0.8669840139434847, 0.10455903634303057]
[40.0, 0.0, 0.10455903634303057]
[40.0, 0.0, 0.10455903634303057]
[40.0, 0.0, 0.10455903634303057]
[40.0, 0.0, 0.10455903634303057]
[40.0, 0.0, 0.24275264989703227]
[40.0, 0.0, 0.24275264989703227]
[40.0, 0.0, 0.24275264989703227]
[40.0, 0.0, 0.24275264989703227]
[40.0, 0.0, 0.24275264989703227]
[40.0, 0.0, 0.24275264989703227]
[40.0, 0.0, 0.24275264989703227]
[40.0, 0.0, 0.24275264989703227]
[40.0, 0.0, 0.24275264989703227]
[40.0, 0.0, 0.24275264989703227]
[40.0, 0.0, 0.24275264989703227]
[40.0, 0.0, 0.24275264989703227]
[40.0, 0.0, 0.24275264989703227]
[40.0, 0.0, 0.24275264989703227]
[40.0, 0.8669840139434847, 0.24275264989703227]
[40.0, 0.0, 0.24275264989703227]
[40.0, 0.0, 0.24275264989703227]
[40.0, 0.0, 0.24275264989703227]
[40.0, 0.0, 0.24275264989703227]
[40.0, 0.0, 0.24275264989703227]
[40.0, 0.0, 0.11009902957640408]
[40.0, 0.0, 0.11009902957640408]
[40.0, 0.0, 0.11009902957640408]
[40.0, 0.0, 0.11009902957640408]
[40.0, 0.0, 0.11009902957640408]
[40.0, 0.0, 0.11009902957640408]
[40.0, 0.0, 0.11009902957640408]
[40.0, 0.0, 0.11009902957640408]
[40.0, 0.0, 0.11009902957640408]
[40.0, 0.0, 0.11009902957640408]
[40.0, 0.0, 0.11009902957640408]
[40.0, 0.0, 0.11009902957640408]
[40.0, 0.0, 0.11009902957640408]
[40.0, -0.8669840139434847, 0.11009902957640408]
[40.0, 0.0, 0.11009902957640408]
[40.0, 0.0, 0.11009902957640408]
[40.0, 0.0, 0.11009902957640408]
[40.0, 0.0, 0.11009902957640408]
[40.0, 0.0, 0.11009902957640408]
[40.0, 0.0, 0.11009902957640408]
[40.0, 0.0, 0.16556677784488744]
[40.0, 0.0, 0.16556677784488744]
[40.0, 0.0, 0.16556677784488744]
[40.0, 0.0, 0.16556677784488744]
[40.0, 0.0, 0.16556677784488744]
[40.0, 0.0, 0.16556677784488744]
[40.0, 0.0, 0.16556677784488744]
[40.0, 0.0, 0.16556677784488744]
[40.0, 0.0, 0.16556677784488744]
[40.0, 0.0, 0.16556677784488744]
[40.0, 0.0, 0.16556677784488744]
[40.0, 0.0, 0.16556677784488744]
[40.0, 0.0, 0.16556677784488744]
[40.0, 0.0, 0.16556677784488744]
[40.0, 0.0, 0.16556677784488744]
[40.0, 0.0, 0.16556677784488744]
[40.0, 0.0, 0.16556677784488744]
[40.0, 0.0, 0.16556677784488744]
[40.0, 0.0, 0.16556677784488744]
[40.0, 0.0, 0.16556677784488744]
[40.0, 0.0, 0.22406030948750333]
[40.0, 0.0, 0.22406030948750333]
[40.0, 0.0, 0.22406030948750333]
[40.0, 0.0, 0.22406030948750333]
[40.0, 0.0, 0.22406030948750333]
[40.0, 0.0, 0.22406030948750333]
[40.0, 0.0, 0.22406030948750333]
[40.0, 0.0, 0.22406030948750333]
[40.0, 0.0, 0.22406030948750333]
[40.0, 0.0, 0.22406030948750333]
[40.0, 0.0, 0.22406030948750333]
[40.0, 0.0, 0.22406030948750333]
[40.0, 0.0, 0.22406030948750333]
[40.0, 0.0, 0.22406030948750333]
[40.0, 0.0, 0.22406030948750333]
[40.0, 0.0, 0.22406030948750333]
[40.0, 0.0, 0.22406030948750333]
[40.0, 0.0, 0.22406030948750333]
[40.0, 0.0, 0.22406030948750333]
[40.0, 0.0, 0.22406030948750333]
[40.0, 0.0, 0.17642460333064874]
[40.0, 0.0, 0.17642460333064874]
[40.0, 0.0, 0.17642460333064874]
[40.0, 0.0, 0.17642460333064874]
[40.0, 0.0, 0.17642460333064874]
[40.0, 0.0, 0.17642460333064874]
[40.0, 0.0, 0.17642460333064874]
[40.0, 0.0, 0.17642460333064874]
[40.0, 0.0, 0.17642460333064874]
[40.0, 0.0, 0.17642460333064874]
[40.0, 0.0, 0.17642460333064874]
>>>> 
----------------------------
Path number   : 1
Path length   : 1146.0486011712226
Time required : 61.24445080757141 s
>>>> Nodes
[1086.29627611322, 499.41030883028924, 1.2774938334110262]
[1085.6377638507124, 497.22989799355906, 1.2774938334110262]
[1084.9792515882048, 495.0494871568289, 1.2774938334110262]
[1084.320739325697, 492.86907632009866, 1.2774938334110262]
[1083.6622270631894, 490.6886654833685, 1.2774938334110262]
[1083.0037148006818, 488.5082546466383, 1.2774938334110262]
[1082.3452025381741, 486.32784380990813, 1.2774938334110262]
[1081.6866902756663, 484.1474329731779, 1.2774938334110262]
[1081.0281780131586, 481.9670221364477, 1.2774938334110262]
[1080.369665750651, 479.78661129971755, 1.2774938334110262]
[1079.7111534881433, 477.6062004629874, 1.2774938334110262]
[1079.0526412256356, 475.42578962625714, 1.2774938334110262]
[1078.394128963128, 473.24537878952697, 1.2774938334110262]
[1077.7356167006203, 471.0649679527968, 1.2774938334110262]
[1077.7356167006203, 471.0649679527968, 1.2774938334110266]
[1076.8956099753884, 468.59236221808106, 1.2091143180979023]
[1075.8886224661253, 466.1829293856551, 1.140734802784778]
[1074.7193607685113, 463.8479309915921, 1.0723552874716538]
[1073.3932899374795, 461.5982806701265, 1.0039757721585296]
[1071.9166079438958, 459.44449314402056, 0.9355962568454054]
[1067.7456112868394, 453.7859089256045, 0.9355962568454039]
[1063.5746146297831, 448.12732470718845, 0.9355962568454039]
[1059.403617972727, 442.4687404887724, 0.9355962568454039]
[1055.2326213156707, 436.8101562703564, 0.9355962568454039]
[1051.0616246586144, 431.1515720519403, 0.9355962568454039]
[1046.890628001558, 425.49298783352435, 0.9355962568454039]
[1042.7196313445017, 419.8344036151083, 0.9355962568454039]
[1038.5486346874454, 414.17581939669225, 0.9355962568454039]
[1034.3776380303893, 408.5172351782762, 0.9355962568454039]
[1030.206641373333, 402.8586509598602, 0.9355962568454039]
[1026.0356447162767, 397.2000667414442, 0.9355962568454039]
[1021.8646480592204, 391.54148252302815, 0.9355962568454039]
[1017.6936514021642, 385.8828983046121, 0.9355962568454039]
[1013.5226547451078, 380.2243140861961, 0.9355962568454039]
[1009.3516580880516, 374.56572986778, 0.9355962568454039]
[1005.1806614309953, 368.907145649364, 0.9355962568454039]
[1001.009664773939, 363.248561430948, 0.9355962568454039]
[996.8386681168828, 357.58997721253195, 0.9355962568454039]
[992.6676714598265, 351.9313929941159, 0.9355962568454039]
[983.7830585068226, 342.374951945167, 0.7914479642656999]
[978.4729891724718, 337.0002410293506, 0.7914479642656999]
[973.1629198381211, 331.6255301135341, 0.7914479642656999]
[967.8528505037704, 326.25081919771765, 0.7914479642656999]
[962.5427811694195, 320.8761082819012, 0.7914479642656999]
[957.2327118350688, 315.50139736608475, 0.7914479642656999]
[951.9226425007181, 310.12668645026827, 0.7914479642656999]
[946.6125731663673, 304.75197553445184, 0.7914479642656999]
[941.3025038320166, 299.37726461863537, 0.7914479642656999]
[935.9924344976658, 294.0025537028189, 0.7914479642656999]
[930.682365163315, 288.62784278700246, 0.7914479642656999]
[925.3722958289643, 283.253131871186, 0.7914479642656999]
[920.0622264946136, 277.8784209553695, 0.7914479642656999]
[914.7521571602628, 272.5037100395531, 0.7914479642656999]
[909.442087825912, 267.1289991237366, 0.7914479642656999]
[904.1320184915613, 261.7542882079201, 0.7914479642656999]
[898.8219491572105, 256.3795772921037, 0.7914479642656999]
[893.5118798228598, 251.00486637628723, 0.7914479642656999]
[886.0323377071309, 245.12101600080308, 0.5416584087592557]
[882.3130447218703, 242.88316885008794, 0.5416584087592552]
[878.5937517366095, 240.64532169937283, 0.5416584087592552]
[874.8744587513489, 238.40747454865772, 0.5416584087592552]
[871.1551657660883, 236.16962739794258, 0.5416584087592552]
[867.4358727808277, 233.93178024722746, 0.5416584087592552]
[863.716579795567, 231.69393309651232, 0.5416584087592552]
[859.9972868103064, 229.4560859457972, 0.5416584087592552]
[856.2779938250458, 227.21823879508207, 0.5416584087592552]
[852.5587008397852, 224.98039164436696, 0.5416584087592552]
[848.8394078545244, 222.74254449365185, 0.5416584087592552]
[845.1201148692638, 220.5046973429367, 0.5416584087592552]
[841.4008218840032, 218.2668501922216, 0.5416584087592552]
[837.6815288987425, 216.02900304150646, 0.5416584087592552]
[833.9622359134819, 213.79115589079134, 0.5416584087592552]
[830.2429429282213, 211.5533087400762, 0.5416584087592552]
[826.5236499429607, 209.3154615893611, 0.5416584087592552]
[822.8043569577, 207.07761443864595, 0.5416584087592552]
[819.0850639724393, 204.83976728793084, 0.5416584087592552]
[814.1702459605635, 202.34656723473796, 0.3972544740300419]
[804.7694844000744, 198.40237748242953, 0.3972544740300426]
[795.3687228395853, 194.4581877301211, 0.3972544740300426]
[785.9679612790962, 190.51399797781264, 0.3972544740300426]
[776.5671997186071, 186.5698082255042, 0.3972544740300426]
[767.166438158118, 182.62561847319577, 0.3972544740300426]
[757.765676597629, 178.6814287208873, 0.3972544740300426]
[748.3649150371399, 174.73723896857888, 0.3972544740300426]
[738.9641534766507, 170.79304921627045, 0.3972544740300426]
[729.5633919161617, 166.84885946396201, 0.3972544740300426]
[720.1626303556726, 162.90466971165355, 0.3972544740300426]
[710.7618687951834, 158.96047995934512, 0.3972544740300426]
[701.3611072346944, 155.0162902070367, 0.3972544740300426]
[691.9603456742053, 151.07210045472823, 0.3972544740300426]
[682.5595841137161, 147.1279107024198, 0.3972544740300426]
[673.1588225532271, 143.18372095011136, 0.3972544740300426]
[663.758060992738, 139.23953119780293, 0.3972544740300426]
[654.3572994322489, 135.29534144549447, 0.3972544740300426]
[644.9565378717598, 131.35115169318604, 0.3972544740300426]
[634.6439056511773, 128.6385196739954, 0.1171719307320036]
[629.9736052885489, 128.08877338750884, 0.11717193073200406]
[625.3033049259204, 127.53902710102221, 0.11717193073200406]
[620.633004563292, 126.98928081453562, 0.11717193073200406]
[615.9627042006637, 126.43953452804901, 0.11717193073200406]
[611.2924038380352, 125.8897882415624, 0.11717193073200406]
[606.6221034754068, 125.34004195507579, 0.11717193073200406]
[601.9518031127784, 124.7902956685892, 0.11717193073200406]
[597.2815027501499, 124.24054938210259, 0.11717193073200406]
[592.6112023875215, 123.69080309561598, 0.11717193073200406]
[587.9409020248931, 123.14105680912937, 0.11717193073200406]
[583.2706016622647, 122.59131052264276, 0.11717193073200406]
[578.6003012996363, 122.04156423615616, 0.11717193073200406]
[573.9300009370079, 121.49181794966955, 0.11717193073200406]
[569.2597005743794, 120.94207166318294, 0.11717193073200406]
[564.589400211751, 120.39232537669633, 0.11717193073200406]
[559.9190998491226, 119.84257909020974, 0.11717193073200406]
[555.2487994864941, 119.29283280372313, 0.11717193073200406]
[550.5784991238658, 118.74308651723652, 0.11717193073200406]
[547.1912390256405, 118.18909816242186, 0.20705864152007125]
[540.4631296260221, 116.7757284017289, 0.20705864152007222]
[533.7350202264038, 115.36235864103594, 0.20705864152007222]
[527.0069108267853, 113.94898888034297, 0.20705864152007222]
[520.278801427167, 112.53561911965001, 0.20705864152007222]
[513.5506920275486, 111.12224935895705, 0.20705864152007222]
[506.8225826279303, 109.70887959826408, 0.20705864152007222]
[500.0944732283119, 108.29550983757112, 0.20705864152007222]
[493.3663638286936, 106.88214007687816, 0.20705864152007222]
[486.6382544290752, 105.4687703161852, 0.20705864152007222]
[479.9101450294568, 104.05540055549223, 0.20705864152007222]
[473.1820356298384, 102.64203079479927, 0.20705864152007222]
[466.4539262302201, 101.22866103410631, 0.20705864152007222]
[459.72581683060173, 99.81529127341335, 0.20705864152007222]
[452.9977074309834, 98.40192151272038, 0.20705864152007222]
[446.269598031365, 96.98855175202742, 0.20705864152007222]
[439.54148863174663, 95.57518199133446, 0.20705864152007222]
[432.8133792321283, 94.1618122306415, 0.20705864152007222]
[426.0852698325099, 92.74844246994853, 0.20705864152007222]
[419.35716043289153, 91.33507270925557, 0.20705864152007222]
[408.37902178653917, 89.5284175035945, 0.15917058686379276]
[399.19931859413896, 88.0548129632293, 0.15917058686379276]
[390.01961540173886, 86.58120842286411, 0.15917058686379276]
[380.83991220933865, 85.1076038824989, 0.15917058686379276]
[371.6602090169385, 83.6339993421337, 0.15917058686379276]
[362.48050582453834, 82.16039480176852, 0.15917058686379276]
[353.3008026321382, 80.68679026140332, 0.15917058686379276]
[344.12109943973803, 79.21318572103812, 0.15917058686379276]
[334.9413962473378, 77.73958118067291, 0.15917058686379276]
[325.7616930549377, 76.26597664030773, 0.15917058686379276]
[316.5819898625375, 74.79237209994253, 0.15917058686379276]
[307.40228667013736, 73.31876755957732, 0.15917058686379276]
[298.2225834777372, 71.84516301921212, 0.15917058686379276]
[289.04288028533705, 70.37155847884694, 0.15917058686379276]
[279.8631770929369, 68.89795393848173, 0.15917058686379276]
[270.6834739005367, 67.42434939811653, 0.15917058686379276]
[261.5037707081365, 65.95074485775133, 0.15917058686379276]
[252.32406751573637, 64.47714031738614, 0.15917058686379276]
[243.14436432333622, 63.00353577702094, 0.15917058686379276]
[233.34902337376008, 62.02002583799876, 0.09107911188286096]
[226.1337530695639, 61.36104223965809, 0.09107911188286096]
[218.91848276536774, 60.70205864131742, 0.09107911188286096]
[211.70321246117157, 60.04307504297675, 0.09107911188286096]
[204.4879421569754, 59.384091444636084, 0.09107911188286096]
[197.27267185277924, 58.725107846295415, 0.09107911188286096]
[190.05740154858307, 58.066124247954754, 0.09107911188286096]
[182.8421312443869, 57.407140649614085, 0.09107911188286096]
[175.62686094019074, 56.74815705127342, 0.09107911188286096]
[168.41159063599457, 56.08917345293275, 0.09107911188286096]
[161.19632033179838, 55.43018985459208, 0.09107911188286096]
[153.9810500276022, 54.77120625625141, 0.09107911188286096]
[146.76577972340604, 54.11222265791074, 0.09107911188286096]
[139.55050941920987, 53.45323905957007, 0.09107911188286096]
[132.3352391150137, 52.79425546122941, 0.09107911188286096]
[125.11996881081754, 52.13527186288874, 0.09107911188286096]
[117.90469850662136, 51.476288264548074, 0.09107911188286096]
[110.68942820242519, 50.817304666207406, 0.09107911188286096]
[103.47415789822902, 50.15832106786674, 0.09107911188286096]
>>>> 
>>>> inputs
[40.0, 0.0, 0.053336719767204686]
[40.0, 0.0, 0.053336719767204686]
[40.0, 0.0, 0.053336719767204686]
[40.0, 0.0, 0.053336719767204686]
[40.0, 0.0, 0.053336719767204686]
[40.0, 0.0, 0.053336719767204686]
[40.0, 0.0, 0.053336719767204686]
[40.0, 0.0, 0.053336719767204686]
[40.0, 0.0, 0.053336719767204686]
[40.0, 0.0, 0.053336719767204686]
[40.0, 0.0, 0.053336719767204686]
[40.0, 0.0, 0.053336719767204686]
[40.0, 0.0, 0.053336719767204686]
[40.0, 0.8669840139434847, 0.053336719767204686]
[40.0, 0.8669840139434847, 0.053336719767204686]
[40.0, 0.8669840139434847, 0.053336719767204686]
[40.0, 0.8669840139434847, 0.053336719767204686]
[40.0, 0.8669840139434847, 0.053336719767204686]
[40.0, 0.8669840139434847, 0.053336719767204686]
[40.0, 0.0, 0.053336719767204686]
[40.0, 0.0, 0.1738381286943508]
[40.0, 0.0, 0.1738381286943508]
[40.0, 0.0, 0.1738381286943508]
[40.0, 0.0, 0.1738381286943508]
[40.0, 0.0, 0.1738381286943508]
[40.0, 0.0, 0.1738381286943508]
[40.0, 0.0, 0.1738381286943508]
[40.0, 0.0, 0.1738381286943508]
[40.0, 0.0, 0.1738381286943508]
[40.0, 0.0, 0.1738381286943508]
[40.0, 0.0, 0.1738381286943508]
[40.0, 0.0, 0.1738381286943508]
[40.0, 0.0, 0.1738381286943508]
[40.0, 0.0, 0.1738381286943508]
[40.0, 0.0, 0.1738381286943508]
[40.0, 0.0, 0.1738381286943508]
[40.0, 0.0, 0.1738381286943508]
[40.0, 0.0, 0.1738381286943508]
[40.0, 0.0, 0.1738381286943508]
[40.0, 0.0, 0.1738381286943508]
[40.0, 0.0, 0.18192349652296627]
[40.0, 0.0, 0.18192349652296627]
[40.0, 0.0, 0.18192349652296627]
[40.0, 0.0, 0.18192349652296627]
[40.0, 0.0, 0.18192349652296627]
[40.0, 0.0, 0.18192349652296627]
[40.0, 0.0, 0.18192349652296627]
[40.0, 0.0, 0.18192349652296627]
[40.0, 0.0, 0.18192349652296627]
[40.0, 0.0, 0.18192349652296627]
[40.0, 0.0, 0.18192349652296627]
[40.0, 0.0, 0.18192349652296627]
[40.0, 0.0, 0.18192349652296627]
[40.0, 0.0, 0.18192349652296627]
[40.0, 0.0, 0.18192349652296627]
[40.0, 0.0, 0.18192349652296627]
[40.0, 0.8669840139434847, 0.18192349652296627]
[40.0, 0.0, 0.18192349652296627]
[40.0, 0.0, 0.18192349652296627]
[40.0, 0.0, 0.18192349652296627]
[40.0, 0.0, 0.10455903634303057]
[40.0, 0.0, 0.10455903634303057]
[40.0, 0.0, 0.10455903634303057]
[40.0, 0.0, 0.10455903634303057]
[40.0, 0.0, 0.10455903634303057]
[40.0, 0.0, 0.10455903634303057]
[40.0, 0.0, 0.10455903634303057]
[40.0, 0.0, 0.10455903634303057]
[40.0, 0.0, 0.10455903634303057]
[40.0, 0.0, 0.10455903634303057]
[40.0, 0.0, 0.10455903634303057]
[40.0, 0.0, 0.10455903634303057]
[40.0, 0.0, 0.10455903634303057]
[40.0, 0.0, 0.10455903634303057]
[40.0, 0.0, 0.10455903634303057]
[40.0, 0.8669840139434847, 0.10455903634303057]
[40.0, 0.0, 0.10455903634303057]
[40.0, 0.0, 0.10455903634303057]
[40.0, 0.0, 0.10455903634303057]
[40.0, 0.0, 0.10455903634303057]
[40.0, 0.0, 0.24275264989703227]
[40.0, 0.0, 0.24275264989703227]
[40.0, 0.0, 0.24275264989703227]
[40.0, 0.0, 0.24275264989703227]
[40.0, 0.0, 0.24275264989703227]
[40.0, 0.0, 0.24275264989703227]
[40.0, 0.0, 0.24275264989703227]
[40.0, 0.0, 0.24275264989703227]
[40.0, 0.0, 0.24275264989703227]
[40.0, 0.0, 0.24275264989703227]
[40.0, 0.0, 0.24275264989703227]
[40.0, 0.0, 0.24275264989703227]
[40.0, 0.0, 0.24275264989703227]
[40.0, 0.0, 0.24275264989703227]
[40.0, 0.8669840139434847, 0.24275264989703227]
[40.0, 0.0, 0.24275264989703227]
[40.0, 0.0, 0.24275264989703227]
[40.0, 0.0, 0.24275264989703227]
[40.0, 0.0, 0.24275264989703227]
[40.0, 0.0, 0.24275264989703227]
[40.0, 0.0, 0.11009902957640408]
[40.0, 0.0, 0.11009902957640408]
[40.0, 0.0, 0.11009902957640408]
[40.0, 0.0, 0.11009902957640408]
[40.0, 0.0, 0.11009902957640408]
[40.0, 0.0, 0.11009902957640408]
[40.0, 0.0, 0.11009902957640408]
[40.0, 0.0, 0.11009902957640408]
[40.0, 0.0, 0.11009902957640408]
[40.0, 0.0, 0.11009902957640408]
[40.0, 0.0, 0.11009902957640408]
[40.0, 0.0, 0.11009902957640408]
[40.0, 0.0, 0.11009902957640408]
[40.0, -0.8669840139434847, 0.11009902957640408]
[40.0, 0.0, 0.11009902957640408]
[40.0, 0.0, 0.11009902957640408]
[40.0, 0.0, 0.11009902957640408]
[40.0, 0.0, 0.11009902957640408]
[40.0, 0.0, 0.11009902957640408]
[40.0, 0.0, 0.11009902957640408]
[40.0, 0.0, 0.16556677784488744]
[40.0, 0.0, 0.16556677784488744]
[40.0, 0.0, 0.16556677784488744]
[40.0, 0.0, 0.16556677784488744]
[40.0, 0.0, 0.16556677784488744]
[40.0, 0.0, 0.16556677784488744]
[40.0, 0.0, 0.16556677784488744]
[40.0, 0.0, 0.16556677784488744]
[40.0, 0.0, 0.16556677784488744]
[40.0, 0.0, 0.16556677784488744]
[40.0, 0.0, 0.16556677784488744]
[40.0, 0.0, 0.16556677784488744]
[40.0, 0.0, 0.16556677784488744]
[40.0, 0.0, 0.16556677784488744]
[40.0, 0.0, 0.16556677784488744]
[40.0, 0.0, 0.16556677784488744]
[40.0, 0.0, 0.16556677784488744]
[40.0, 0.0, 0.16556677784488744]
[40.0, 0.0, 0.16556677784488744]
[40.0, 0.0, 0.16556677784488744]
[40.0, 0.0, 0.22406030948750333]
[40.0, 0.0, 0.22406030948750333]
[40.0, 0.0, 0.22406030948750333]
[40.0, 0.0, 0.22406030948750333]
[40.0, 0.0, 0.22406030948750333]
[40.0, 0.0, 0.22406030948750333]
[40.0, 0.0, 0.22406030948750333]
[40.0, 0.0, 0.22406030948750333]
[40.0, 0.0, 0.22406030948750333]
[40.0, 0.0, 0.22406030948750333]
[40.0, 0.0, 0.22406030948750333]
[40.0, 0.0, 0.22406030948750333]
[40.0, 0.0, 0.22406030948750333]
[40.0, 0.0, 0.22406030948750333]
[40.0, 0.0, 0.22406030948750333]
[40.0, 0.0, 0.22406030948750333]
[40.0, 0.0, 0.22406030948750333]
[40.0, 0.0, 0.22406030948750333]
[40.0, 0.0, 0.22406030948750333]
[40.0, 0.0, 0.22406030948750333]
[40.0, 0.0, 0.17642460333064874]
[40.0, 0.0, 0.17642460333064874]
[40.0, 0.0, 0.17642460333064874]
[40.0, 0.0, 0.17642460333064874]
[40.0, 0.0, 0.17642460333064874]
[40.0, 0.0, 0.17642460333064874]
[40.0, 0.0, 0.17642460333064874]
[40.0, 0.0, 0.17642460333064874]
[40.0, 0.0, 0.17642460333064874]
[40.0, 0.0, 0.17642460333064874]
[40.0, 0.0, 0.17642460333064874]
>>>> 
----------------------------
Path number   : 2
Path length   : 1141.8694419274702
Time required : 85.1278989315033 s
>>>> Nodes
[1089.7517383492068, 493.52401868646444, 1.1024433564479252]
[1088.8455993180442, 491.7328605837817, 1.1024433564479252]
[1087.9394602868815, 489.94170248109896, 1.1024433564479252]
[1087.0333212557189, 488.1505443784162, 1.1024433564479252]
[1086.1271822245562, 486.35938627573347, 1.1024433564479252]
[1085.2210431933938, 484.5682281730507, 1.1024433564479252]
[1084.3149041622312, 482.777070070368, 1.1024433564479252]
[1083.4087651310685, 480.98591196768524, 1.1024433564479252]
[1082.502626099906, 479.19475386500255, 1.1024433564479252]
[1081.5964870687433, 477.4035957623198, 1.1024433564479252]
[1080.6903480375806, 475.61243765963707, 1.1024433564479252]
[1079.784209006418, 473.8212795569543, 1.1024433564479252]
[1078.8780699752556, 472.0301214542716, 1.1024433564479252]
[1077.971930944093, 470.23896335158884, 1.1024433564479252]
[1077.0657919129303, 468.4478052489061, 1.1024433564479252]
[1076.1596528817677, 466.65664714622335, 1.1024433564479252]
[1075.253513850605, 464.8654890435406, 1.1024433564479252]
[1075.253513850605, 464.8654890435406, 1.1024433564479246]
[1073.6981861930617, 462.0853565700163, 1.019019806646665]
[1071.9166079438958, 459.44449314402056, 0.9355962568454054]
[1067.7456112868394, 453.7859089256045, 0.9355962568454039]
[1063.5746146297831, 448.12732470718845, 0.9355962568454039]
[1059.403617972727, 442.4687404887724, 0.9355962568454039]
[1055.2326213156707, 436.8101562703564, 0.9355962568454039]
[1051.0616246586144, 431.1515720519403, 0.9355962568454039]
[1046.890628001558, 425.49298783352435, 0.9355962568454039]
[1042.7196313445017, 419.8344036151083, 0.9355962568454039]
[1038.5486346874454, 414.17581939669225, 0.9355962568454039]
[1034.3776380303893, 408.5172351782762, 0.9355962568454039]
[1030.206641373333, 402.8586509598602, 0.9355962568454039]
[1026.0356447162767, 397.2000667414442, 0.9355962568454039]
[1021.8646480592204, 391.54148252302815, 0.9355962568454039]
[1017.6936514021642, 385.8828983046121, 0.9355962568454039]
[1013.5226547451078, 380.2243140861961, 0.9355962568454039]
[1009.3516580880516, 374.56572986778, 0.9355962568454039]
[1005.1806614309953, 368.907145649364, 0.9355962568454039]
[1001.009664773939, 363.248561430948, 0.9355962568454039]
[996.8386681168828, 357.58997721253195, 0.9355962568454039]
[992.6676714598265, 351.9313929941159, 0.9355962568454039]
[983.7830585068226, 342.374951945167, 0.7914479642656999]
[978.4729891724718, 337.0002410293506, 0.7914479642656999]
[973.1629198381211, 331.6255301135341, 0.7914479642656999]
[967.8528505037704, 326.25081919771765, 0.7914479642656999]
[962.5427811694195, 320.8761082819012, 0.7914479642656999]
[957.2327118350688, 315.50139736608475, 0.7914479642656999]
[951.9226425007181, 310.12668645026827, 0.7914479642656999]
[946.6125731663673, 304.75197553445184, 0.7914479642656999]
[941.3025038320166, 299.37726461863537, 0.7914479642656999]
[935.9924344976658, 294.0025537028189, 0.7914479642656999]
[930.682365163315, 288.62784278700246, 0.7914479642656999]
[925.3722958289643, 283.253131871186, 0.7914479642656999]
[920.0622264946136, 277.8784209553695, 0.7914479642656999]
[914.7521571602628, 272.5037100395531, 0.7914479642656999]
[909.442087825912, 267.1289991237366, 0.7914479642656999]
[904.1320184915613, 261.7542882079201, 0.7914479642656999]
[898.8219491572105, 256.3795772921037, 0.7914479642656999]
[893.5118798228598, 251.00486637628723, 0.7914479642656999]
[886.0323377071309, 245.12101600080308, 0.5416584087592557]
[882.3130447218703, 242.88316885008794, 0.5416584087592552]
[878.5937517366095, 240.64532169937283, 0.5416584087592552]
[874.8744587513489, 238.40747454865772, 0.5416584087592552]
[871.1551657660883, 236.16962739794258, 0.5416584087592552]
[867.4358727808277, 233.93178024722746, 0.5416584087592552]
[863.716579795567, 231.69393309651232, 0.5416584087592552]
[859.9972868103064, 229.4560859457972, 0.5416584087592552]
[856.2779938250458, 227.21823879508207, 0.5416584087592552]
[852.5587008397852, 224.98039164436696, 0.5416584087592552]
[848.8394078545244, 222.74254449365185, 0.5416584087592552]
[845.1201148692638, 220.5046973429367, 0.5416584087592552]
[841.4008218840032, 218.2668501922216, 0.5416584087592552]
[837.6815288987425, 216.02900304150646, 0.5416584087592552]
[833.9622359134819, 213.79115589079134, 0.5416584087592552]
[830.2429429282213, 211.5533087400762, 0.5416584087592552]
[826.5236499429607, 209.3154615893611, 0.5416584087592552]
[822.8043569577, 207.07761443864595, 0.5416584087592552]
[819.0850639724393, 204.83976728793084, 0.5416584087592552]
[814.1702459605635, 202.34656723473796, 0.3972544740300419]
[804.7694844000744, 198.40237748242953, 0.3972544740300426]
[795.3687228395853, 194.4581877301211, 0.3972544740300426]
[785.9679612790962, 190.51399797781264, 0.3972544740300426]
[776.5671997186071, 186.5698082255042, 0.3972544740300426]
[767.166438158118, 182.62561847319577, 0.3972544740300426]
[757.765676597629, 178.6814287208873, 0.3972544740300426]
[748.3649150371399, 174.73723896857888, 0.3972544740300426]
[738.9641534766507, 170.79304921627045, 0.3972544740300426]
[729.5633919161617, 166.84885946396201, 0.3972544740300426]
[720.1626303556726, 162.90466971165355, 0.3972544740300426]
[710.7618687951834, 158.96047995934512, 0.3972544740300426]
[701.3611072346944, 155.0162902070367, 0.3972544740300426]
[691.9603456742053, 151.07210045472823, 0.3972544740300426]
[682.5595841137161, 147.1279107024198, 0.3972544740300426]
[673.1588225532271, 143.18372095011136, 0.3972544740300426]
[663.758060992738, 139.23953119780293, 0.3972544740300426]
[654.3572994322489, 135.29534144549447, 0.3972544740300426]
[644.9565378717598, 131.35115169318604, 0.3972544740300426]
[634.6439056511773, 128.6385196739954, 0.1171719307320036]
[629.9736052885489, 128.08877338750884, 0.11717193073200406]
[625.3033049259204, 127.53902710102221, 0.11717193073200406]
[620.633004563292, 126.98928081453562, 0.11717193073200406]
[615.9627042006637, 126.43953452804901, 0.11717193073200406]
[611.2924038380352, 125.8897882415624, 0.11717193073200406]
[606.6221034754068, 125.34004195507579, 0.11717193073200406]
[601.9518031127784, 124.7902956685892, 0.11717193073200406]
[597.2815027501499, 124.24054938210259, 0.11717193073200406]
[592.6112023875215, 123.69080309561598, 0.11717193073200406]
[587.9409020248931, 123.14105680912937, 0.11717193073200406]
[583.2706016622647, 122.59131052264276, 0.11717193073200406]
[578.6003012996363, 122.04156423615616, 0.11717193073200406]
[573.9300009370079, 121.49181794966955, 0.11717193073200406]
[569.2597005743794, 120.94207166318294, 0.11717193073200406]
[564.589400211751, 120.39232537669633, 0.11717193073200406]
[559.9190998491226, 119.84257909020974, 0.11717193073200406]
[555.2487994864941, 119.29283280372313, 0.11717193073200406]
[550.5784991238658, 118.74308651723652, 0.11717193073200406]
[547.1912390256405, 118.18909816242186, 0.20705864152007125]
[540.4631296260221, 116.7757284017289, 0.20705864152007222]
[533.7350202264038, 115.36235864103594, 0.20705864152007222]
[527.0069108267853, 113.94898888034297, 0.20705864152007222]
[520.278801427167, 112.53561911965001, 0.20705864152007222]
[513.5506920275486, 111.12224935895705, 0.20705864152007222]
[506.8225826279303, 109.70887959826408, 0.20705864152007222]
[500.0944732283119, 108.29550983757112, 0.20705864152007222]
[493.3663638286936, 106.88214007687816, 0.20705864152007222]
[486.6382544290752, 105.4687703161852, 0.20705864152007222]
[479.9101450294568, 104.05540055549223, 0.20705864152007222]
[473.1820356298384, 102.64203079479927, 0.20705864152007222]
[466.4539262302201, 101.22866103410631, 0.20705864152007222]
[459.72581683060173, 99.81529127341335, 0.20705864152007222]
[452.9977074309834, 98.40192151272038, 0.20705864152007222]
[446.269598031365, 96.98855175202742, 0.20705864152007222]
[439.54148863174663, 95.57518199133446, 0.20705864152007222]
[432.8133792321283, 94.1618122306415, 0.20705864152007222]
[426.0852698325099, 92.74844246994853, 0.20705864152007222]
[419.35716043289153, 91.33507270925557, 0.20705864152007222]
[408.37902178653917, 89.5284175035945, 0.15917058686379276]
[399.19931859413896, 88.0548129632293, 0.15917058686379276]
[390.01961540173886, 86.58120842286411, 0.15917058686379276]
[380.83991220933865, 85.1076038824989, 0.15917058686379276]
[371.6602090169385, 83.6339993421337, 0.15917058686379276]
[362.48050582453834, 82.16039480176852, 0.15917058686379276]
[353.3008026321382, 80.68679026140332, 0.15917058686379276]
[344.12109943973803, 79.21318572103812, 0.15917058686379276]
[334.9413962473378, 77.73958118067291, 0.15917058686379276]
[325.7616930549377, 76.26597664030773, 0.15917058686379276]
[316.5819898625375, 74.79237209994253, 0.15917058686379276]
[307.40228667013736, 73.31876755957732, 0.15917058686379276]
[298.2225834777372, 71.84516301921212, 0.15917058686379276]
[289.04288028533705, 70.37155847884694, 0.15917058686379276]
[279.8631770929369, 68.89795393848173, 0.15917058686379276]
[270.6834739005367, 67.42434939811653, 0.15917058686379276]
[261.5037707081365, 65.95074485775133, 0.15917058686379276]
[252.32406751573637, 64.47714031738614, 0.15917058686379276]
[243.14436432333622, 63.00353577702094, 0.15917058686379276]
[233.34902337376008, 62.02002583799876, 0.09107911188286096]
[226.1337530695639, 61.36104223965809, 0.09107911188286096]
[218.91848276536774, 60.70205864131742, 0.09107911188286096]
[211.70321246117157, 60.04307504297675, 0.09107911188286096]
[204.4879421569754, 59.384091444636084, 0.09107911188286096]
[197.27267185277924, 58.725107846295415, 0.09107911188286096]
[190.05740154858307, 58.066124247954754, 0.09107911188286096]
[182.8421312443869, 57.407140649614085, 0.09107911188286096]
[175.62686094019074, 56.74815705127342, 0.09107911188286096]
[168.41159063599457, 56.08917345293275, 0.09107911188286096]
[161.19632033179838, 55.43018985459208, 0.09107911188286096]
[153.9810500276022, 54.77120625625141, 0.09107911188286096]
[146.76577972340604, 54.11222265791074, 0.09107911188286096]
[139.55050941920987, 53.45323905957007, 0.09107911188286096]
[132.3352391150137, 52.79425546122941, 0.09107911188286096]
[125.11996881081754, 52.13527186288874, 0.09107911188286096]
[117.90469850662136, 51.476288264548074, 0.09107911188286096]
[110.68942820242519, 50.817304666207406, 0.09107911188286096]
[103.47415789822902, 50.15832106786674, 0.09107911188286096]
>>>> 
>>>> inputs
[40.0, 0.0, 0.04811277071251426]
[40.0, 0.0, 0.04811277071251426]
[40.0, 0.0, 0.04811277071251426]
[40.0, 0.0, 0.04811277071251426]
[40.0, 0.0, 0.04811277071251426]
[40.0, 0.0, 0.04811277071251426]
[40.0, 0.0, 0.04811277071251426]
[40.0, 0.0, 0.04811277071251426]
[40.0, 0.0, 0.04811277071251426]
[40.0, 0.0, 0.04811277071251426]
[40.0, 0.0, 0.04811277071251426]
[40.0, 0.0, 0.04811277071251426]
[40.0, 0.0, 0.04811277071251426]
[40.0, 0.0, 0.04811277071251426]
[40.0, 0.0, 0.04811277071251426]
[40.0, 0.0, 0.04811277071251426]
[40.0, 0.8669840139434847, 0.04811277071251426]
[40.0, 0.8669840139434847, 0.04811277071251426]
[40.0, 0.8669840139434847, 0.04811277071251426]
[40.0, 0.0, 0.04811277071251426]
[40.0, 0.0, 0.1738381286943508]
[40.0, 0.0, 0.1738381286943508]
[40.0, 0.0, 0.1738381286943508]
[40.0, 0.0, 0.1738381286943508]
[40.0, 0.0, 0.1738381286943508]
[40.0, 0.0, 0.1738381286943508]
[40.0, 0.0, 0.1738381286943508]
[40.0, 0.0, 0.1738381286943508]
[40.0, 0.0, 0.1738381286943508]
[40.0, 0.0, 0.1738381286943508]
[40.0, 0.0, 0.1738381286943508]
[40.0, 0.0, 0.1738381286943508]
[40.0, 0.0, 0.1738381286943508]
[40.0, 0.0, 0.1738381286943508]
[40.0, 0.0, 0.1738381286943508]
[40.0, 0.0, 0.1738381286943508]
[40.0, 0.0, 0.1738381286943508]
[40.0, 0.0, 0.1738381286943508]
[40.0, 0.0, 0.1738381286943508]
[40.0, 0.0, 0.1738381286943508]
[40.0, 0.0, 0.18192349652296627]
[40.0, 0.0, 0.18192349652296627]
[40.0, 0.0, 0.18192349652296627]
[40.0, 0.0, 0.18192349652296627]
[40.0, 0.0, 0.18192349652296627]
[40.0, 0.0, 0.18192349652296627]
[40.0, 0.0, 0.18192349652296627]
[40.0, 0.0, 0.18192349652296627]
[40.0, 0.0, 0.18192349652296627]
[40.0, 0.0, 0.18192349652296627]
[40.0, 0.0, 0.18192349652296627]
[40.0, 0.0, 0.18192349652296627]
[40.0, 0.0, 0.18192349652296627]
[40.0, 0.0, 0.18192349652296627]
[40.0, 0.0, 0.18192349652296627]
[40.0, 0.0, 0.18192349652296627]
[40.0, 0.8669840139434847, 0.18192349652296627]
[40.0, 0.0, 0.18192349652296627]
[40.0, 0.0, 0.18192349652296627]
[40.0, 0.0, 0.18192349652296627]
[40.0, 0.0, 0.10455903634303057]
[40.0, 0.0, 0.10455903634303057]
[40.0, 0.0, 0.10455903634303057]
[40.0, 0.0, 0.10455903634303057]
[40.0, 0.0, 0.10455903634303057]
[40.0, 0.0, 0.10455903634303057]
[40.0, 0.0, 0.10455903634303057]
[40.0, 0.0, 0.10455903634303057]
[40.0, 0.0, 0.10455903634303057]
[40.0, 0.0, 0.10455903634303057]
[40.0, 0.0, 0.10455903634303057]
[40.0, 0.0, 0.10455903634303057]
[40.0, 0.0, 0.10455903634303057]
[40.0, 0.0, 0.10455903634303057]
[40.0, 0.0, 0.10455903634303057]
[40.0, 0.8669840139434847, 0.10455903634303057]
[40.0, 0.0, 0.10455903634303057]
[40.0, 0.0, 0.10455903634303057]
[40.0, 0.0, 0.10455903634303057]
[40.0, 0.0, 0.10455903634303057]
[40.0, 0.0, 0.24275264989703227]
[40.0, 0.0, 0.24275264989703227]
[40.0, 0.0, 0.24275264989703227]
[40.0, 0.0, 0.24275264989703227]
[40.0, 0.0, 0.24275264989703227]
[40.0, 0.0, 0.24275264989703227]
[40.0, 0.0, 0.24275264989703227]
[40.0, 0.0, 0.24275264989703227]
[40.0, 0.0, 0.24275264989703227]
[40.0, 0.0, 0.24275264989703227]
[40.0, 0.0, 0.24275264989703227]
[40.0, 0.0, 0.24275264989703227]
[40.0, 0.0, 0.24275264989703227]
[40.0, 0.0, 0.24275264989703227]
[40.0, 0.8669840139434847, 0.24275264989703227]
[40.0, 0.0, 0.24275264989703227]
[40.0, 0.0, 0.24275264989703227]
[40.0, 0.0, 0.24275264989703227]
[40.0, 0.0, 0.24275264989703227]
[40.0, 0.0, 0.24275264989703227]
[40.0, 0.0, 0.11009902957640408]
[40.0, 0.0, 0.11009902957640408]
[40.0, 0.0, 0.11009902957640408]
[40.0, 0.0, 0.11009902957640408]
[40.0, 0.0, 0.11009902957640408]
[40.0, 0.0, 0.11009902957640408]
[40.0, 0.0, 0.11009902957640408]
[40.0, 0.0, 0.11009902957640408]
[40.0, 0.0, 0.11009902957640408]
[40.0, 0.0, 0.11009902957640408]
[40.0, 0.0, 0.11009902957640408]
[40.0, 0.0, 0.11009902957640408]
[40.0, 0.0, 0.11009902957640408]
[40.0, -0.8669840139434847, 0.11009902957640408]
[40.0, 0.0, 0.11009902957640408]
[40.0, 0.0, 0.11009902957640408]
[40.0, 0.0, 0.11009902957640408]
[40.0, 0.0, 0.11009902957640408]
[40.0, 0.0, 0.11009902957640408]
[40.0, 0.0, 0.11009902957640408]
[40.0, 0.0, 0.16556677784488744]
[40.0, 0.0, 0.16556677784488744]
[40.0, 0.0, 0.16556677784488744]
[40.0, 0.0, 0.16556677784488744]
[40.0, 0.0, 0.16556677784488744]
[40.0, 0.0, 0.16556677784488744]
[40.0, 0.0, 0.16556677784488744]
[40.0, 0.0, 0.16556677784488744]
[40.0, 0.0, 0.16556677784488744]
[40.0, 0.0, 0.16556677784488744]
[40.0, 0.0, 0.16556677784488744]
[40.0, 0.0, 0.16556677784488744]
[40.0, 0.0, 0.16556677784488744]
[40.0, 0.0, 0.16556677784488744]
[40.0, 0.0, 0.16556677784488744]
[40.0, 0.0, 0.16556677784488744]
[40.0, 0.0, 0.16556677784488744]
[40.0, 0.0, 0.16556677784488744]
[40.0, 0.0, 0.16556677784488744]
[40.0, 0.0, 0.16556677784488744]
[40.0, 0.0, 0.22406030948750333]
[40.0, 0.0, 0.22406030948750333]
[40.0, 0.0, 0.22406030948750333]
[40.0, 0.0, 0.22406030948750333]
[40.0, 0.0, 0.22406030948750333]
[40.0, 0.0, 0.22406030948750333]
[40.0, 0.0, 0.22406030948750333]
[40.0, 0.0, 0.22406030948750333]
[40.0, 0.0, 0.22406030948750333]
[40.0, 0.0, 0.22406030948750333]
[40.0, 0.0, 0.22406030948750333]
[40.0, 0.0, 0.22406030948750333]
[40.0, 0.0, 0.22406030948750333]
[40.0, 0.0, 0.22406030948750333]
[40.0, 0.0, 0.22406030948750333]
[40.0, 0.0, 0.22406030948750333]
[40.0, 0.0, 0.22406030948750333]
[40.0, 0.0, 0.22406030948750333]
[40.0, 0.0, 0.22406030948750333]
[40.0, 0.0, 0.22406030948750333]
[40.0, 0.0, 0.17642460333064874]
[40.0, 0.0, 0.17642460333064874]
[40.0, 0.0, 0.17642460333064874]
[40.0, 0.0, 0.17642460333064874]
[40.0, 0.0, 0.17642460333064874]
[40.0, 0.0, 0.17642460333064874]
[40.0, 0.0, 0.17642460333064874]
[40.0, 0.0, 0.17642460333064874]
[40.0, 0.0, 0.17642460333064874]
[40.0, 0.0, 0.17642460333064874]
[40.0, 0.0, 0.17642460333064874]
>>>> 
