----------------------------
RRT search Summary          
----------------------------
Map Name               : Random
Total paths found      : 1
Total number of nodes  : 850
Total elapsed time     : 57.43286609649658 s
Solver                 : RRTstar 
----------------------------
Path number   : 0
Path length   : 1239.375122660372
Time required : 20.785106897354126 s
>>>> Nodes
[1094.9199353484898, 488.3137837162681, 1.1000017447936756]
[1093.644004743554, 485.80687591807435, 1.1000017447936756]
[1092.368074138618, 483.29996811988053, 1.1000017447936756]
[1091.092143533682, 480.79306032168677, 1.1000017447936756]
[1089.8162129287462, 478.28615252349294, 1.1000017447936756]
[1088.5402823238103, 475.7792447252992, 1.1000017447936756]
[1087.2643517188744, 473.27233692710536, 1.1000017447936756]
[1085.9884211139383, 470.7654291289116, 1.1000017447936756]
[1084.7124905090025, 468.25852133071777, 1.1000017447936756]
[1083.4365599040666, 465.751613532524, 1.1000017447936756]
[1082.1606292991307, 463.24470573433024, 1.1000017447936756]
[1080.8846986941949, 460.7377979361364, 1.1000017447936756]
[1079.6087680892588, 458.23089013794265, 1.1000017447936756]
[1078.332837484323, 455.72398233974883, 1.1000017447936756]
[1077.056906879387, 453.21707454155506, 1.1000017447936756]
[1075.7809762744512, 450.71016674336124, 1.1000017447936756]
[1074.505045669515, 448.2032589451675, 1.1000017447936756]
[1073.2291150645792, 445.69635114697365, 1.1000017447936756]
[1071.9531844596434, 443.1894433487799, 1.1000017447936756]
[1070.8456124010547, 440.8152520972467, 1.168602138156995]
[1067.9895780626337, 434.10120657024703, 1.168602138156996]
[1065.1335437242126, 427.3871610432474, 1.168602138156996]
[1062.2775093857917, 420.67311551624766, 1.168602138156996]
[1059.4214750473707, 413.959069989248, 1.168602138156996]
[1056.5654407089496, 407.24502446224835, 1.168602138156996]
[1053.7094063705285, 400.5309789352487, 1.168602138156996]
[1050.8533720321075, 393.81693340824904, 1.168602138156996]
[1047.9973376936866, 387.1028878812494, 1.168602138156996]
[1045.1413033552656, 380.38884235424973, 1.168602138156996]
[1042.2852690168445, 373.67479682725, 1.168602138156996]
[1039.4292346784234, 366.96075130025037, 1.168602138156996]
[1036.5732003400026, 360.2467057732507, 1.168602138156996]
[1033.7171660015815, 353.53266024625106, 1.168602138156996]
[1030.8611316631604, 346.8186147192514, 1.168602138156996]
[1028.0050973247394, 340.10456919225174, 1.168602138156996]
[1025.1490629863183, 333.3905236652521, 1.168602138156996]
[1022.2930286478974, 326.6764781382524, 1.168602138156996]
[1019.4369943094764, 319.9624326112527, 1.168602138156996]
[1016.5809599710553, 313.24838708425307, 1.168602138156996]
[1012.7293219493757, 305.24711385254886, 1.1162675402636695]
[1009.7079498559843, 299.0640498955943, 1.1162675402636695]
[1006.686577762593, 292.8809859386397, 1.1162675402636695]
[1003.6652056692016, 286.6979219816851, 1.1162675402636695]
[1000.6438335758102, 280.51485802473053, 1.1162675402636695]
[997.6224614824188, 274.3317940677759, 1.1162675402636695]
[994.6010893890274, 268.1487301108213, 1.1162675402636695]
[991.579717295636, 261.9656661538667, 1.1162675402636695]
[988.5583452022446, 255.78260219691214, 1.1162675402636695]
[985.5369731088532, 249.59953823995755, 1.1162675402636695]
[982.5156010154618, 243.41647428300297, 1.1162675402636695]
[979.4942289220704, 237.23341032604836, 1.1162675402636695]
[976.472856828679, 231.05034636909377, 1.1162675402636695]
[973.4514847352876, 224.8672824121392, 1.1162675402636695]
[970.4301126418962, 218.6842184551846, 1.1162675402636695]
[967.4087405485049, 212.50115449823, 1.1162675402636695]
[964.3873684551135, 206.3180905412754, 1.1162675402636695]
[961.3659963617221, 200.13502658432083, 1.1162675402636695]
[953.8425363407534, 189.68327402659287, 0.7775060993174008]
[951.2229245597176, 187.10468761058303, 0.7775060993174004]
[948.6033127786819, 184.5261011945732, 0.7775060993174004]
[945.9837009976461, 181.94751477856335, 0.7775060993174004]
[943.3640892166104, 179.3689283625535, 0.7775060993174004]
[940.7444774355746, 176.79034194654366, 0.7775060993174004]
[938.1248656545389, 174.21175553053382, 0.7775060993174004]
[935.5052538735031, 171.63316911452398, 0.7775060993174004]
[932.8856420924674, 169.05458269851414, 0.7775060993174004]
[930.2660303114316, 166.4759962825043, 0.7775060993174004]
[927.6464185303957, 163.89740986649448, 0.7775060993174004]
[925.02680674936, 161.31882345048464, 0.7775060993174004]
[922.4071949683242, 158.7402370344748, 0.7775060993174004]
[919.7875831872885, 156.16165061846496, 0.7775060993174004]
[917.1679714062527, 153.58306420245512, 0.7775060993174004]
[914.548359625217, 151.00447778644528, 0.7775060993174004]
[911.9287478441812, 148.42589137043544, 0.7775060993174004]
[911.9287478441812, 148.42589137043544, 0.7775060993174008]
[907.7745935259084, 144.88416508100488, 0.6344675632135274]
[903.1579862547586, 141.97078894441768, 0.49142902710965397]
[894.376288776481, 137.27060370343767, 0.49142902710965386]
[885.5945912982036, 132.57041846245767, 0.49142902710965386]
[876.8128938199261, 127.87023322147769, 0.49142902710965386]
[868.0311963416485, 123.17004798049769, 0.49142902710965386]
[859.2494988633711, 118.46986273951771, 0.49142902710965386]
[850.4678013850935, 113.76967749853772, 0.49142902710965386]
[841.686103906816, 109.06949225755773, 0.49142902710965386]
[832.9044064285384, 104.36930701657774, 0.49142902710965386]
[824.122708950261, 99.66912177559774, 0.49142902710965386]
[815.3410114719834, 94.96893653461775, 0.49142902710965386]
[806.5593139937059, 90.26875129363776, 0.49142902710965386]
[797.7776165154283, 85.56856605265777, 0.49142902710965386]
[788.9959190371509, 80.86838081167778, 0.49142902710965386]
[780.2142215588733, 76.16819557069779, 0.49142902710965386]
[771.4325240805958, 71.4680103297178, 0.49142902710965386]
[762.6508266023183, 66.76782508873781, 0.49142902710965386]
[753.8691291240408, 62.067639847757825, 0.49142902710965386]
[753.8691291240408, 62.06763984775783, 0.49142902710965397]
[728.1281583613769, 58.334862486699514, -0.20341056938474789]
[725.3805256377484, 58.90159805997489, -0.20341056938474783]
[722.6328929141199, 59.46833363325027, -0.20341056938474783]
[719.8852601904913, 60.03506920652564, -0.20341056938474783]
[717.1376274668628, 60.60180477980102, -0.20341056938474783]
[714.3899947432343, 61.168540353076395, -0.20341056938474783]
[711.6423620196058, 61.735275926351775, -0.20341056938474783]
[708.8947292959772, 62.30201149962715, -0.20341056938474783]
[706.1470965723487, 62.86874707290252, -0.20341056938474783]
[703.3994638487202, 63.4354826461779, -0.20341056938474783]
[700.6518311250917, 64.00221821945328, -0.20341056938474783]
[697.9041984014632, 64.56895379272865, -0.20341056938474783]
[695.1565656778346, 65.13568936600403, -0.20341056938474783]
[692.4089329542061, 65.70242493927941, -0.20341056938474783]
[689.6613002305776, 66.26916051255478, -0.20341056938474783]
[686.9136675069491, 66.83589608583016, -0.20341056938474783]
[684.1660347833206, 67.40263165910554, -0.20341056938474783]
[681.418402059692, 67.96936723238092, -0.20341056938474783]
[678.6707693360635, 68.53610280565628, -0.20341056938474783]
[675.923136612435, 69.10283837893166, -0.20341056938474783]
[662.8050317284103, 72.38348711782734, -0.24784775308913667]
[651.3411436678773, 75.28443092227018, -0.24784775308913667]
[639.8772556073442, 78.18537472671302, -0.24784775308913667]
[628.4133675468112, 81.08631853115585, -0.24784775308913667]
[616.9494794862782, 83.9872623355987, -0.24784775308913667]
[605.485591425745, 86.88820614004155, -0.24784775308913667]
[594.021703365212, 89.7891499444844, -0.24784775308913667]
[582.557815304679, 92.69009374892723, -0.24784775308913667]
[571.093927244146, 95.59103755337007, -0.24784775308913667]
[559.6300391836129, 98.4919813578129, -0.24784775308913667]
[548.1661511230799, 101.39292516225575, -0.24784775308913667]
[536.7022630625469, 104.2938689666986, -0.24784775308913667]
[525.2383750020139, 107.19481277114143, -0.24784775308913667]
[513.7744869414807, 110.09575657558428, -0.24784775308913667]
[502.31059888094774, 112.99670038002712, -0.24784775308913667]
[490.8467108204147, 115.89764418446995, -0.24784775308913667]
[479.38282275988166, 118.7985879889128, -0.24784775308913667]
[479.38282275988166, 118.7985879889128, -0.24784775308913698]
[465.1620811198569, 119.65659662484364, 0.1273238330940698]
[454.00377667375426, 118.22815116283928, 0.12732383309406947]
[442.8454722276516, 116.79970570083493, 0.12732383309406947]
[431.68716778154896, 115.37126023883059, 0.12732383309406947]
[420.5288633354463, 113.94281477682622, 0.12732383309406947]
[409.37055888934367, 112.51436931482188, 0.12732383309406947]
[398.212254443241, 111.08592385281752, 0.12732383309406947]
[387.0539499971384, 109.65747839081317, 0.12732383309406947]
[375.8956455510357, 108.2290329288088, 0.12732383309406947]
[364.7373411049331, 106.80058746680446, 0.12732383309406947]
[353.57903665883043, 105.37214200480011, 0.12732383309406947]
[342.4207322127278, 103.94369654279575, 0.12732383309406947]
[331.26242776662514, 102.5152510807914, 0.12732383309406947]
[320.10412332052243, 101.08680561878704, 0.12732383309406947]
[308.9458188744198, 99.65836015678269, 0.12732383309406947]
[297.78751442831714, 98.22991469477833, 0.12732383309406947]
[286.6292099822145, 96.80146923277398, 0.12732383309406947]
[275.47090553611184, 95.37302377076962, 0.12732383309406947]
[264.3126010900092, 93.94457830876527, 0.12732383309406947]
[258.90365980425514, 92.8502474832053, 0.27192463442805304]
[250.64563557577543, 90.5476518963388, 0.2719246344280527]
[242.38761134729572, 88.24505630947235, 0.2719246344280527]
[234.129587118816, 85.94246072260586, 0.2719246344280527]
[225.8715628903363, 83.63986513573938, 0.2719246344280527]
[217.61353866185655, 81.33726954887291, 0.2719246344280527]
[209.35551443337684, 79.03467396200642, 0.2719246344280527]
[201.09749020489713, 76.73207837513996, 0.2719246344280527]
[192.8394659764174, 74.42948278827348, 0.2719246344280527]
[184.58144174793767, 72.126887201407, 0.2719246344280527]
[176.32341751945796, 69.82429161454053, 0.2719246344280527]
[168.06539329097825, 67.52169602767404, 0.2719246344280527]
[159.80736906249854, 65.21910044080757, 0.2719246344280527]
[151.5493448340188, 62.91650485394109, 0.2719246344280527]
[143.29132060553908, 60.61390926707462, 0.2719246344280527]
[135.03329637705937, 58.31131368020814, 0.2719246344280527]
[126.77527214857965, 56.00871809334166, 0.2719246344280527]
[118.51724792009992, 53.70612250647518, 0.2719246344280527]
[110.2592236916202, 51.40352691960871, 0.2719246344280527]
[100.0, 50.00000000000001, 0.0]
>>>> 
>>>> inputs
[40.0, 0.0, 0.06656639423358136]
[40.0, 0.0, 0.06656639423358136]
[40.0, 0.0, 0.06656639423358136]
[40.0, 0.0, 0.06656639423358136]
[40.0, 0.0, 0.06656639423358136]
[40.0, 0.0, 0.06656639423358136]
[40.0, 0.0, 0.06656639423358136]
[40.0, 0.0, 0.06656639423358136]
[40.0, 0.0, 0.06656639423358136]
[40.0, 0.0, 0.06656639423358136]
[40.0, 0.0, 0.06656639423358136]
[40.0, 0.0, 0.06656639423358136]
[40.0, 0.0, 0.06656639423358136]
[40.0, 0.0, 0.06656639423358136]
[40.0, 0.0, 0.06656639423358136]
[40.0, 0.0, 0.06656639423358136]
[40.0, 0.0, 0.06656639423358136]
[40.0, 0.0, 0.06656639423358136]
[40.0, -0.8669840139434847, 0.06656639423358136]
[40.0, 0.0, 0.06656639423358136]
[40.0, 0.0, 0.1757848532318292]
[40.0, 0.0, 0.1757848532318292]
[40.0, 0.0, 0.1757848532318292]
[40.0, 0.0, 0.1757848532318292]
[40.0, 0.0, 0.1757848532318292]
[40.0, 0.0, 0.1757848532318292]
[40.0, 0.0, 0.1757848532318292]
[40.0, 0.0, 0.1757848532318292]
[40.0, 0.0, 0.1757848532318292]
[40.0, 0.0, 0.1757848532318292]
[40.0, 0.0, 0.1757848532318292]
[40.0, 0.0, 0.1757848532318292]
[40.0, 0.0, 0.1757848532318292]
[40.0, 0.0, 0.1757848532318292]
[40.0, 0.0, 0.1757848532318292]
[40.0, 0.0, 0.1757848532318292]
[40.0, 0.0, 0.1757848532318292]
[40.0, 0.0, 0.1757848532318292]
[40.0, 0.0, 0.1757848532318292]
[40.0, 0.0, 0.1757848532318292]
[40.0, 0.0, 0.17101483710888613]
[40.0, 0.0, 0.17101483710888613]
[40.0, 0.0, 0.17101483710888613]
[40.0, 0.0, 0.17101483710888613]
[40.0, 0.0, 0.17101483710888613]
[40.0, 0.0, 0.17101483710888613]
[40.0, 0.0, 0.17101483710888613]
[40.0, 0.0, 0.17101483710888613]
[40.0, 0.0, 0.17101483710888613]
[40.0, 0.0, 0.17101483710888613]
[40.0, 0.0, 0.17101483710888613]
[40.0, 0.0, 0.17101483710888613]
[40.0, 0.0, 0.17101483710888613]
[40.0, 0.0, 0.17101483710888613]
[40.0, 0.0, 0.17101483710888613]
[40.0, 0.0, 0.17101483710888613]
[40.0, 0.8669840139434847, 0.17101483710888613]
[40.0, 0.0, 0.17101483710888613]
[40.0, 0.0, 0.17101483710888613]
[40.0, 0.0, 0.17101483710888613]
[40.0, 0.0, 0.08717508739130686]
[40.0, 0.0, 0.08717508739130686]
[40.0, 0.0, 0.08717508739130686]
[40.0, 0.0, 0.08717508739130686]
[40.0, 0.0, 0.08717508739130686]
[40.0, 0.0, 0.08717508739130686]
[40.0, 0.0, 0.08717508739130686]
[40.0, 0.0, 0.08717508739130686]
[40.0, 0.0, 0.08717508739130686]
[40.0, 0.0, 0.08717508739130686]
[40.0, 0.0, 0.08717508739130686]
[40.0, 0.0, 0.08717508739130686]
[40.0, 0.0, 0.08717508739130686]
[40.0, 0.8669840139434847, 0.08717508739130686]
[40.0, 0.8669840139434847, 0.08717508739130686]
[40.0, 0.8669840139434847, 0.08717508739130686]
[40.0, 0.0, 0.08717508739130686]
[40.0, 0.0, 0.08717508739130686]
[40.0, 0.0, 0.08717508739130686]
[40.0, 0.0, 0.08717508739130686]
[40.0, 0.0, 0.2448350562752573]
[40.0, 0.0, 0.2448350562752573]
[40.0, 0.0, 0.2448350562752573]
[40.0, 0.0, 0.2448350562752573]
[40.0, 0.0, 0.2448350562752573]
[40.0, 0.0, 0.2448350562752573]
[40.0, 0.0, 0.2448350562752573]
[40.0, 0.0, 0.2448350562752573]
[40.0, 0.0, 0.2448350562752573]
[40.0, 0.0, 0.2448350562752573]
[40.0, 0.0, 0.2448350562752573]
[40.0, 0.0, 0.2448350562752573]
[40.0, 0.0, 0.2448350562752573]
[40.0, 0.8669840139434847, 0.2448350562752573]
[40.0, 0.8669840139434847, 0.2448350562752573]
[40.0, 0.0, 0.2448350562752573]
[40.0, 0.0, 0.2448350562752573]
[40.0, 0.0, 0.2448350562752573]
[40.0, 0.0, 0.2448350562752573]
[40.0, 0.0, 0.2448350562752573]
[40.0, 0.0, 0.06875168622222975]
[40.0, 0.0, 0.06875168622222975]
[40.0, 0.0, 0.06875168622222975]
[40.0, 0.0, 0.06875168622222975]
[40.0, 0.0, 0.06875168622222975]
[40.0, 0.0, 0.06875168622222975]
[40.0, 0.0, 0.06875168622222975]
[40.0, 0.0, 0.06875168622222975]
[40.0, 0.0, 0.06875168622222975]
[40.0, 0.0, 0.06875168622222975]
[40.0, 0.0, 0.06875168622222975]
[40.0, 0.0, 0.06875168622222975]
[40.0, 0.0, 0.06875168622222975]
[40.0, 0.0, 0.06875168622222975]
[40.0, 0.0, 0.06875168622222975]
[40.0, 0.0, 0.06875168622222975]
[40.0, 0.0, 0.06875168622222975]
[40.0, 0.0, 0.06875168622222975]
[40.0, 0.0, 0.06875168622222975]
[40.0, 0.0, 0.06875168622222975]
[40.0, 0.0, 0.2691993869063972]
[40.0, 0.0, 0.2691993869063972]
[40.0, 0.0, 0.2691993869063972]
[40.0, 0.0, 0.2691993869063972]
[40.0, 0.0, 0.2691993869063972]
[40.0, 0.0, 0.2691993869063972]
[40.0, 0.0, 0.2691993869063972]
[40.0, 0.0, 0.2691993869063972]
[40.0, 0.0, 0.2691993869063972]
[40.0, 0.0, 0.2691993869063972]
[40.0, 0.0, 0.2691993869063972]
[40.0, -0.8669840139434847, 0.2691993869063972]
[40.0, -0.8669840139434847, 0.2691993869063972]
[40.0, 0.0, 0.2691993869063972]
[40.0, 0.0, 0.2691993869063972]
[40.0, 0.0, 0.2691993869063972]
[40.0, 0.0, 0.2691993869063972]
[40.0, 0.0, 0.2691993869063972]
[40.0, 0.0, 0.2691993869063972]
[40.0, 0.0, 0.2691993869063972]
[40.0, 0.0, 0.26001489383890874]
[40.0, 0.0, 0.26001489383890874]
[40.0, 0.0, 0.26001489383890874]
[40.0, 0.0, 0.26001489383890874]
[40.0, 0.0, 0.26001489383890874]
[40.0, 0.0, 0.26001489383890874]
[40.0, 0.0, 0.26001489383890874]
[40.0, 0.0, 0.26001489383890874]
[40.0, 0.0, 0.26001489383890874]
[40.0, 0.0, 0.26001489383890874]
[40.0, 0.0, 0.26001489383890874]
[40.0, -0.8669840139434847, 0.26001489383890874]
[40.0, 0.0, 0.26001489383890874]
[40.0, 0.0, 0.26001489383890874]
[40.0, 0.0, 0.26001489383890874]
[40.0, 0.0, 0.26001489383890874]
[40.0, 0.0, 0.26001489383890874]
[40.0, 0.0, 0.26001489383890874]
[40.0, 0.0, 0.26001489383890874]
[40.0, 0.0, 0.26001489383890874]
[40.0, 0.0, 0.20587670811706865]
[40.0, 0.0, 0.20587670811706865]
[40.0, 0.0, 0.20587670811706865]
[40.0, 0.0, 0.20587670811706865]
[40.0, 0.0, 0.20587670811706865]
[40.0, 0.0, 0.20587670811706865]
[40.0, 0.0, 0.20587670811706865]
[40.0, 0.0, 0.20587670811706865]
[40.0, 0.0, 0.20587670811706865]
[40.0, 0.0, 0.20587670811706865]
[40.0, 0.8669840139434847, 0.20587670811706865]
>>>> 
