----------------------------
RRT search Summary          
----------------------------
Map Name               : Random
Total paths found      : 1
Total number of nodes  : 1367
Total elapsed time     : 83.42597079277039 s
Solver                 : RRTstar 
----------------------------
Path number   : 0
Path length   : 1198.24520570411
Time required : 21.748013019561768 s
>>>> Nodes
[1108.4053571589573, 502.09735632792774, 1.0115016609217362]
[1106.2885986271424, 498.71577678004076, 1.0115016609217362]
[1104.1718400953273, 495.3341972321537, 1.0115016609217362]
[1102.0550815635124, 491.9526176842667, 1.0115016609217362]
[1099.9383230316976, 488.5710381363797, 1.0115016609217362]
[1097.8215644998825, 485.1894585884927, 1.0115016609217362]
[1095.7048059680676, 481.8078790406057, 1.0115016609217362]
[1093.5880474362525, 478.42629949271867, 1.0115016609217362]
[1091.4712889044376, 475.0447199448317, 1.0115016609217362]
[1089.3545303726228, 471.6631403969447, 1.0115016609217362]
[1087.2377718408077, 468.28156084905766, 1.0115016609217362]
[1085.1210133089928, 464.89998130117067, 1.0115016609217362]
[1083.004254777178, 461.5184017532837, 1.0115016609217362]
[1080.8874962453629, 458.13682220539664, 1.0115016609217362]
[1078.770737713548, 454.75524265750965, 1.0115016609217362]
[1076.653979181733, 451.3736631096226, 1.0115016609217362]
[1074.537220649918, 447.9920835617356, 1.0115016609217362]
[1072.4204621181032, 444.61050401384864, 1.0115016609217362]
[1070.303703586288, 441.2289244659616, 1.0115016609217362]
[1068.1869450544732, 437.8473449180746, 1.0115016609217362]
[1064.1800264371795, 431.799072649208, 0.9836489512341268]
[1060.7500831514249, 426.6446119762212, 0.9836489512341268]
[1057.3201398656704, 421.49015130323437, 0.9836489512341268]
[1053.8901965799157, 416.33569063024754, 0.9836489512341268]
[1050.4602532941612, 411.1812299572607, 0.9836489512341268]
[1047.0303100084068, 406.0267692842739, 0.9836489512341268]
[1043.600366722652, 400.87230861128705, 0.9836489512341268]
[1040.1704234368976, 395.7178479383002, 0.9836489512341268]
[1036.740480151143, 390.56338726531345, 0.9836489512341268]
[1033.3105368653885, 385.4089265923266, 0.9836489512341268]
[1029.8805935796338, 380.2544659193398, 0.9836489512341268]
[1026.4506502938793, 375.10000524635296, 0.9836489512341268]
[1023.0207070081248, 369.94554457336613, 0.9836489512341268]
[1019.5907637223702, 364.79108390037936, 0.9836489512341268]
[1016.1608204366157, 359.63662322739253, 0.9836489512341268]
[1012.7308771508611, 354.4821625544057, 0.9836489512341268]
[1009.3009338651066, 349.3277018814189, 0.9836489512341268]
[1009.3009338651066, 349.3277018814189, 0.9836489512341258]
[1005.6868366888481, 342.4798508787266, 1.1867101170062684]
[1003.0312669661402, 335.9092375993327, 1.1867101170062688]
[1000.3756972434322, 329.3386243199388, 1.1867101170062688]
[997.7201275207243, 322.76801104054493, 1.1867101170062688]
[995.0645577980164, 316.197397761151, 1.1867101170062688]
[992.4089880753085, 309.6267844817571, 1.1867101170062688]
[989.7534183526005, 303.0561712023632, 1.1867101170062688]
[987.0978486298926, 296.4855579229693, 1.1867101170062688]
[984.4422789071848, 289.9149446435754, 1.1867101170062688]
[981.7867091844769, 283.34433136418147, 1.1867101170062688]
[979.131139461769, 276.77371808478756, 1.1867101170062688]
[976.475569739061, 270.20310480539365, 1.1867101170062688]
[973.8200000163531, 263.63249152599974, 1.1867101170062688]
[971.1644302936452, 257.06187824660583, 1.1867101170062688]
[968.5088605709373, 250.49126496721195, 1.1867101170062688]
[965.8532908482293, 243.92065168781804, 1.1867101170062688]
[965.8532908482293, 243.92065168781804, 1.1867101170062688]
[960.1157325644167, 234.18525594311825, 0.8897784835227743]
[951.7808018960303, 226.55463105918798, 0.5928468500392798]
[941.5779927320207, 221.69662832875787, 0.29591521655578523]
[937.7556696807258, 220.53133114463807, 0.2959152165557852]
[933.933346629431, 219.36603396051825, 0.2959152165557852]
[930.1110235781362, 218.20073677639846, 0.2959152165557852]
[926.2887005268412, 217.03543959227864, 0.2959152165557852]
[922.4663774755463, 215.87014240815884, 0.2959152165557852]
[918.6440544242515, 214.70484522403905, 0.2959152165557852]
[914.8217313729567, 213.53954803991923, 0.2959152165557852]
[910.9994083216618, 212.37425085579943, 0.2959152165557852]
[907.1770852703669, 211.20895367167964, 0.2959152165557852]
[903.3547622190721, 210.04365648755982, 0.2959152165557852]
[899.5324391677773, 208.87835930344002, 0.2959152165557852]
[895.7101161164824, 207.71306211932023, 0.2959152165557852]
[891.8877930651875, 206.5477649352004, 0.2959152165557852]
[888.0654700138927, 205.3824677510806, 0.2959152165557852]
[884.2431469625978, 204.2171705669608, 0.2959152165557852]
[880.4208239113029, 203.051873382841, 0.2959152165557852]
[880.4208239113029, 203.051873382841, 0.295915216555785]
[872.7069743493347, 201.545524458145, 0.08978789448241975]
[864.8481146596853, 201.64986297458745, -0.11633942759094551]
[857.0286252250089, 202.56370453104904, -0.11633942759094425]
[849.2091357903327, 203.47754608751063, -0.11633942759094425]
[841.3896463556564, 204.39138764397225, -0.11633942759094425]
[833.57015692098, 205.30522920043387, -0.11633942759094425]
[825.7506674863037, 206.21907075689546, -0.11633942759094425]
[817.9311780516274, 207.13291231335708, -0.11633942759094425]
[810.111688616951, 208.0467538698187, -0.11633942759094425]
[802.2921991822748, 208.9605954262803, -0.11633942759094425]
[794.4727097475984, 209.8744369827419, -0.11633942759094425]
[786.6532203129221, 210.7882785392035, -0.11633942759094425]
[778.8337308782458, 211.70212009566512, -0.11633942759094425]
[771.0142414435695, 212.61596165212674, -0.11633942759094425]
[763.1947520088931, 213.52980320858833, -0.11633942759094425]
[755.3752625742169, 214.44364476504995, -0.11633942759094425]
[747.5557731395405, 215.35748632151157, -0.11633942759094425]
[739.7362837048643, 216.27132787797316, -0.11633942759094425]
[731.9167942701879, 217.18516943443478, -0.11633942759094425]
[731.9167942701879, 217.18516943443475, -0.11633942759094551]
[719.4269230044235, 216.58417318167142, 0.21250263579909912]
[709.7546938145543, 214.4972913094559, 0.21250263579909984]
[700.0824646246851, 212.41040943724042, 0.21250263579909984]
[690.410235434816, 210.32352756502493, 0.21250263579909984]
[680.7380062449467, 208.23664569280945, 0.21250263579909984]
[671.0657770550774, 206.14976382059396, 0.21250263579909984]
[661.3935478652082, 204.06288194837848, 0.21250263579909984]
[651.721318675339, 201.976000076163, 0.21250263579909984]
[642.0490894854698, 199.8891182039475, 0.21250263579909984]
[632.3768602956006, 197.802236331732, 0.21250263579909984]
[622.7046311057314, 195.7153544595165, 0.21250263579909984]
[613.0324019158622, 193.62847258730102, 0.21250263579909984]
[603.360172725993, 191.54159071508553, 0.21250263579909984]
[593.6879435361238, 189.45470884287005, 0.21250263579909984]
[584.0157143462545, 187.36782697065456, 0.21250263579909984]
[574.3434851563853, 185.28094509843908, 0.21250263579909984]
[564.6712559665161, 183.1940632262236, 0.21250263579909984]
[554.9990267766469, 181.1071813540081, 0.21250263579909984]
[545.3267975867777, 179.02029948179262, 0.21250263579909984]
[543.7022722322325, 178.63243661348216, 0.25623147889390574]
[537.5048900187538, 177.00878225247908, 0.2562314788939065]
[531.3075078052752, 175.38512789147597, 0.2562314788939065]
[525.1101255917965, 173.7614735304729, 0.2562314788939065]
[518.9127433783179, 172.13781916946982, 0.2562314788939065]
[512.7153611648392, 170.51416480846675, 0.2562314788939065]
[506.5179789513606, 168.89051044746367, 0.2562314788939065]
[500.32059673788194, 167.26685608646056, 0.2562314788939065]
[494.1232145244033, 165.6432017254575, 0.2562314788939065]
[487.92583231092465, 164.0195473644544, 0.2562314788939065]
[481.728450097446, 162.39589300345133, 0.2562314788939065]
[475.53106788396735, 160.77223864244826, 0.2562314788939065]
[469.3336856704887, 159.14858428144515, 0.2562314788939065]
[463.13630345701006, 157.52492992044208, 0.2562314788939065]
[456.93892124353135, 155.901275559439, 0.2562314788939065]
[450.7415390300527, 154.27762119843592, 0.2562314788939065]
[444.54415681657406, 152.65396683743282, 0.2562314788939065]
[438.3467746030954, 151.03031247642974, 0.2562314788939065]
[432.14939238961676, 149.40665811542667, 0.2562314788939065]
[430.62470627325223, 148.97320586737038, 0.2977323324914347]
[419.2299409819201, 145.47668420569516, 0.29773233249143444]
[407.8351756905879, 141.98016254401995, 0.29773233249143444]
[396.4404103992557, 138.48364088234473, 0.29773233249143444]
[385.0456451079236, 134.9871192206695, 0.29773233249143444]
[373.65087981659144, 131.4905975589943, 0.29773233249143444]
[362.25611452525925, 127.99407589731908, 0.29773233249143444]
[350.86134923392706, 124.49755423564386, 0.29773233249143444]
[339.4665839425949, 121.00103257396864, 0.29773233249143444]
[328.0718186512628, 117.50451091229343, 0.29773233249143444]
[316.6770533599306, 114.00798925061821, 0.29773233249143444]
[305.28228806859846, 110.51146758894299, 0.29773233249143444]
[293.8875227772663, 107.01494592726777, 0.29773233249143444]
[282.49275748593413, 103.51842426559256, 0.29773233249143444]
[271.097992194602, 100.02190260391735, 0.29773233249143444]
[259.7032269032698, 96.52538094224214, 0.29773233249143444]
[248.30846161193767, 93.02885928056692, 0.29773233249143444]
[236.9136963206055, 89.5323376188917, 0.29773233249143444]
[225.51893102927335, 86.03581595721649, 0.29773233249143444]
[214.12416573794118, 82.53929429554127, 0.29773233249143444]
[208.17155796210938, 80.75366569158558, 0.2913061951435222]
[202.45384106655905, 79.03928916247526, 0.2913061951435222]
[196.73612417100873, 77.32491263336493, 0.2913061951435222]
[191.01840727545843, 75.6105361042546, 0.2913061951435222]
[185.3006903799081, 73.89615957514428, 0.2913061951435222]
[179.5829734843578, 72.18178304603396, 0.2913061951435222]
[173.86525658880748, 70.46740651692362, 0.2913061951435222]
[168.14753969325716, 68.75302998781329, 0.2913061951435222]
[162.42982279770683, 67.03865345870297, 0.2913061951435222]
[156.71210590215654, 65.32427692959264, 0.2913061951435222]
[150.99438900660624, 63.60990040048232, 0.2913061951435222]
[145.27667211105592, 61.89552387137199, 0.2913061951435222]
[139.5589552155056, 60.18114734226167, 0.2913061951435222]
[133.84123831995527, 58.46677081315134, 0.2913061951435222]
[128.12352142440497, 56.75239428404102, 0.2913061951435222]
[122.40580452885465, 55.038017754930685, 0.2913061951435222]
[116.68808763330433, 53.32364122582036, 0.2913061951435222]
[110.97037073775402, 51.609264696710035, 0.2913061951435222]
[100.0, 50.00000000000001, 0.0]
>>>> 
>>>> inputs
[40.0, 0.0, 0.09607941244868598]
[40.0, 0.0, 0.09607941244868598]
[40.0, 0.0, 0.09607941244868598]
[40.0, 0.0, 0.09607941244868598]
[40.0, 0.0, 0.09607941244868598]
[40.0, 0.0, 0.09607941244868598]
[40.0, 0.0, 0.09607941244868598]
[40.0, 0.0, 0.09607941244868598]
[40.0, 0.0, 0.09607941244868598]
[40.0, 0.0, 0.09607941244868598]
[40.0, 0.0, 0.09607941244868598]
[40.0, 0.0, 0.09607941244868598]
[40.0, 0.0, 0.09607941244868598]
[40.0, 0.0, 0.09607941244868598]
[40.0, 0.0, 0.09607941244868598]
[40.0, 0.0, 0.09607941244868598]
[40.0, 0.0, 0.09607941244868598]
[40.0, 0.0, 0.09607941244868598]
[40.0, 0.0, 0.09607941244868598]
[40.0, 0.0, 0.09607941244868598]
[40.0, 0.0, 0.14126192019204625]
[40.0, 0.0, 0.14126192019204625]
[40.0, 0.0, 0.14126192019204625]
[40.0, 0.0, 0.14126192019204625]
[40.0, 0.0, 0.14126192019204625]
[40.0, 0.0, 0.14126192019204625]
[40.0, 0.0, 0.14126192019204625]
[40.0, 0.0, 0.14126192019204625]
[40.0, 0.0, 0.14126192019204625]
[40.0, 0.0, 0.14126192019204625]
[40.0, 0.0, 0.14126192019204625]
[40.0, 0.0, 0.14126192019204625]
[40.0, 0.0, 0.14126192019204625]
[40.0, 0.0, 0.14126192019204625]
[40.0, 0.0, 0.14126192019204625]
[40.0, 0.0, 0.14126192019204625]
[40.0, -0.8669840139434847, 0.14126192019204625]
[40.0, -0.8669840139434847, 0.14126192019204625]
[40.0, 0.0, 0.14126192019204625]
[40.0, 0.0, 0.14126192019204625]
[40.0, 0.0, 0.17541283326620835]
[40.0, 0.0, 0.17541283326620835]
[40.0, 0.0, 0.17541283326620835]
[40.0, 0.0, 0.17541283326620835]
[40.0, 0.0, 0.17541283326620835]
[40.0, 0.0, 0.17541283326620835]
[40.0, 0.0, 0.17541283326620835]
[40.0, 0.0, 0.17541283326620835]
[40.0, 0.0, 0.17541283326620835]
[40.0, 0.0, 0.17541283326620835]
[40.0, 0.0, 0.17541283326620835]
[40.0, 0.0, 0.17541283326620835]
[40.0, 0.0, 0.17541283326620835]
[40.0, 0.8669840139434847, 0.17541283326620835]
[40.0, 0.8669840139434847, 0.17541283326620835]
[40.0, 0.8669840139434847, 0.17541283326620835]
[40.0, 0.8669840139434847, 0.17541283326620835]
[40.0, 0.0, 0.17541283326620835]
[40.0, 0.0, 0.17541283326620835]
[40.0, 0.0, 0.17541283326620835]
[40.0, 0.0, 0.0996038470556152]
[40.0, 0.0, 0.0996038470556152]
[40.0, 0.0, 0.0996038470556152]
[40.0, 0.0, 0.0996038470556152]
[40.0, 0.0, 0.0996038470556152]
[40.0, 0.0, 0.0996038470556152]
[40.0, 0.0, 0.0996038470556152]
[40.0, 0.0, 0.0996038470556152]
[40.0, 0.0, 0.0996038470556152]
[40.0, 0.0, 0.0996038470556152]
[40.0, 0.0, 0.0996038470556152]
[40.0, 0.0, 0.0996038470556152]
[40.0, 0.0, 0.0996038470556152]
[40.0, 0.8669840139434847, 0.0996038470556152]
[40.0, 0.8669840139434847, 0.0996038470556152]
[40.0, 0.8669840139434847, 0.0996038470556152]
[40.0, 0.0, 0.0996038470556152]
[40.0, 0.0, 0.0996038470556152]
[40.0, 0.0, 0.0996038470556152]
[40.0, 0.0, 0.0996038470556152]
[40.0, 0.0, 0.18299608368015474]
[40.0, 0.0, 0.18299608368015474]
[40.0, 0.0, 0.18299608368015474]
[40.0, 0.0, 0.18299608368015474]
[40.0, 0.0, 0.18299608368015474]
[40.0, 0.0, 0.18299608368015474]
[40.0, 0.0, 0.18299608368015474]
[40.0, 0.0, 0.18299608368015474]
[40.0, 0.0, 0.18299608368015474]
[40.0, 0.0, 0.18299608368015474]
[40.0, 0.0, 0.18299608368015474]
[40.0, 0.0, 0.18299608368015474]
[40.0, 0.0, 0.18299608368015474]
[40.0, -0.8669840139434847, 0.18299608368015474]
[40.0, -0.8669840139434847, 0.18299608368015474]
[40.0, 0.0, 0.18299608368015474]
[40.0, 0.0, 0.18299608368015474]
[40.0, 0.0, 0.18299608368015474]
[40.0, 0.0, 0.18299608368015474]
[40.0, 0.0, 0.18299608368015474]
[40.0, 0.0, 0.22472092848733333]
[40.0, 0.0, 0.22472092848733333]
[40.0, 0.0, 0.22472092848733333]
[40.0, 0.0, 0.22472092848733333]
[40.0, 0.0, 0.22472092848733333]
[40.0, 0.0, 0.22472092848733333]
[40.0, 0.0, 0.22472092848733333]
[40.0, 0.0, 0.22472092848733333]
[40.0, 0.0, 0.22472092848733333]
[40.0, 0.0, 0.22472092848733333]
[40.0, 0.0, 0.22472092848733333]
[40.0, 0.0, 0.22472092848733333]
[40.0, 0.0, 0.22472092848733333]
[40.0, -0.8669840139434847, 0.22472092848733333]
[40.0, 0.0, 0.22472092848733333]
[40.0, 0.0, 0.22472092848733333]
[40.0, 0.0, 0.22472092848733333]
[40.0, 0.0, 0.22472092848733333]
[40.0, 0.0, 0.22472092848733333]
[40.0, 0.0, 0.22472092848733333]
[40.0, 0.0, 0.14612874884024502]
[40.0, 0.0, 0.14612874884024502]
[40.0, 0.0, 0.14612874884024502]
[40.0, 0.0, 0.14612874884024502]
[40.0, 0.0, 0.14612874884024502]
[40.0, 0.0, 0.14612874884024502]
[40.0, 0.0, 0.14612874884024502]
[40.0, 0.0, 0.14612874884024502]
[40.0, 0.0, 0.14612874884024502]
[40.0, 0.0, 0.14612874884024502]
[40.0, 0.0, 0.14612874884024502]
[40.0, 0.0, 0.14612874884024502]
[40.0, -0.8669840139434847, 0.14612874884024502]
[40.0, 0.0, 0.14612874884024502]
[40.0, 0.0, 0.14612874884024502]
[40.0, 0.0, 0.14612874884024502]
[40.0, 0.0, 0.14612874884024502]
[40.0, 0.0, 0.14612874884024502]
[40.0, 0.0, 0.14612874884024502]
[40.0, 0.0, 0.14612874884024502]
[40.0, 0.0, 0.2833868402575802]
[40.0, 0.0, 0.2833868402575802]
[40.0, 0.0, 0.2833868402575802]
[40.0, 0.0, 0.2833868402575802]
[40.0, 0.0, 0.2833868402575802]
[40.0, 0.0, 0.2833868402575802]
[40.0, 0.0, 0.2833868402575802]
[40.0, 0.0, 0.2833868402575802]
[40.0, 0.0, 0.2833868402575802]
[40.0, 0.0, 0.2833868402575802]
[40.0, 0.0, 0.2833868402575802]
[40.0, 0.0, 0.2833868402575802]
[40.0, 0.0, 0.2833868402575802]
[40.0, 0.0, 0.2833868402575802]
[40.0, 0.0, 0.2833868402575802]
[40.0, 0.0, 0.2833868402575802]
[40.0, 0.0, 0.2833868402575802]
[40.0, 0.0, 0.2833868402575802]
[40.0, 0.0, 0.2833868402575802]
[40.0, 0.0, 0.2833868402575802]
[40.0, 0.0, 0.14821589290226864]
[40.0, 0.0, 0.14821589290226864]
[40.0, 0.0, 0.14821589290226864]
[40.0, 0.0, 0.14821589290226864]
[40.0, 0.0, 0.14821589290226864]
[40.0, 0.0, 0.14821589290226864]
[40.0, 0.0, 0.14821589290226864]
[40.0, 0.0, 0.14821589290226864]
[40.0, 0.0, 0.14821589290226864]
[40.0, 0.0, 0.14821589290226864]
[40.0, 0.8669840139434847, 0.14821589290226864]
>>>> 
