----------------------------
RRT search Summary          
----------------------------
Map Name               : Random
Total paths found      : 2
Total number of nodes  : 1070
Total elapsed time     : 65.91583681106567 s
Solver                 : RRTstar 
----------------------------
Path number   : 0
Path length   : 1191.0929642813323
Time required : 27.524061918258667 s
>>>> Nodes
[1113.4976787922114, 494.89235991089015, 0.982714529399443]
[1109.3417509236035, 488.65953763366906, 0.982714529399443]
[1105.1858230549958, 482.4267153564479, 0.982714529399443]
[1101.0298951863879, 476.19389307922677, 0.982714529399443]
[1096.87396731778, 469.9610708020057, 0.982714529399443]
[1092.7180394491722, 463.7282485247846, 0.982714529399443]
[1088.5621115805643, 457.49542624756344, 0.982714529399443]
[1084.4061837119564, 451.2626039703423, 0.982714529399443]
[1080.2502558433487, 445.0297816931212, 0.982714529399443]
[1076.0943279747407, 438.79695941590006, 0.982714529399443]
[1071.9384001061328, 432.564137138679, 0.982714529399443]
[1067.7824722375249, 426.3313148614578, 0.982714529399443]
[1063.6265443689172, 420.09849258423674, 0.982714529399443]
[1059.4706165003092, 413.8656703070156, 0.982714529399443]
[1055.3146886317013, 407.6328480297945, 0.982714529399443]
[1051.1587607630936, 401.40002575257336, 0.982714529399443]
[1047.0028328944857, 395.16720347535227, 0.982714529399443]
[1042.8469050258777, 388.9343811981311, 0.982714529399443]
[1038.69097715727, 382.70155892091003, 0.982714529399443]
[1034.535049288662, 376.4687366436889, 0.982714529399443]
[1030.050389144752, 370.0655669495147, 0.95836624574615]
[1026.0910502505976, 364.4298356439149, 0.95836624574615]
[1022.1317113564435, 358.79410433831504, 0.95836624574615]
[1018.1723724622893, 353.15837303271525, 0.95836624574615]
[1014.2130335681352, 347.52264172711546, 0.95836624574615]
[1010.2536946739809, 341.8869104215156, 0.95836624574615]
[1006.2943557798267, 336.2511791159158, 0.95836624574615]
[1002.3350168856725, 330.615447810316, 0.95836624574615]
[998.3756779915184, 324.9797165047162, 0.95836624574615]
[994.4163390973641, 319.3439851991164, 0.95836624574615]
[990.4570002032099, 313.7082538935166, 0.95836624574615]
[986.4976613090557, 308.0725225879168, 0.95836624574615]
[982.5383224149016, 302.43679128231696, 0.95836624574615]
[978.5789835207473, 296.80105997671717, 0.95836624574615]
[974.6196446265931, 291.1653286711174, 0.95836624574615]
[970.6603057324389, 285.5295973655176, 0.95836624574615]
[966.7009668382848, 279.89386605991774, 0.95836624574615]
[962.7416279441305, 274.25813475431795, 0.95836624574615]
[954.4747399809096, 265.71078820284936, 0.6457866496058314]
[948.7069552754776, 261.3643166018301, 0.6457866496058305]
[942.9391705700457, 257.0178450008109, 0.6457866496058305]
[937.1713858646137, 252.67137339979172, 0.6457866496058305]
[931.4036011591818, 248.3249017987725, 0.6457866496058305]
[925.6358164537498, 243.97843019775328, 0.6457866496058305]
[919.8680317483179, 239.63195859673405, 0.6457866496058305]
[914.1002470428859, 235.28548699571485, 0.6457866496058305]
[908.332462337454, 230.93901539469562, 0.6457866496058305]
[902.564677632022, 226.5925437936764, 0.6457866496058305]
[896.7968929265901, 222.24607219265718, 0.6457866496058305]
[891.0291082211581, 217.89960059163798, 0.6457866496058305]
[885.2613235157262, 213.55312899061875, 0.6457866496058305]
[879.4935388102942, 209.20665738959954, 0.6457866496058305]
[873.7257541048623, 204.8601857885803, 0.6457866496058305]
[867.9579693994303, 200.5137141875611, 0.6457866496058305]
[867.9579693994303, 200.5137141875611, 0.6457866496058314]
[857.8369513763764, 195.05425016034098, 0.34357917384687964]
[846.5497082247217, 192.85450123764141, 0.041371698087927955]
[835.1192748420455, 194.11384470615658, -0.2608357776710237]
[831.6323739853538, 195.0445566522187, -0.260835777671023]
[828.145473128662, 195.97526859828076, -0.260835777671023]
[824.6585722719703, 196.90598054434287, -0.260835777671023]
[821.1716714152786, 197.83669249040497, -0.260835777671023]
[817.6847705585869, 198.76740443646707, -0.260835777671023]
[814.1978697018952, 199.69811638252918, -0.260835777671023]
[810.7109688452035, 200.62882832859125, -0.260835777671023]
[807.2240679885119, 201.55954027465336, -0.260835777671023]
[803.7371671318202, 202.49025222071546, -0.260835777671023]
[800.2502662751285, 203.42096416677754, -0.260835777671023]
[796.7633654184368, 204.35167611283964, -0.260835777671023]
[793.2764645617451, 205.28238805890174, -0.260835777671023]
[789.7895637050534, 206.21310000496385, -0.260835777671023]
[786.3026628483617, 207.14381195102595, -0.260835777671023]
[782.81576199167, 208.07452389708803, -0.260835777671023]
[779.3288611349783, 209.00523584315013, -0.260835777671023]
[779.3288611349783, 209.00523584315013, -0.2608357776710237]
[776.08540023239, 209.7214910435858, -0.1738489381088364]
[772.791976526268, 210.15325536671054, -0.08686209854664928]
[764.2379300846009, 210.89815215613618, -0.08686209854665063]
[755.6838836429338, 211.64304894556182, -0.08686209854665063]
[747.1298372012667, 212.38794573498745, -0.08686209854665063]
[738.5757907595996, 213.1328425244131, -0.08686209854665063]
[730.0217443179325, 213.87773931383873, -0.08686209854665063]
[721.4676978762654, 214.62263610326437, -0.08686209854665063]
[712.9136514345984, 215.36753289269, -0.08686209854665063]
[704.3596049929313, 216.11242968211565, -0.08686209854665063]
[695.8055585512641, 216.85732647154128, -0.08686209854665063]
[687.251512109597, 217.60222326096692, -0.08686209854665063]
[678.6974656679299, 218.34712005039256, -0.08686209854665063]
[670.1434192262628, 219.0920168398182, -0.08686209854665063]
[661.5893727845958, 219.83691362924384, -0.08686209854665063]
[653.0353263429287, 220.58181041866948, -0.08686209854665063]
[644.4812799012616, 221.32670720809512, -0.08686209854665063]
[635.9272334595945, 222.07160399752075, -0.08686209854665063]
[627.3731870179274, 222.8165007869464, -0.08686209854665063]
[627.3731870179274, 222.8165007869464, -0.08686209854664928]
[611.9525035786706, 220.9910254581456, 0.3225221145790955]
[610.4213195484637, 220.47931777609546, 0.3225221145790965]
[608.8901355182566, 219.96761009404534, 0.3225221145790965]
[607.3589514880496, 219.45590241199523, 0.3225221145790965]
[605.8277674578426, 218.94419472994514, 0.3225221145790965]
[604.2965834276356, 218.43248704789502, 0.3225221145790965]
[602.7653993974285, 217.9207793658449, 0.3225221145790965]
[601.2342153672215, 217.4090716837948, 0.3225221145790965]
[599.7030313370145, 216.89736400174468, 0.3225221145790965]
[598.1718473068075, 216.38565631969456, 0.3225221145790965]
[596.6406632766004, 215.87394863764445, 0.3225221145790965]
[595.1094792463934, 215.36224095559433, 0.3225221145790965]
[593.5782952161865, 214.85053327354424, 0.3225221145790965]
[592.0471111859795, 214.33882559149413, 0.3225221145790965]
[590.5159271557724, 213.827117909444, 0.3225221145790965]
[588.9847431255654, 213.3154102273939, 0.3225221145790965]
[588.9847431255654, 213.3154102273939, 0.3225221145790982]
[587.1665477919948, 212.6561619298101, 0.37316011232811497]
[585.3840518235917, 211.9057282475227, 0.423798110077132]
[583.6418249320686, 211.06603303654495, 0.47443610782614876]
[575.6088673047084, 206.94063300637328, 0.4744361078261497]
[567.575909677348, 202.81523297620163, 0.4744361078261497]
[559.5429520499877, 198.68983294602995, 0.4744361078261497]
[551.5099944226273, 194.5644329158583, 0.4744361078261497]
[543.477036795267, 190.43903288568663, 0.4744361078261497]
[535.4440791679067, 186.31363285551498, 0.4744361078261497]
[527.4111215405463, 182.18823282534333, 0.4744361078261497]
[519.378163913186, 178.0628327951717, 0.4744361078261497]
[511.3452062858257, 173.937432765, 0.4744361078261497]
[503.31224865846536, 169.81203273482836, 0.4744361078261497]
[495.27929103110506, 165.6866327046567, 0.4744361078261497]
[487.24633340374476, 161.56123267448504, 0.4744361078261497]
[479.2133757763844, 157.4358326443134, 0.4744361078261497]
[471.1804181490241, 153.31043261414175, 0.4744361078261497]
[463.1474605216638, 149.18503258397007, 0.4744361078261497]
[455.1145028943034, 145.05963255379842, 0.4744361078261497]
[447.0815452669431, 140.93423252362678, 0.4744361078261497]
[439.04858763958276, 136.8088324934551, 0.4744361078261497]
[431.01563001222246, 132.68343246328345, 0.4744361078261497]
[407.4750458493704, 125.74265964194072, 0.2464261234896208]
[392.06653937357294, 121.866827275632, 0.2464261234896208]
[376.65803289777557, 117.99099490932329, 0.2464261234896208]
[361.2495264219781, 114.11516254301458, 0.2464261234896208]
[345.8410199461807, 110.23933017670586, 0.2464261234896208]
[330.43251347038336, 106.36349781039715, 0.2464261234896208]
[315.0240069945859, 102.48766544408844, 0.2464261234896208]
[299.6155005187885, 98.61183307777972, 0.2464261234896208]
[284.2069940429911, 94.73600071147101, 0.2464261234896208]
[268.79848756719366, 90.8601683451623, 0.2464261234896208]
[253.38998109139627, 86.9843359788536, 0.2464261234896208]
[237.98147461559887, 83.10850361254488, 0.2464261234896208]
[222.57296813980145, 79.23267124623617, 0.2464261234896208]
[207.16446166400402, 75.35683887992745, 0.2464261234896208]
[191.75595518820663, 71.48100651361874, 0.2464261234896208]
[176.34744871240923, 67.60517414731002, 0.2464261234896208]
[160.9389422366118, 63.72934178100132, 0.2464261234896208]
[145.53043576081438, 59.8535094146926, 0.2464261234896208]
[130.121929285017, 55.97767704838389, 0.2464261234896208]
[127.94583575607253, 55.46634344588484, 0.227839345014114]
[126.45982701178346, 55.121789430401506, 0.227839345014114]
[124.97381826749441, 54.777235414918174, 0.227839345014114]
[123.48780952320534, 54.432681399434834, 0.227839345014114]
[122.00180077891628, 54.0881273839515, 0.227839345014114]
[120.51579203462721, 53.74357336846817, 0.227839345014114]
[119.02978329033814, 53.39901935298484, 0.227839345014114]
[117.54377454604908, 53.054465337501505, 0.227839345014114]
[116.05776580176001, 52.70991132201817, 0.227839345014114]
[114.57175705747095, 52.36535730653484, 0.227839345014114]
[113.0857483131819, 52.0208032910515, 0.227839345014114]
[111.59973956889283, 51.67624927556817, 0.227839345014114]
[110.11373082460376, 51.331695260084835, 0.227839345014114]
[108.6277220803147, 50.9871412446015, 0.227839345014114]
[108.6277220803147, 50.98714124460151, 0.22783934501411363]
[106.4953976931456, 50.556319544682346, 0.17087950876058522]
[104.34200518573917, 50.24758772208687, 0.11391967250705681]
[102.17452918542807, 50.06194716263731, 0.056959836253528406]
[100.0, 50.00000000000001, 0.0]
>>>> 
>>>> inputs
[40.0, 0.0, 0.17908129131282546]
[40.0, 0.0, 0.17908129131282546]
[40.0, 0.0, 0.17908129131282546]
[40.0, 0.0, 0.17908129131282546]
[40.0, 0.0, 0.17908129131282546]
[40.0, 0.0, 0.17908129131282546]
[40.0, 0.0, 0.17908129131282546]
[40.0, 0.0, 0.17908129131282546]
[40.0, 0.0, 0.17908129131282546]
[40.0, 0.0, 0.17908129131282546]
[40.0, 0.0, 0.17908129131282546]
[40.0, 0.0, 0.17908129131282546]
[40.0, 0.0, 0.17908129131282546]
[40.0, 0.0, 0.17908129131282546]
[40.0, 0.0, 0.17908129131282546]
[40.0, 0.0, 0.17908129131282546]
[40.0, 0.0, 0.17908129131282546]
[40.0, 0.0, 0.17908129131282546]
[40.0, 0.0, 0.17908129131282546]
[40.0, 0.0, 0.17908129131282546]
[40.0, 0.0, 0.1698936131378536]
[40.0, 0.0, 0.1698936131378536]
[40.0, 0.0, 0.1698936131378536]
[40.0, 0.0, 0.1698936131378536]
[40.0, 0.0, 0.1698936131378536]
[40.0, 0.0, 0.1698936131378536]
[40.0, 0.0, 0.1698936131378536]
[40.0, 0.0, 0.1698936131378536]
[40.0, 0.0, 0.1698936131378536]
[40.0, 0.0, 0.1698936131378536]
[40.0, 0.0, 0.1698936131378536]
[40.0, 0.0, 0.1698936131378536]
[40.0, 0.0, 0.1698936131378536]
[40.0, 0.0, 0.1698936131378536]
[40.0, 0.0, 0.1698936131378536]
[40.0, 0.0, 0.1698936131378536]
[40.0, 0.0, 0.1698936131378536]
[40.0, 0.8669840139434847, 0.1698936131378536]
[40.0, 0.0, 0.1698936131378536]
[40.0, 0.0, 0.1698936131378536]
[40.0, 0.0, 0.17870296202178473]
[40.0, 0.0, 0.17870296202178473]
[40.0, 0.0, 0.17870296202178473]
[40.0, 0.0, 0.17870296202178473]
[40.0, 0.0, 0.17870296202178473]
[40.0, 0.0, 0.17870296202178473]
[40.0, 0.0, 0.17870296202178473]
[40.0, 0.0, 0.17870296202178473]
[40.0, 0.0, 0.17870296202178473]
[40.0, 0.0, 0.17870296202178473]
[40.0, 0.0, 0.17870296202178473]
[40.0, 0.0, 0.17870296202178473]
[40.0, 0.0, 0.17870296202178473]
[40.0, 0.8669840139434847, 0.17870296202178473]
[40.0, 0.8669840139434847, 0.17870296202178473]
[40.0, 0.8669840139434847, 0.17870296202178473]
[40.0, 0.8669840139434847, 0.17870296202178473]
[40.0, 0.0, 0.17870296202178473]
[40.0, 0.0, 0.17870296202178473]
[40.0, 0.0, 0.17870296202178473]
[40.0, 0.0, 0.0804861361777618]
[40.0, 0.0, 0.0804861361777618]
[40.0, 0.0, 0.0804861361777618]
[40.0, 0.0, 0.0804861361777618]
[40.0, 0.0, 0.0804861361777618]
[40.0, 0.0, 0.0804861361777618]
[40.0, 0.0, 0.0804861361777618]
[40.0, 0.0, 0.0804861361777618]
[40.0, 0.0, 0.0804861361777618]
[40.0, 0.0, 0.0804861361777618]
[40.0, 0.0, 0.0804861361777618]
[40.0, 0.0, 0.0804861361777618]
[40.0, 0.0, 0.0804861361777618]
[40.0, -0.8669840139434847, 0.0804861361777618]
[40.0, -0.8669840139434847, 0.0804861361777618]
[40.0, -0.8669840139434847, 0.0804861361777618]
[40.0, 0.0, 0.0804861361777618]
[40.0, 0.0, 0.0804861361777618]
[40.0, 0.0, 0.0804861361777618]
[40.0, 0.0, 0.0804861361777618]
[40.0, 0.0, 0.20200804834913777]
[40.0, 0.0, 0.20200804834913777]
[40.0, 0.0, 0.20200804834913777]
[40.0, 0.0, 0.20200804834913777]
[40.0, 0.0, 0.20200804834913777]
[40.0, 0.0, 0.20200804834913777]
[40.0, 0.0, 0.20200804834913777]
[40.0, 0.0, 0.20200804834913777]
[40.0, 0.0, 0.20200804834913777]
[40.0, 0.0, 0.20200804834913777]
[40.0, 0.0, 0.20200804834913777]
[40.0, 0.0, 0.20200804834913777]
[40.0, 0.0, 0.20200804834913777]
[40.0, -0.8669840139434847, 0.20200804834913777]
[40.0, -0.8669840139434847, 0.20200804834913777]
[40.0, 0.0, 0.20200804834913777]
[40.0, 0.0, 0.20200804834913777]
[40.0, 0.0, 0.20200804834913777]
[40.0, 0.0, 0.20200804834913777]
[40.0, 0.0, 0.20200804834913777]
[40.0, 0.0, 0.03752383463600249]
[40.0, 0.0, 0.03752383463600249]
[40.0, 0.0, 0.03752383463600249]
[40.0, 0.0, 0.03752383463600249]
[40.0, 0.0, 0.03752383463600249]
[40.0, 0.0, 0.03752383463600249]
[40.0, 0.0, 0.03752383463600249]
[40.0, 0.0, 0.03752383463600249]
[40.0, 0.0, 0.03752383463600249]
[40.0, 0.0, 0.03752383463600249]
[40.0, -0.8669840139434847, 0.03752383463600249]
[40.0, -0.8669840139434847, 0.03752383463600249]
[40.0, -0.8669840139434847, 0.03752383463600249]
[40.0, -0.8669840139434847, 0.03752383463600249]
[40.0, 0.0, 0.03752383463600249]
[40.0, 0.0, 0.03752383463600249]
[40.0, 0.0, 0.03752383463600249]
[40.0, 0.0, 0.03752383463600249]
[40.0, 0.0, 0.03752383463600249]
[40.0, 0.0, 0.03752383463600249]
[40.0, 0.0, 0.22535763530167646]
[40.0, 0.0, 0.22535763530167646]
[40.0, 0.0, 0.22535763530167646]
[40.0, 0.0, 0.22535763530167646]
[40.0, 0.0, 0.22535763530167646]
[40.0, 0.0, 0.22535763530167646]
[40.0, 0.0, 0.22535763530167646]
[40.0, 0.0, 0.22535763530167646]
[40.0, 0.0, 0.22535763530167646]
[40.0, 0.0, 0.22535763530167646]
[40.0, 0.0, 0.22535763530167646]
[40.0, 0.0, 0.22535763530167646]
[40.0, 0.0, 0.22535763530167646]
[40.0, 0.0, 0.22535763530167646]
[40.0, 0.0, 0.22535763530167646]
[40.0, 0.0, 0.22535763530167646]
[40.0, 0.0, 0.22535763530167646]
[40.0, 0.0, 0.22535763530167646]
[40.0, 0.0, 0.22535763530167646]
[40.0, 0.0, 0.22535763530167646]
[40.0, 0.0, 0.37823911611272126]
[40.0, 0.0, 0.37823911611272126]
[40.0, 0.0, 0.37823911611272126]
[40.0, 0.0, 0.37823911611272126]
[40.0, 0.0, 0.37823911611272126]
[40.0, 0.0, 0.37823911611272126]
[40.0, 0.0, 0.37823911611272126]
[40.0, 0.0, 0.37823911611272126]
[40.0, 0.0, 0.37823911611272126]
[40.0, 0.0, 0.37823911611272126]
[40.0, 0.0, 0.37823911611272126]
[40.0, 0.0, 0.37823911611272126]
[40.0, 0.0, 0.37823911611272126]
[40.0, 0.0, 0.37823911611272126]
[40.0, 0.0, 0.37823911611272126]
[40.0, 0.0, 0.37823911611272126]
[40.0, 0.0, 0.37823911611272126]
[40.0, 0.0, 0.37823911611272126]
[40.0, 0.0, 0.37823911611272126]
[40.0, 0.0, 0.37823911611272126]
[40.0, 0.0, 0.037573568301901894]
[40.0, 0.0, 0.037573568301901894]
[40.0, 0.0, 0.037573568301901894]
[40.0, 0.0, 0.037573568301901894]
[40.0, 0.0, 0.037573568301901894]
[40.0, 0.0, 0.037573568301901894]
[40.0, 0.8669840139434847, 0.037573568301901894]
[40.0, 0.8669840139434847, 0.037573568301901894]
[40.0, 0.8669840139434847, 0.037573568301901894]
[40.0, 0.8669840139434847, 0.037573568301901894]
[40.0, 0.8669840139434847, 0.037573568301901894]
>>>> 
----------------------------
Path number   : 1
Path length   : 1168.820701552136
Time required : 35.126883029937744 s
>>>> Nodes
[1087.0670040718853, 485.17458303611636, 0.9966800596142001]
[1084.2900943240932, 480.8812204690822, 0.9966800596142001]
[1081.513184576301, 476.5878579020481, 0.9966800596142001]
[1078.7362748285088, 472.294495335014, 0.9966800596142001]
[1075.9593650807167, 468.00113276797987, 0.9966800596142001]
[1073.1824553329245, 463.70777020094573, 0.9966800596142001]
[1070.4055455851324, 459.41440763391165, 0.9966800596142001]
[1067.6286358373402, 455.1210450668775, 0.9966800596142001]
[1064.851726089548, 450.8276824998434, 0.9966800596142001]
[1062.0748163417559, 446.53431993280924, 0.9966800596142001]
[1059.2979065939637, 442.24095736577516, 0.9966800596142001]
[1056.5209968461716, 437.947594798741, 0.9966800596142001]
[1053.7440870983794, 433.6542322317069, 0.9966800596142001]
[1050.9671773505872, 429.3608696646728, 0.9966800596142001]
[1048.190267602795, 425.06750709763867, 0.9966800596142001]
[1045.413357855003, 420.77414453060453, 0.9966800596142001]
[1042.6364481072108, 416.4807819635704, 0.9966800596142001]
[1039.8595383594186, 412.1874193965363, 0.9966800596142001]
[1037.0826286116264, 407.8940568295022, 0.9966800596142001]
[1035.738682326163, 405.6514354346429, 1.065140538057196]
[1031.8034068289742, 398.5438043161654, 1.0651405380571946]
[1027.8681313317854, 391.43617319768776, 1.0651405380571946]
[1023.9328558345968, 384.32854207921014, 1.0651405380571946]
[1019.9975803374082, 377.22091096073257, 1.0651405380571946]
[1016.0623048402194, 370.113279842255, 1.0651405380571946]
[1012.1270293430307, 363.00564872377737, 1.0651405380571946]
[1008.1917538458421, 355.8980176052998, 1.0651405380571946]
[1004.2564783486533, 348.7903864868222, 1.0651405380571946]
[1000.3212028514647, 341.6827553683446, 1.0651405380571946]
[996.385927354276, 334.57512424986703, 1.0651405380571946]
[992.4506518570872, 327.4674931313894, 1.0651405380571946]
[988.5153763598986, 320.35986201291183, 1.0651405380571946]
[984.5801008627099, 313.2522308944342, 1.0651405380571946]
[980.6448253655211, 306.14459977595664, 1.0651405380571946]
[976.7095498683325, 299.036968657479, 1.0651405380571946]
[972.7742743711437, 291.92933753900144, 1.0651405380571946]
[968.8389988739551, 284.8217064205238, 1.0651405380571946]
[964.9037233767664, 277.71407530204624, 1.0651405380571946]
[954.4747399809096, 265.71078820284936, 0.6457866496058314]
[948.7069552754776, 261.3643166018301, 0.6457866496058305]
[942.9391705700457, 257.0178450008109, 0.6457866496058305]
[937.1713858646137, 252.67137339979172, 0.6457866496058305]
[931.4036011591818, 248.3249017987725, 0.6457866496058305]
[925.6358164537498, 243.97843019775328, 0.6457866496058305]
[919.8680317483179, 239.63195859673405, 0.6457866496058305]
[914.1002470428859, 235.28548699571485, 0.6457866496058305]
[908.332462337454, 230.93901539469562, 0.6457866496058305]
[902.564677632022, 226.5925437936764, 0.6457866496058305]
[896.7968929265901, 222.24607219265718, 0.6457866496058305]
[891.0291082211581, 217.89960059163798, 0.6457866496058305]
[885.2613235157262, 213.55312899061875, 0.6457866496058305]
[879.4935388102942, 209.20665738959954, 0.6457866496058305]
[873.7257541048623, 204.8601857885803, 0.6457866496058305]
[867.9579693994303, 200.5137141875611, 0.6457866496058305]
[867.9579693994303, 200.5137141875611, 0.6457866496058314]
[857.8369513763764, 195.05425016034098, 0.34357917384687964]
[846.5497082247217, 192.85450123764141, 0.041371698087927955]
[835.1192748420455, 194.11384470615658, -0.2608357776710237]
[831.6323739853538, 195.0445566522187, -0.260835777671023]
[828.145473128662, 195.97526859828076, -0.260835777671023]
[824.6585722719703, 196.90598054434287, -0.260835777671023]
[821.1716714152786, 197.83669249040497, -0.260835777671023]
[817.6847705585869, 198.76740443646707, -0.260835777671023]
[814.1978697018952, 199.69811638252918, -0.260835777671023]
[810.7109688452035, 200.62882832859125, -0.260835777671023]
[807.2240679885119, 201.55954027465336, -0.260835777671023]
[803.7371671318202, 202.49025222071546, -0.260835777671023]
[800.2502662751285, 203.42096416677754, -0.260835777671023]
[796.7633654184368, 204.35167611283964, -0.260835777671023]
[793.2764645617451, 205.28238805890174, -0.260835777671023]
[789.7895637050534, 206.21310000496385, -0.260835777671023]
[786.3026628483617, 207.14381195102595, -0.260835777671023]
[782.81576199167, 208.07452389708803, -0.260835777671023]
[779.3288611349783, 209.00523584315013, -0.260835777671023]
[779.3288611349783, 209.00523584315013, -0.2608357776710237]
[776.08540023239, 209.7214910435858, -0.1738489381088364]
[772.791976526268, 210.15325536671054, -0.08686209854664928]
[764.2379300846009, 210.89815215613618, -0.08686209854665063]
[755.6838836429338, 211.64304894556182, -0.08686209854665063]
[747.1298372012667, 212.38794573498745, -0.08686209854665063]
[738.5757907595996, 213.1328425244131, -0.08686209854665063]
[730.0217443179325, 213.87773931383873, -0.08686209854665063]
[721.4676978762654, 214.62263610326437, -0.08686209854665063]
[712.9136514345984, 215.36753289269, -0.08686209854665063]
[704.3596049929313, 216.11242968211565, -0.08686209854665063]
[695.8055585512641, 216.85732647154128, -0.08686209854665063]
[687.251512109597, 217.60222326096692, -0.08686209854665063]
[678.6974656679299, 218.34712005039256, -0.08686209854665063]
[670.1434192262628, 219.0920168398182, -0.08686209854665063]
[661.5893727845958, 219.83691362924384, -0.08686209854665063]
[653.0353263429287, 220.58181041866948, -0.08686209854665063]
[644.4812799012616, 221.32670720809512, -0.08686209854665063]
[635.9272334595945, 222.07160399752075, -0.08686209854665063]
[627.3731870179274, 222.8165007869464, -0.08686209854665063]
[627.3731870179274, 222.8165007869464, -0.08686209854664928]
[611.9525035786706, 220.9910254581456, 0.3225221145790955]
[610.4213195484637, 220.47931777609546, 0.3225221145790965]
[608.8901355182566, 219.96761009404534, 0.3225221145790965]
[607.3589514880496, 219.45590241199523, 0.3225221145790965]
[605.8277674578426, 218.94419472994514, 0.3225221145790965]
[604.2965834276356, 218.43248704789502, 0.3225221145790965]
[602.7653993974285, 217.9207793658449, 0.3225221145790965]
[601.2342153672215, 217.4090716837948, 0.3225221145790965]
[599.7030313370145, 216.89736400174468, 0.3225221145790965]
[598.1718473068075, 216.38565631969456, 0.3225221145790965]
[596.6406632766004, 215.87394863764445, 0.3225221145790965]
[595.1094792463934, 215.36224095559433, 0.3225221145790965]
[593.5782952161865, 214.85053327354424, 0.3225221145790965]
[592.0471111859795, 214.33882559149413, 0.3225221145790965]
[590.5159271557724, 213.827117909444, 0.3225221145790965]
[588.9847431255654, 213.3154102273939, 0.3225221145790965]
[588.9847431255654, 213.3154102273939, 0.3225221145790982]
[587.1665477919948, 212.6561619298101, 0.37316011232811497]
[585.3840518235917, 211.9057282475227, 0.423798110077132]
[583.6418249320686, 211.06603303654495, 0.47443610782614876]
[575.6088673047084, 206.94063300637328, 0.4744361078261497]
[567.575909677348, 202.81523297620163, 0.4744361078261497]
[559.5429520499877, 198.68983294602995, 0.4744361078261497]
[551.5099944226273, 194.5644329158583, 0.4744361078261497]
[543.477036795267, 190.43903288568663, 0.4744361078261497]
[535.4440791679067, 186.31363285551498, 0.4744361078261497]
[527.4111215405463, 182.18823282534333, 0.4744361078261497]
[519.378163913186, 178.0628327951717, 0.4744361078261497]
[511.3452062858257, 173.937432765, 0.4744361078261497]
[503.31224865846536, 169.81203273482836, 0.4744361078261497]
[495.27929103110506, 165.6866327046567, 0.4744361078261497]
[487.24633340374476, 161.56123267448504, 0.4744361078261497]
[479.2133757763844, 157.4358326443134, 0.4744361078261497]
[471.1804181490241, 153.31043261414175, 0.4744361078261497]
[463.1474605216638, 149.18503258397007, 0.4744361078261497]
[455.1145028943034, 145.05963255379842, 0.4744361078261497]
[447.0815452669431, 140.93423252362678, 0.4744361078261497]
[439.04858763958276, 136.8088324934551, 0.4744361078261497]
[431.01563001222246, 132.68343246328345, 0.4744361078261497]
[407.4750458493704, 125.74265964194072, 0.2464261234896208]
[392.06653937357294, 121.866827275632, 0.2464261234896208]
[376.65803289777557, 117.99099490932329, 0.2464261234896208]
[361.2495264219781, 114.11516254301458, 0.2464261234896208]
[345.8410199461807, 110.23933017670586, 0.2464261234896208]
[330.43251347038336, 106.36349781039715, 0.2464261234896208]
[315.0240069945859, 102.48766544408844, 0.2464261234896208]
[299.6155005187885, 98.61183307777972, 0.2464261234896208]
[284.2069940429911, 94.73600071147101, 0.2464261234896208]
[268.79848756719366, 90.8601683451623, 0.2464261234896208]
[253.38998109139627, 86.9843359788536, 0.2464261234896208]
[237.98147461559887, 83.10850361254488, 0.2464261234896208]
[222.57296813980145, 79.23267124623617, 0.2464261234896208]
[207.16446166400402, 75.35683887992745, 0.2464261234896208]
[191.75595518820663, 71.48100651361874, 0.2464261234896208]
[176.34744871240923, 67.60517414731002, 0.2464261234896208]
[160.9389422366118, 63.72934178100132, 0.2464261234896208]
[145.53043576081438, 59.8535094146926, 0.2464261234896208]
[130.121929285017, 55.97767704838389, 0.2464261234896208]
[127.94583575607253, 55.46634344588484, 0.227839345014114]
[126.45982701178346, 55.121789430401506, 0.227839345014114]
[124.97381826749441, 54.777235414918174, 0.227839345014114]
[123.48780952320534, 54.432681399434834, 0.227839345014114]
[122.00180077891628, 54.0881273839515, 0.227839345014114]
[120.51579203462721, 53.74357336846817, 0.227839345014114]
[119.02978329033814, 53.39901935298484, 0.227839345014114]
[117.54377454604908, 53.054465337501505, 0.227839345014114]
[116.05776580176001, 52.70991132201817, 0.227839345014114]
[114.57175705747095, 52.36535730653484, 0.227839345014114]
[113.0857483131819, 52.0208032910515, 0.227839345014114]
[111.59973956889283, 51.67624927556817, 0.227839345014114]
[110.11373082460376, 51.331695260084835, 0.227839345014114]
[108.6277220803147, 50.9871412446015, 0.227839345014114]
[108.6277220803147, 50.98714124460151, 0.22783934501411363]
[106.4953976931456, 50.556319544682346, 0.17087950876058522]
[104.34200518573917, 50.24758772208687, 0.11391967250705681]
[102.17452918542807, 50.06194716263731, 0.056959836253528406]
[100.0, 50.00000000000001, 0.0]
>>>> 
>>>> inputs
[40.0, 0.0, 0.11831437334643144]
[40.0, 0.0, 0.11831437334643144]
[40.0, 0.0, 0.11831437334643144]
[40.0, 0.0, 0.11831437334643144]
[40.0, 0.0, 0.11831437334643144]
[40.0, 0.0, 0.11831437334643144]
[40.0, 0.0, 0.11831437334643144]
[40.0, 0.0, 0.11831437334643144]
[40.0, 0.0, 0.11831437334643144]
[40.0, 0.0, 0.11831437334643144]
[40.0, 0.0, 0.11831437334643144]
[40.0, 0.0, 0.11831437334643144]
[40.0, 0.0, 0.11831437334643144]
[40.0, 0.0, 0.11831437334643144]
[40.0, 0.0, 0.11831437334643144]
[40.0, 0.0, 0.11831437334643144]
[40.0, 0.0, 0.11831437334643144]
[40.0, 0.0, 0.11831437334643144]
[40.0, -0.8669840139434847, 0.11831437334643144]
[40.0, 0.0, 0.11831437334643144]
[40.0, 0.0, 0.20282020269275208]
[40.0, 0.0, 0.20282020269275208]
[40.0, 0.0, 0.20282020269275208]
[40.0, 0.0, 0.20282020269275208]
[40.0, 0.0, 0.20282020269275208]
[40.0, 0.0, 0.20282020269275208]
[40.0, 0.0, 0.20282020269275208]
[40.0, 0.0, 0.20282020269275208]
[40.0, 0.0, 0.20282020269275208]
[40.0, 0.0, 0.20282020269275208]
[40.0, 0.0, 0.20282020269275208]
[40.0, 0.0, 0.20282020269275208]
[40.0, 0.0, 0.20282020269275208]
[40.0, 0.0, 0.20282020269275208]
[40.0, 0.0, 0.20282020269275208]
[40.0, 0.0, 0.20282020269275208]
[40.0, 0.0, 0.20282020269275208]
[40.0, 0.8669840139434847, 0.20282020269275208]
[40.0, 0.0, 0.20282020269275208]
[40.0, 0.0, 0.20282020269275208]
[40.0, 0.0, 0.17870296202178473]
[40.0, 0.0, 0.17870296202178473]
[40.0, 0.0, 0.17870296202178473]
[40.0, 0.0, 0.17870296202178473]
[40.0, 0.0, 0.17870296202178473]
[40.0, 0.0, 0.17870296202178473]
[40.0, 0.0, 0.17870296202178473]
[40.0, 0.0, 0.17870296202178473]
[40.0, 0.0, 0.17870296202178473]
[40.0, 0.0, 0.17870296202178473]
[40.0, 0.0, 0.17870296202178473]
[40.0, 0.0, 0.17870296202178473]
[40.0, 0.0, 0.17870296202178473]
[40.0, 0.8669840139434847, 0.17870296202178473]
[40.0, 0.8669840139434847, 0.17870296202178473]
[40.0, 0.8669840139434847, 0.17870296202178473]
[40.0, 0.8669840139434847, 0.17870296202178473]
[40.0, 0.0, 0.17870296202178473]
[40.0, 0.0, 0.17870296202178473]
[40.0, 0.0, 0.17870296202178473]
[40.0, 0.0, 0.0804861361777618]
[40.0, 0.0, 0.0804861361777618]
[40.0, 0.0, 0.0804861361777618]
[40.0, 0.0, 0.0804861361777618]
[40.0, 0.0, 0.0804861361777618]
[40.0, 0.0, 0.0804861361777618]
[40.0, 0.0, 0.0804861361777618]
[40.0, 0.0, 0.0804861361777618]
[40.0, 0.0, 0.0804861361777618]
[40.0, 0.0, 0.0804861361777618]
[40.0, 0.0, 0.0804861361777618]
[40.0, 0.0, 0.0804861361777618]
[40.0, 0.0, 0.0804861361777618]
[40.0, -0.8669840139434847, 0.0804861361777618]
[40.0, -0.8669840139434847, 0.0804861361777618]
[40.0, -0.8669840139434847, 0.0804861361777618]
[40.0, 0.0, 0.0804861361777618]
[40.0, 0.0, 0.0804861361777618]
[40.0, 0.0, 0.0804861361777618]
[40.0, 0.0, 0.0804861361777618]
[40.0, 0.0, 0.20200804834913777]
[40.0, 0.0, 0.20200804834913777]
[40.0, 0.0, 0.20200804834913777]
[40.0, 0.0, 0.20200804834913777]
[40.0, 0.0, 0.20200804834913777]
[40.0, 0.0, 0.20200804834913777]
[40.0, 0.0, 0.20200804834913777]
[40.0, 0.0, 0.20200804834913777]
[40.0, 0.0, 0.20200804834913777]
[40.0, 0.0, 0.20200804834913777]
[40.0, 0.0, 0.20200804834913777]
[40.0, 0.0, 0.20200804834913777]
[40.0, 0.0, 0.20200804834913777]
[40.0, -0.8669840139434847, 0.20200804834913777]
[40.0, -0.8669840139434847, 0.20200804834913777]
[40.0, 0.0, 0.20200804834913777]
[40.0, 0.0, 0.20200804834913777]
[40.0, 0.0, 0.20200804834913777]
[40.0, 0.0, 0.20200804834913777]
[40.0, 0.0, 0.20200804834913777]
[40.0, 0.0, 0.03752383463600249]
[40.0, 0.0, 0.03752383463600249]
[40.0, 0.0, 0.03752383463600249]
[40.0, 0.0, 0.03752383463600249]
[40.0, 0.0, 0.03752383463600249]
[40.0, 0.0, 0.03752383463600249]
[40.0, 0.0, 0.03752383463600249]
[40.0, 0.0, 0.03752383463600249]
[40.0, 0.0, 0.03752383463600249]
[40.0, 0.0, 0.03752383463600249]
[40.0, -0.8669840139434847, 0.03752383463600249]
[40.0, -0.8669840139434847, 0.03752383463600249]
[40.0, -0.8669840139434847, 0.03752383463600249]
[40.0, -0.8669840139434847, 0.03752383463600249]
[40.0, 0.0, 0.03752383463600249]
[40.0, 0.0, 0.03752383463600249]
[40.0, 0.0, 0.03752383463600249]
[40.0, 0.0, 0.03752383463600249]
[40.0, 0.0, 0.03752383463600249]
[40.0, 0.0, 0.03752383463600249]
[40.0, 0.0, 0.22535763530167646]
[40.0, 0.0, 0.22535763530167646]
[40.0, 0.0, 0.22535763530167646]
[40.0, 0.0, 0.22535763530167646]
[40.0, 0.0, 0.22535763530167646]
[40.0, 0.0, 0.22535763530167646]
[40.0, 0.0, 0.22535763530167646]
[40.0, 0.0, 0.22535763530167646]
[40.0, 0.0, 0.22535763530167646]
[40.0, 0.0, 0.22535763530167646]
[40.0, 0.0, 0.22535763530167646]
[40.0, 0.0, 0.22535763530167646]
[40.0, 0.0, 0.22535763530167646]
[40.0, 0.0, 0.22535763530167646]
[40.0, 0.0, 0.22535763530167646]
[40.0, 0.0, 0.22535763530167646]
[40.0, 0.0, 0.22535763530167646]
[40.0, 0.0, 0.22535763530167646]
[40.0, 0.0, 0.22535763530167646]
[40.0, 0.0, 0.22535763530167646]
[40.0, 0.0, 0.37823911611272126]
[40.0, 0.0, 0.37823911611272126]
[40.0, 0.0, 0.37823911611272126]
[40.0, 0.0, 0.37823911611272126]
[40.0, 0.0, 0.37823911611272126]
[40.0, 0.0, 0.37823911611272126]
[40.0, 0.0, 0.37823911611272126]
[40.0, 0.0, 0.37823911611272126]
[40.0, 0.0, 0.37823911611272126]
[40.0, 0.0, 0.37823911611272126]
[40.0, 0.0, 0.37823911611272126]
[40.0, 0.0, 0.37823911611272126]
[40.0, 0.0, 0.37823911611272126]
[40.0, 0.0, 0.37823911611272126]
[40.0, 0.0, 0.37823911611272126]
[40.0, 0.0, 0.37823911611272126]
[40.0, 0.0, 0.37823911611272126]
[40.0, 0.0, 0.37823911611272126]
[40.0, 0.0, 0.37823911611272126]
[40.0, 0.0, 0.37823911611272126]
[40.0, 0.0, 0.037573568301901894]
[40.0, 0.0, 0.037573568301901894]
[40.0, 0.0, 0.037573568301901894]
[40.0, 0.0, 0.037573568301901894]
[40.0, 0.0, 0.037573568301901894]
[40.0, 0.0, 0.037573568301901894]
[40.0, 0.8669840139434847, 0.037573568301901894]
[40.0, 0.8669840139434847, 0.037573568301901894]
[40.0, 0.8669840139434847, 0.037573568301901894]
[40.0, 0.8669840139434847, 0.037573568301901894]
[40.0, 0.8669840139434847, 0.037573568301901894]
>>>> 
