----------------------------
RRT search Summary          
----------------------------
Map Name               : Random
Total paths found      : 1
Total number of nodes  : 1099
Total elapsed time     : 65.83319330215454 s
Solver                 : RRTstar 
----------------------------
Path number   : 0
Path length   : 1244.2854129481013
Time required : 29.798777103424072 s
>>>> Nodes
[1103.9971589514405, 510.12745967365606, 1.1600471140119566]
[1100.8816922313517, 502.9740551997437, 1.1600471140119566]
[1097.766225511263, 495.82065072583134, 1.1600471140119566]
[1094.6507587911742, 488.6672462519189, 1.1600471140119566]
[1091.5352920710857, 481.5138417780065, 1.1600471140119566]
[1088.419825350997, 474.36043730409415, 1.1600471140119566]
[1085.3043586309082, 467.2070328301818, 1.1600471140119566]
[1082.1888919108194, 460.0536283562694, 1.1600471140119566]
[1079.0734251907306, 452.900223882357, 1.1600471140119566]
[1075.9579584706419, 445.74681940844465, 1.1600471140119566]
[1072.8424917505533, 438.59341493453223, 1.1600471140119566]
[1069.7270250304646, 431.4400104606199, 1.1600471140119566]
[1066.6115583103758, 424.2866059867075, 1.1600471140119566]
[1063.496091590287, 417.1332015127951, 1.1600471140119566]
[1060.3806248701983, 409.97979703888274, 1.1600471140119566]
[1057.2651581501095, 402.8263925649703, 1.1600471140119566]
[1054.149691430021, 395.67298809105796, 1.1600471140119566]
[1051.0342247099322, 388.5195836171456, 1.1600471140119566]
[1047.9187579898435, 381.3661791432332, 1.1600471140119566]
[1044.8032912697547, 374.2127746693208, 1.1600471140119566]
[1040.523966061906, 366.19592196044584, 1.059070215356724]
[1037.9605105143496, 361.63158452401694, 1.059070215356724]
[1035.3970549667931, 357.067247087588, 1.059070215356724]
[1032.8335994192364, 352.5029096511591, 1.059070215356724]
[1030.27014387168, 347.9385722147302, 1.059070215356724]
[1027.7066883241234, 343.3742347783013, 1.059070215356724]
[1025.143232776567, 338.8098973418724, 1.059070215356724]
[1022.5797772290105, 334.24555990544343, 1.059070215356724]
[1020.0163216814539, 329.68122246901453, 1.059070215356724]
[1017.4528661338974, 325.1168850325856, 1.059070215356724]
[1014.8894105863409, 320.5525475961567, 1.059070215356724]
[1012.3259550387843, 315.9882101597278, 1.059070215356724]
[1009.7624994912278, 311.4238727232989, 1.059070215356724]
[1007.1990439436713, 306.85953528687, 1.059070215356724]
[1004.6355883961148, 302.29519785044107, 1.059070215356724]
[1002.0721328485582, 297.73086041401217, 1.059070215356724]
[999.5086773010017, 293.16652297758327, 1.059070215356724]
[999.5086773010017, 293.16652297758327, 1.0590702153567237]
[997.332621946169, 288.6105165655136, 1.1913491728113335]
[994.6482211629934, 281.87884536587296, 1.1913491728113341]
[991.9638203798179, 275.1471741662323, 1.1913491728113341]
[989.2794195966424, 268.4155029665916, 1.1913491728113341]
[986.5950188134669, 261.68383176695096, 1.1913491728113341]
[983.9106180302914, 254.9521605673103, 1.1913491728113341]
[981.2262172471159, 248.22048936766964, 1.1913491728113341]
[978.5418164639403, 241.48881816802896, 1.1913491728113341]
[975.8574156807648, 234.7571469683883, 1.1913491728113341]
[973.1730148975894, 228.02547576874764, 1.1913491728113341]
[970.4886141144138, 221.29380456910698, 1.1913491728113341]
[967.8042133312383, 214.56213336946632, 1.1913491728113341]
[965.1198125480628, 207.83046216982567, 1.1913491728113341]
[965.1198125480628, 207.8304621698257, 1.191349172811334]
[961.0897553425033, 200.30148284282984, 0.9673114619387122]
[955.4877159473159, 193.85601579992425, 0.7432737510660904]
[948.593702794644, 188.81622677287172, 0.5192360401934686]
[940.752301432335, 185.43402106333969, 0.2951983293208469]
[932.3554510001157, 183.87845248389604, 0.07116061844822497]
[923.8228538168394, 184.2272734900832, -0.15287709242439673]
[917.1735224597644, 185.25179792351673, -0.1528770924243957]
[910.5241911026894, 186.2763223569503, -0.1528770924243957]
[903.8748597456143, 187.30084679038384, -0.1528770924243957]
[897.2255283885394, 188.3253712238174, -0.1528770924243957]
[890.5761970314644, 189.34989565725093, -0.1528770924243957]
[883.9268656743893, 190.37442009068448, -0.1528770924243957]
[877.2775343173143, 191.39894452411804, -0.1528770924243957]
[870.6282029602394, 192.4234689575516, -0.1528770924243957]
[863.9788716031644, 193.44799339098515, -0.1528770924243957]
[857.3295402460893, 194.4725178244187, -0.1528770924243957]
[850.6802088890144, 195.49704225785226, -0.1528770924243957]
[844.0308775319394, 196.5215666912858, -0.1528770924243957]
[837.3815461748643, 197.54609112471937, -0.1528770924243957]
[830.7322148177893, 198.5706155581529, -0.1528770924243957]
[824.0828834607144, 199.59513999158645, -0.1528770924243957]
[817.4335521036394, 200.61966442502, -0.1528770924243957]
[810.7842207465643, 201.64418885845356, -0.1528770924243957]
[804.1348893894893, 202.66871329188712, -0.1528770924243957]
[804.1020044668687, 202.6737655174609, -0.15200606607537703]
[800.828703332012, 203.1751950926673, -0.15200606607537645]
[797.5554021971552, 203.67662466787374, -0.15200606607537645]
[794.2821010622984, 204.17805424308014, -0.15200606607537645]
[791.0087999274416, 204.67948381828654, -0.15200606607537645]
[787.7354987925848, 205.18091339349297, -0.15200606607537645]
[784.4621976577281, 205.68234296869937, -0.15200606607537645]
[781.1888965228712, 206.18377254390577, -0.15200606607537645]
[777.9155953880145, 206.6852021191122, -0.15200606607537645]
[774.6422942531577, 207.1866316943186, -0.15200606607537645]
[771.368993118301, 207.68806126952504, -0.15200606607537645]
[768.0956919834441, 208.18949084473144, -0.15200606607537645]
[764.8223908485874, 208.69092041993784, -0.15200606607537645]
[761.5490897137306, 209.19234999514427, -0.15200606607537645]
[758.2757885788739, 209.69377957035067, -0.15200606607537645]
[755.002487444017, 210.19520914555707, -0.15200606607537645]
[751.7291863091602, 210.6966387207635, -0.15200606607537645]
[748.4558851743035, 211.1980682959699, -0.15200606607537645]
[748.4558851743035, 211.1980682959699, -0.15200606607537703]
[744.7704046854691, 211.5808265429866, -0.054963386640815015]
[735.5587019783742, 212.08764338345628, -0.054963386640814266]
[726.3469992712793, 212.59446022392595, -0.054963386640814266]
[717.1352965641844, 213.10127706439562, -0.054963386640814266]
[707.9235938570895, 213.60809390486529, -0.054963386640814266]
[698.7118911499946, 214.11491074533495, -0.054963386640814266]
[689.5001884428997, 214.62172758580462, -0.054963386640814266]
[680.2884857358049, 215.1285444262743, -0.054963386640814266]
[671.07678302871, 215.63536126674398, -0.054963386640814266]
[661.8650803216151, 216.14217810721365, -0.054963386640814266]
[652.6533776145202, 216.64899494768332, -0.054963386640814266]
[643.4416749074253, 217.155811788153, -0.054963386640814266]
[634.2299722003304, 217.66262862862266, -0.054963386640814266]
[625.0182694932355, 218.16944546909232, -0.054963386640814266]
[615.8065667861406, 218.676262309562, -0.054963386640814266]
[606.5948640790457, 219.18307915003166, -0.054963386640814266]
[597.3831613719508, 219.68989599050133, -0.054963386640814266]
[597.3831613719508, 219.68989599050133, -0.054963386640815015]
[586.6887339189745, 218.7677688881322, 0.2269879264578747]
[576.6731466883128, 214.90653730159124, 0.5089392395565646]
[567.3143167860806, 209.6846201105667, 0.5089392395565655]
[557.9554868838482, 204.4627029195422, 0.5089392395565655]
[548.5966569816159, 199.24078572851772, 0.5089392395565655]
[539.2378270793836, 194.0188685374932, 0.5089392395565655]
[529.8789971771513, 188.7969513464687, 0.5089392395565655]
[520.520167274919, 183.5750341554442, 0.5089392395565655]
[511.1613373726866, 178.3531169644197, 0.5089392395565655]
[501.8025074704543, 173.1311997733952, 0.5089392395565655]
[492.44367756822203, 167.9092825823707, 0.5089392395565655]
[483.0848476659897, 162.6873653913462, 0.5089392395565655]
[473.72601776375734, 157.4654482003217, 0.5089392395565655]
[464.36718786152505, 152.2435310092972, 0.5089392395565655]
[455.00835795929277, 147.0216138182727, 0.5089392395565655]
[445.6495280570604, 141.79969662724818, 0.5089392395565655]
[436.2906981548281, 136.5777794362237, 0.5089392395565655]
[426.9318682525958, 131.35586224519918, 0.5089392395565655]
[417.5730383503635, 126.13394505417469, 0.5089392395565655]
[408.21420844813116, 120.91202786315019, 0.5089392395565655]
[398.457040810427, 117.11142959486023, 0.23393707887230164]
[384.5412505585964, 113.79529486427563, 0.23393707887230183]
[370.6254603067658, 110.47916013369101, 0.23393707887230183]
[356.70967005493515, 107.16302540310642, 0.23393707887230183]
[342.7938798031046, 103.84689067252182, 0.23393707887230183]
[328.878089551274, 100.5307559419372, 0.23393707887230183]
[314.9622992994434, 97.21462121135261, 0.23393707887230183]
[301.04650904761274, 93.898486480768, 0.23393707887230183]
[287.1307187957822, 90.58235175018339, 0.23393707887230183]
[273.2149285439516, 87.2662170195988, 0.23393707887230183]
[259.299138292121, 83.95008228901419, 0.23393707887230183]
[245.3833480402904, 80.63394755842958, 0.23393707887230183]
[231.46755778845977, 77.31781282784499, 0.23393707887230183]
[217.5517675366292, 74.00167809726038, 0.23393707887230183]
[203.63597728479857, 70.68554336667577, 0.23393707887230183]
[189.720187032968, 67.36940863609117, 0.23393707887230183]
[175.8043967811374, 64.05327390550657, 0.23393707887230183]
[161.8886065293068, 60.737139174921964, 0.23393707887230183]
[147.9728162774762, 57.421004444337356, 0.23393707887230183]
[134.0570260256456, 54.104869713752755, 0.23393707887230183]
[128.23791837544184, 53.152172580673025, 0.12099790161727947]
[126.66275782552955, 52.96064586406942, 0.12099790161727947]
[125.0875972756173, 52.769119147465815, 0.12099790161727947]
[123.51243672570503, 52.57759243086221, 0.12099790161727947]
[121.93727617579276, 52.386065714258606, 0.12099790161727947]
[120.36211562588049, 52.194538997655, 0.12099790161727947]
[118.78695507596822, 52.0030122810514, 0.12099790161727947]
[117.21179452605597, 51.81148556444779, 0.12099790161727947]
[115.6366339761437, 51.619958847844195, 0.12099790161727947]
[114.06147342623143, 51.42843213124059, 0.12099790161727947]
[112.48631287631916, 51.236905414636986, 0.12099790161727947]
[110.91115232640689, 51.04537869803338, 0.12099790161727947]
[109.33599177649462, 50.85385198142978, 0.12099790161727947]
[107.76083122658237, 50.66232526482617, 0.12099790161727947]
[106.1856706766701, 50.47079854822257, 0.12099790161727947]
[104.61051012675783, 50.27927183161896, 0.12099790161727947]
[104.61051012675783, 50.27927183161896, 0.1209979016172793]
[102.30948026538832, 50.06988188247572, 0.06049895080863976]
[100.0, 50.00000000000001, 0.0]
>>>> 
>>>> inputs
[40.0, 0.0, 0.19012811322770093]
[40.0, 0.0, 0.19012811322770093]
[40.0, 0.0, 0.19012811322770093]
[40.0, 0.0, 0.19012811322770093]
[40.0, 0.0, 0.19012811322770093]
[40.0, 0.0, 0.19012811322770093]
[40.0, 0.0, 0.19012811322770093]
[40.0, 0.0, 0.19012811322770093]
[40.0, 0.0, 0.19012811322770093]
[40.0, 0.0, 0.19012811322770093]
[40.0, 0.0, 0.19012811322770093]
[40.0, 0.0, 0.19012811322770093]
[40.0, 0.0, 0.19012811322770093]
[40.0, 0.0, 0.19012811322770093]
[40.0, 0.0, 0.19012811322770093]
[40.0, 0.0, 0.19012811322770093]
[40.0, 0.0, 0.19012811322770093]
[40.0, 0.0, 0.19012811322770093]
[40.0, 0.0, 0.19012811322770093]
[40.0, 0.0, 0.19012811322770093]
[40.0, 0.0, 0.11755809408814073]
[40.0, 0.0, 0.11755809408814073]
[40.0, 0.0, 0.11755809408814073]
[40.0, 0.0, 0.11755809408814073]
[40.0, 0.0, 0.11755809408814073]
[40.0, 0.0, 0.11755809408814073]
[40.0, 0.0, 0.11755809408814073]
[40.0, 0.0, 0.11755809408814073]
[40.0, 0.0, 0.11755809408814073]
[40.0, 0.0, 0.11755809408814073]
[40.0, 0.0, 0.11755809408814073]
[40.0, 0.0, 0.11755809408814073]
[40.0, 0.0, 0.11755809408814073]
[40.0, 0.0, 0.11755809408814073]
[40.0, 0.0, 0.11755809408814073]
[40.0, 0.0, 0.11755809408814073]
[40.0, -0.8669840139434847, 0.11755809408814073]
[40.0, -0.8669840139434847, 0.11755809408814073]
[40.0, 0.0, 0.11755809408814073]
[40.0, 0.0, 0.11755809408814073]
[40.0, 0.0, 0.17288955573682235]
[40.0, 0.0, 0.17288955573682235]
[40.0, 0.0, 0.17288955573682235]
[40.0, 0.0, 0.17288955573682235]
[40.0, 0.0, 0.17288955573682235]
[40.0, 0.0, 0.17288955573682235]
[40.0, 0.0, 0.17288955573682235]
[40.0, 0.0, 0.17288955573682235]
[40.0, 0.0, 0.17288955573682235]
[40.0, 0.0, 0.17288955573682235]
[40.0, 0.8669840139434847, 0.17288955573682235]
[40.0, 0.8669840139434847, 0.17288955573682235]
[40.0, 0.8669840139434847, 0.17288955573682235]
[40.0, 0.8669840139434847, 0.17288955573682235]
[40.0, 0.8669840139434847, 0.17288955573682235]
[40.0, 0.8669840139434847, 0.17288955573682235]
[40.0, 0.8669840139434847, 0.17288955573682235]
[40.0, 0.0, 0.17288955573682235]
[40.0, 0.0, 0.17288955573682235]
[40.0, 0.0, 0.17288955573682235]
[40.0, 0.0, 0.1514170298701853]
[40.0, 0.0, 0.1514170298701853]
[40.0, 0.0, 0.1514170298701853]
[40.0, 0.0, 0.1514170298701853]
[40.0, 0.0, 0.1514170298701853]
[40.0, 0.0, 0.1514170298701853]
[40.0, 0.0, 0.1514170298701853]
[40.0, 0.0, 0.1514170298701853]
[40.0, 0.0, 0.1514170298701853]
[40.0, 0.0, 0.1514170298701853]
[40.0, 0.0, 0.1514170298701853]
[40.0, 0.0, 0.1514170298701853]
[40.0, 0.0, 0.1514170298701853]
[40.0, 0.0, 0.1514170298701853]
[40.0, 0.0, 0.1514170298701853]
[40.0, -0.8669840139434847, 0.1514170298701853]
[40.0, 0.0, 0.1514170298701853]
[40.0, 0.0, 0.1514170298701853]
[40.0, 0.0, 0.1514170298701853]
[40.0, 0.0, 0.1514170298701853]
[40.0, 0.0, 0.07500249978460832]
[40.0, 0.0, 0.07500249978460832]
[40.0, 0.0, 0.07500249978460832]
[40.0, 0.0, 0.07500249978460832]
[40.0, 0.0, 0.07500249978460832]
[40.0, 0.0, 0.07500249978460832]
[40.0, 0.0, 0.07500249978460832]
[40.0, 0.0, 0.07500249978460832]
[40.0, 0.0, 0.07500249978460832]
[40.0, 0.0, 0.07500249978460832]
[40.0, 0.0, 0.07500249978460832]
[40.0, 0.0, 0.07500249978460832]
[40.0, 0.0, 0.07500249978460832]
[40.0, -0.8669840139434847, 0.07500249978460832]
[40.0, -0.8669840139434847, 0.07500249978460832]
[40.0, 0.0, 0.07500249978460832]
[40.0, 0.0, 0.07500249978460832]
[40.0, 0.0, 0.07500249978460832]
[40.0, 0.0, 0.07500249978460832]
[40.0, 0.0, 0.07500249978460832]
[40.0, 0.0, 0.211437055105027]
[40.0, 0.0, 0.211437055105027]
[40.0, 0.0, 0.211437055105027]
[40.0, 0.0, 0.211437055105027]
[40.0, 0.0, 0.211437055105027]
[40.0, 0.0, 0.211437055105027]
[40.0, 0.0, 0.211437055105027]
[40.0, 0.0, 0.211437055105027]
[40.0, 0.0, 0.211437055105027]
[40.0, 0.0, 0.211437055105027]
[40.0, 0.0, 0.211437055105027]
[40.0, -0.8669840139434847, 0.211437055105027]
[40.0, -0.8669840139434847, 0.211437055105027]
[40.0, -0.8669840139434847, 0.211437055105027]
[40.0, 0.0, 0.211437055105027]
[40.0, 0.0, 0.211437055105027]
[40.0, 0.0, 0.211437055105027]
[40.0, 0.0, 0.211437055105027]
[40.0, 0.0, 0.211437055105027]
[40.0, 0.0, 0.211437055105027]
[40.0, 0.0, 0.2542650140749194]
[40.0, 0.0, 0.2542650140749194]
[40.0, 0.0, 0.2542650140749194]
[40.0, 0.0, 0.2542650140749194]
[40.0, 0.0, 0.2542650140749194]
[40.0, 0.0, 0.2542650140749194]
[40.0, 0.0, 0.2542650140749194]
[40.0, 0.0, 0.2542650140749194]
[40.0, 0.0, 0.2542650140749194]
[40.0, 0.0, 0.2542650140749194]
[40.0, 0.0, 0.2542650140749194]
[40.0, 0.0, 0.2542650140749194]
[40.0, 0.8669840139434847, 0.2542650140749194]
[40.0, 0.0, 0.2542650140749194]
[40.0, 0.0, 0.2542650140749194]
[40.0, 0.0, 0.2542650140749194]
[40.0, 0.0, 0.2542650140749194]
[40.0, 0.0, 0.2542650140749194]
[40.0, 0.0, 0.2542650140749194]
[40.0, 0.0, 0.2542650140749194]
[40.0, 0.0, 0.3451469425966144]
[40.0, 0.0, 0.3451469425966144]
[40.0, 0.0, 0.3451469425966144]
[40.0, 0.0, 0.3451469425966144]
[40.0, 0.0, 0.3451469425966144]
[40.0, 0.0, 0.3451469425966144]
[40.0, 0.0, 0.3451469425966144]
[40.0, 0.0, 0.3451469425966144]
[40.0, 0.0, 0.3451469425966144]
[40.0, 0.0, 0.3451469425966144]
[40.0, 0.0, 0.3451469425966144]
[40.0, 0.0, 0.3451469425966144]
[40.0, 0.0, 0.3451469425966144]
[40.0, 0.0, 0.3451469425966144]
[40.0, 0.0, 0.3451469425966144]
[40.0, 0.0, 0.3451469425966144]
[40.0, 0.0, 0.3451469425966144]
[40.0, 0.0, 0.3451469425966144]
[40.0, 0.0, 0.3451469425966144]
[40.0, 0.0, 0.3451469425966144]
[40.0, 0.0, 0.03751246170110846]
[40.0, 0.0, 0.03751246170110846]
[40.0, 0.0, 0.03751246170110846]
[40.0, 0.0, 0.03751246170110846]
[40.0, 0.0, 0.03751246170110846]
[40.0, 0.0, 0.03751246170110846]
[40.0, 0.0, 0.03751246170110846]
[40.0, 0.0, 0.03751246170110846]
[40.0, 0.8669840139434847, 0.03751246170110846]
[40.0, 0.8669840139434847, 0.03751246170110846]
[40.0, 0.8669840139434847, 0.03751246170110846]
>>>> 
