----------------------------
RRT search Summary          
----------------------------
Map Name               : Random
Total paths found      : 1
Total number of nodes  : 822
Total elapsed time     : 57.5878210067749 s
Solver                 : RRTstar 
----------------------------
Path number   : 0
Path length   : 1264.552821910715
Time required : 48.277649879455566 s
>>>> Nodes
[1100.0586185921802, 488.2124802883454, 1.1772518854020046]
[1098.002950328318, 483.2615002183609, 1.1772518854020046]
[1095.9472820644557, 478.3105201483764, 1.1772518854020046]
[1093.8916138005936, 473.3595400783919, 1.1772518854020046]
[1091.8359455367313, 468.4085600084074, 1.1772518854020046]
[1089.7802772728692, 463.4575799384229, 1.1772518854020046]
[1087.7246090090068, 458.50659986843846, 1.1772518854020046]
[1085.6689407451447, 453.55561979845396, 1.1772518854020046]
[1083.6132724812824, 448.60463972846946, 1.1772518854020046]
[1081.5576042174202, 443.65365965848497, 1.1772518854020046]
[1079.501935953558, 438.7026795885005, 1.1772518854020046]
[1077.4462676896958, 433.751699518516, 1.1772518854020046]
[1075.3905994258334, 428.8007194485315, 1.1772518854020046]
[1073.3349311619713, 423.849739378547, 1.1772518854020046]
[1071.279262898109, 418.8987593085625, 1.1772518854020046]
[1069.2235946342469, 413.94777923857805, 1.1772518854020046]
[1067.1679263703845, 408.99679916859355, 1.1772518854020046]
[1065.1122581065224, 404.04581909860906, 1.1772518854020046]
[1063.05658984266, 399.09483902862456, 1.1772518854020046]
[1061.000921578798, 394.14385895864007, 1.1772518854020046]
[1058.2509374324281, 387.5477201770054, 1.1757937650597565]
[1055.522348244403, 381.00300425158946, 1.1757937650597565]
[1052.7937590563777, 374.45828832617354, 1.1757937650597565]
[1050.0651698683525, 367.91357240075763, 1.1757937650597565]
[1047.3365806803272, 361.3688564753417, 1.1757937650597565]
[1044.607991492302, 354.8241405499258, 1.1757937650597565]
[1041.8794023042767, 348.2794246245099, 1.1757937650597565]
[1039.1508131162514, 341.73470869909397, 1.1757937650597565]
[1036.4222239282262, 335.18999277367806, 1.1757937650597565]
[1033.6936347402009, 328.64527684826214, 1.1757937650597565]
[1030.9650455521758, 322.1005609228462, 1.1757937650597565]
[1028.2364563641504, 315.5558449974303, 1.1757937650597565]
[1025.507867176125, 309.0111290720144, 1.1757937650597565]
[1022.7792779880999, 302.4664131465985, 1.1757937650597565]
[1020.0506888000746, 295.92169722118257, 1.1757937650597565]
[1017.3220996120493, 289.37698129576665, 1.1757937650597565]
[1014.5935104240241, 282.83226537035074, 1.1757937650597565]
[1011.8649212359988, 276.2875494449348, 1.1757937650597565]
[1006.6152988689214, 267.3504032054339, 0.9036018773378544]
[1000.7660065425628, 259.9245954821772, 0.9036018773378544]
[994.9167142162041, 252.49878775892046, 0.9036018773378544]
[989.0674218898454, 245.07298003566373, 0.9036018773378544]
[983.2181295634867, 237.647172312407, 0.9036018773378544]
[977.3688372371281, 230.22136458915028, 0.9036018773378544]
[971.5195449107694, 222.79555686589356, 0.9036018773378544]
[965.6702525844107, 215.3697491426368, 0.9036018773378544]
[959.8209602580521, 207.9439414193801, 0.9036018773378544]
[953.9716679316934, 200.51813369612336, 0.9036018773378544]
[948.1223756053347, 193.09232597286666, 0.9036018773378544]
[942.2730832789761, 185.6665182496099, 0.9036018773378544]
[936.4237909526174, 178.2407105263532, 0.9036018773378544]
[930.5744986262587, 170.81490280309646, 0.9036018773378544]
[924.7252062999, 163.38909507983973, 0.9036018773378544]
[918.8759139735414, 155.963287356583, 0.9036018773378544]
[913.0266216471828, 148.53747963332629, 0.9036018773378544]
[907.177329320824, 141.11167191006956, 0.9036018773378544]
[901.3280369944654, 133.68586418681284, 0.9036018773378544]
[891.9369927168979, 125.16519981343096, 0.570085253917981]
[883.915239363253, 120.02254327737677, 0.57008525391798]
[875.8934860096082, 114.87988674132258, 0.57008525391798]
[867.8717326559633, 109.7372302052684, 0.57008525391798]
[859.8499793023186, 104.59457366921421, 0.57008525391798]
[851.8282259486738, 99.45191713316004, 0.57008525391798]
[843.8064725950289, 94.30926059710586, 0.57008525391798]
[835.7847192413841, 89.16660406105167, 0.57008525391798]
[827.7629658877393, 84.02394752499748, 0.57008525391798]
[819.7412125340945, 78.8812909889433, 0.57008525391798]
[811.7194591804497, 73.73863445288913, 0.57008525391798]
[803.6977058268048, 68.59597791683494, 0.57008525391798]
[795.67595247316, 63.453321380780764, 0.57008525391798]
[787.6541991195152, 58.310664844726574, 0.57008525391798]
[779.6324457658704, 53.1680083086724, 0.57008525391798]
[771.6106924122256, 48.025351772618215, 0.57008525391798]
[763.5889390585808, 42.88269523656403, 0.57008525391798]
[763.5889390585808, 42.882695236564054, 0.5700852539179808]
[747.5969680461122, 37.12281645662073, 0.12133248179217793]
[730.6895015290729, 38.87122041408147, -0.32742029033362474]
[721.9318670743156, 41.845707484833895, -0.32742029033362496]
[713.1742326195584, 44.82019455558631, -0.32742029033362496]
[704.4165981648011, 47.79468162633873, -0.32742029033362496]
[695.658963710044, 50.769168697091146, -0.32742029033362496]
[686.9013292552867, 53.743655767843556, -0.32742029033362496]
[678.1436948005294, 56.71814283859597, -0.32742029033362496]
[669.3860603457722, 59.69262990934839, -0.32742029033362496]
[660.6284258910149, 62.6671169801008, -0.32742029033362496]
[651.8707914362576, 65.64160405085322, -0.32742029033362496]
[643.1131569815004, 68.61609112160563, -0.32742029033362496]
[634.3555225267431, 71.59057819235805, -0.32742029033362496]
[625.597888071986, 74.56506526311047, -0.32742029033362496]
[616.8402536172287, 77.53955233386289, -0.32742029033362496]
[608.0826191624714, 80.51403940461529, -0.32742029033362496]
[599.3249847077142, 83.4885264753677, -0.32742029033362496]
[590.5673502529569, 86.46301354612012, -0.32742029033362496]
[581.8097157981997, 89.43750061687254, -0.32742029033362496]
[573.0520813434424, 92.41198768762496, -0.32742029033362496]
[572.0271051586878, 92.74406767431168, -0.2992123293156719]
[564.6699893844166, 95.01354232107754, -0.2992123293156707]
[557.3128736101453, 97.28301696784338, -0.2992123293156707]
[549.9557578358741, 99.55249161460922, -0.2992123293156707]
[542.5986420616028, 101.82196626137507, -0.2992123293156707]
[535.2415262873316, 104.09144090814091, -0.2992123293156707]
[527.8844105130603, 106.36091555490674, -0.2992123293156707]
[520.5272947387891, 108.63039020167258, -0.2992123293156707]
[513.1701789645178, 110.89986484843843, -0.2992123293156707]
[505.81306319024657, 113.16933949520427, -0.2992123293156707]
[498.4559474159753, 115.43881414197011, -0.2992123293156707]
[491.09883164170407, 117.70828878873596, -0.2992123293156707]
[483.7417158674328, 119.9777634355018, -0.2992123293156707]
[476.38460009316157, 122.24723808226764, -0.2992123293156707]
[469.0274843188903, 124.51671272903349, -0.2992123293156707]
[461.67036854461907, 126.78618737579933, -0.2992123293156707]
[454.3132527703478, 129.05566202256517, -0.2992123293156707]
[454.3132527703478, 129.0556620225652, -0.29921232931567054]
[444.7867372176252, 130.71347938687643, -0.045379604059579526]
[435.14917509659784, 129.9259177365811, 0.2084531211965115]
[424.19146512643897, 127.60807911633145, 0.20845312119651188]
[413.23375515628015, 125.2902404960818, 0.20845312119651188]
[402.2760451861212, 122.97240187583213, 0.20845312119651188]
[391.3183352159624, 120.65456325558247, 0.20845312119651188]
[380.3606252458036, 118.33672463533281, 0.20845312119651188]
[369.40291527564466, 116.01888601508315, 0.20845312119651188]
[358.44520530548584, 113.7010473948335, 0.20845312119651188]
[347.48749533532697, 111.38320877458384, 0.20845312119651188]
[336.5297853651681, 109.06537015433418, 0.20845312119651188]
[325.5720753950093, 106.74753153408452, 0.20845312119651188]
[314.6143654248504, 104.42969291383486, 0.20845312119651188]
[303.65665545469153, 102.1118542935852, 0.20845312119651188]
[292.69894548453266, 99.79401567333554, 0.20845312119651188]
[281.7412355143738, 97.47617705308588, 0.20845312119651188]
[270.78352554421497, 95.15833843283622, 0.20845312119651188]
[259.8258155740561, 92.84049981258656, 0.20845312119651188]
[248.86810560389722, 90.5226611923369, 0.20845312119651188]
[237.91039563373837, 88.20482257208724, 0.20845312119651188]
[235.2054482191899, 87.52864382742965, 0.2814637672428497]
[228.2834639407318, 85.52722270038521, 0.28146376724284977]
[221.36147966227372, 83.52580157334079, 0.28146376724284977]
[214.43949538381563, 81.52438044629636, 0.28146376724284977]
[207.51751110535753, 79.52295931925192, 0.28146376724284977]
[200.59552682689946, 77.5215381922075, 0.28146376724284977]
[193.67354254844136, 75.52011706516308, 0.28146376724284977]
[186.75155826998326, 73.51869593811864, 0.28146376724284977]
[179.8295739915252, 71.5172748110742, 0.28146376724284977]
[172.9075897130671, 69.51585368402978, 0.28146376724284977]
[165.985605434609, 67.51443255698535, 0.28146376724284977]
[159.06362115615093, 65.51301142994092, 0.28146376724284977]
[152.14163687769283, 63.511590302896494, 0.28146376724284977]
[145.21965259923473, 61.51016917585206, 0.28146376724284977]
[138.29766832077667, 59.50874804880763, 0.28146376724284977]
[131.37568404231857, 57.50732692176321, 0.28146376724284977]
[124.45369976386048, 55.50590579471878, 0.28146376724284977]
[117.53171548540239, 53.50448466767435, 0.28146376724284977]
[110.6097312069443, 51.50306354062992, 0.28146376724284977]
[100.0, 50.00000000000001, 0.0]
>>>> 
>>>> inputs
[40.0, 0.0, 0.1273881749253288]
[40.0, 0.0, 0.1273881749253288]
[40.0, 0.0, 0.1273881749253288]
[40.0, 0.0, 0.1273881749253288]
[40.0, 0.0, 0.1273881749253288]
[40.0, 0.0, 0.1273881749253288]
[40.0, 0.0, 0.1273881749253288]
[40.0, 0.0, 0.1273881749253288]
[40.0, 0.0, 0.1273881749253288]
[40.0, 0.0, 0.1273881749253288]
[40.0, 0.0, 0.1273881749253288]
[40.0, 0.0, 0.1273881749253288]
[40.0, 0.0, 0.1273881749253288]
[40.0, 0.0, 0.1273881749253288]
[40.0, 0.0, 0.1273881749253288]
[40.0, 0.0, 0.1273881749253288]
[40.0, 0.0, 0.1273881749253288]
[40.0, 0.0, 0.1273881749253288]
[40.0, 0.0, 0.1273881749253288]
[40.0, 0.0, 0.1273881749253288]
[40.0, 0.0, 0.17253771531074757]
[40.0, 0.0, 0.17253771531074757]
[40.0, 0.0, 0.17253771531074757]
[40.0, 0.0, 0.17253771531074757]
[40.0, 0.0, 0.17253771531074757]
[40.0, 0.0, 0.17253771531074757]
[40.0, 0.0, 0.17253771531074757]
[40.0, 0.0, 0.17253771531074757]
[40.0, 0.0, 0.17253771531074757]
[40.0, 0.0, 0.17253771531074757]
[40.0, 0.0, 0.17253771531074757]
[40.0, 0.0, 0.17253771531074757]
[40.0, 0.0, 0.17253771531074757]
[40.0, 0.0, 0.17253771531074757]
[40.0, 0.0, 0.17253771531074757]
[40.0, 0.0, 0.17253771531074757]
[40.0, 0.0, 0.17253771531074757]
[40.0, 0.8669840139434847, 0.17253771531074757]
[40.0, 0.0, 0.17253771531074757]
[40.0, 0.0, 0.17253771531074757]
[40.0, 0.0, 0.22861392766830013]
[40.0, 0.0, 0.22861392766830013]
[40.0, 0.0, 0.22861392766830013]
[40.0, 0.0, 0.22861392766830013]
[40.0, 0.0, 0.22861392766830013]
[40.0, 0.0, 0.22861392766830013]
[40.0, 0.0, 0.22861392766830013]
[40.0, 0.0, 0.22861392766830013]
[40.0, 0.0, 0.22861392766830013]
[40.0, 0.0, 0.22861392766830013]
[40.0, 0.0, 0.22861392766830013]
[40.0, 0.0, 0.22861392766830013]
[40.0, 0.0, 0.22861392766830013]
[40.0, 0.0, 0.22861392766830013]
[40.0, 0.0, 0.22861392766830013]
[40.0, 0.0, 0.22861392766830013]
[40.0, 0.8669840139434847, 0.22861392766830013]
[40.0, 0.0, 0.22861392766830013]
[40.0, 0.0, 0.22861392766830013]
[40.0, 0.0, 0.22861392766830013]
[40.0, 0.0, 0.23342601890718934]
[40.0, 0.0, 0.23342601890718934]
[40.0, 0.0, 0.23342601890718934]
[40.0, 0.0, 0.23342601890718934]
[40.0, 0.0, 0.23342601890718934]
[40.0, 0.0, 0.23342601890718934]
[40.0, 0.0, 0.23342601890718934]
[40.0, 0.0, 0.23342601890718934]
[40.0, 0.0, 0.23342601890718934]
[40.0, 0.0, 0.23342601890718934]
[40.0, 0.0, 0.23342601890718934]
[40.0, 0.0, 0.23342601890718934]
[40.0, 0.0, 0.23342601890718934]
[40.0, 0.8669840139434847, 0.23342601890718934]
[40.0, 0.8669840139434847, 0.23342601890718934]
[40.0, 0.8669840139434847, 0.23342601890718934]
[40.0, 0.0, 0.23342601890718934]
[40.0, 0.0, 0.23342601890718934]
[40.0, 0.0, 0.23342601890718934]
[40.0, 0.0, 0.23342601890718934]
[40.0, 0.0, 0.20944900686617923]
[40.0, 0.0, 0.20944900686617923]
[40.0, 0.0, 0.20944900686617923]
[40.0, 0.0, 0.20944900686617923]
[40.0, 0.0, 0.20944900686617923]
[40.0, 0.0, 0.20944900686617923]
[40.0, 0.0, 0.20944900686617923]
[40.0, 0.0, 0.20944900686617923]
[40.0, 0.0, 0.20944900686617923]
[40.0, 0.0, 0.20944900686617923]
[40.0, 0.0, 0.20944900686617923]
[40.0, 0.0, 0.20944900686617923]
[40.0, 0.0, 0.20944900686617923]
[40.0, 0.0, 0.20944900686617923]
[40.0, -0.8669840139434847, 0.20944900686617923]
[40.0, 0.0, 0.20944900686617923]
[40.0, 0.0, 0.20944900686617923]
[40.0, 0.0, 0.20944900686617923]
[40.0, 0.0, 0.20944900686617923]
[40.0, 0.0, 0.20944900686617923]
[40.0, 0.0, 0.178223222943715]
[40.0, 0.0, 0.178223222943715]
[40.0, 0.0, 0.178223222943715]
[40.0, 0.0, 0.178223222943715]
[40.0, 0.0, 0.178223222943715]
[40.0, 0.0, 0.178223222943715]
[40.0, 0.0, 0.178223222943715]
[40.0, 0.0, 0.178223222943715]
[40.0, 0.0, 0.178223222943715]
[40.0, 0.0, 0.178223222943715]
[40.0, 0.0, 0.178223222943715]
[40.0, -0.8669840139434847, 0.178223222943715]
[40.0, -0.8669840139434847, 0.178223222943715]
[40.0, -0.8669840139434847, 0.178223222943715]
[40.0, 0.0, 0.178223222943715]
[40.0, 0.0, 0.178223222943715]
[40.0, 0.0, 0.178223222943715]
[40.0, 0.0, 0.178223222943715]
[40.0, 0.0, 0.178223222943715]
[40.0, 0.0, 0.178223222943715]
[40.0, 0.0, 0.25548980208730093]
[40.0, 0.0, 0.25548980208730093]
[40.0, 0.0, 0.25548980208730093]
[40.0, 0.0, 0.25548980208730093]
[40.0, 0.0, 0.25548980208730093]
[40.0, 0.0, 0.25548980208730093]
[40.0, 0.0, 0.25548980208730093]
[40.0, 0.0, 0.25548980208730093]
[40.0, 0.0, 0.25548980208730093]
[40.0, 0.0, 0.25548980208730093]
[40.0, 0.0, 0.25548980208730093]
[40.0, 0.0, 0.25548980208730093]
[40.0, -0.8669840139434847, 0.25548980208730093]
[40.0, 0.0, 0.25548980208730093]
[40.0, 0.0, 0.25548980208730093]
[40.0, 0.0, 0.25548980208730093]
[40.0, 0.0, 0.25548980208730093]
[40.0, 0.0, 0.25548980208730093]
[40.0, 0.0, 0.25548980208730093]
[40.0, 0.0, 0.25548980208730093]
[40.0, 0.0, 0.1755631586796325]
[40.0, 0.0, 0.1755631586796325]
[40.0, 0.0, 0.1755631586796325]
[40.0, 0.0, 0.1755631586796325]
[40.0, 0.0, 0.1755631586796325]
[40.0, 0.0, 0.1755631586796325]
[40.0, 0.0, 0.1755631586796325]
[40.0, 0.0, 0.1755631586796325]
[40.0, 0.0, 0.1755631586796325]
[40.0, 0.0, 0.1755631586796325]
[40.0, 0.0, 0.1755631586796325]
[40.0, 0.8669840139434847, 0.1755631586796325]
>>>> 
