----------------------------
RRT search Summary          
----------------------------
Map Name               : Random
Total paths found      : 1
Total number of nodes  : 1224
Total elapsed time     : 77.45909214019775 s
Solver                 : RRTstar 
----------------------------
Path number   : 0
Path length   : 1184.053392153071
Time required : 53.212483167648315 s
>>>> Nodes
[1091.8371948975105, 491.9767454497443, 1.0976708051132604]
[1088.403050272191, 485.2681759759837, 1.0976708051132604]
[1084.9689056468712, 478.559606502223, 1.0976708051132604]
[1081.5347610215517, 471.8510370284624, 1.0976708051132604]
[1078.100616396232, 465.14246755470174, 1.0976708051132604]
[1074.6664717709125, 458.4338980809411, 1.0976708051132604]
[1071.2323271455928, 451.7253286071805, 1.0976708051132604]
[1067.7981825202733, 445.0167591334198, 1.0976708051132604]
[1064.3640378949535, 438.30818965965915, 1.0976708051132604]
[1060.929893269634, 431.5996201858985, 1.0976708051132604]
[1057.4957486443143, 424.8910507121379, 1.0976708051132604]
[1054.0616040189948, 418.18248123837725, 1.0976708051132604]
[1050.627459393675, 411.47391176461656, 1.0976708051132604]
[1047.1933147683555, 404.7653422908559, 1.0976708051132604]
[1043.7591701430358, 398.0567728170953, 1.0976708051132604]
[1040.3250255177163, 391.34820334333466, 1.0976708051132604]
[1036.8908808923966, 384.639633869574, 1.0976708051132604]
[1033.456736267077, 377.93106439581334, 1.0976708051132604]
[1030.0225916417573, 371.2224949220527, 1.0976708051132604]
[1026.5884470164378, 364.51392544829207, 1.0976708051132604]
[1023.9773484643683, 359.7788785731652, 1.0624719193780796]
[1021.9998328114115, 356.229606559334, 1.0624719193780796]
[1020.0223171584545, 352.68033454550283, 1.0624719193780796]
[1018.0448015054975, 349.13106253167166, 1.0624719193780796]
[1016.0672858525406, 345.58179051784043, 1.0624719193780796]
[1014.0897701995837, 342.03251850400926, 1.0624719193780796]
[1012.1122545466267, 338.4832464901781, 1.0624719193780796]
[1010.1347388936698, 334.9339744763469, 1.0624719193780796]
[1008.1572232407128, 331.38470246251575, 1.0624719193780796]
[1006.1797075877558, 327.8354304486846, 1.0624719193780796]
[1004.2021919347989, 324.2861584348534, 1.0624719193780796]
[1002.224676281842, 320.73688642102223, 1.0624719193780796]
[1000.247160628885, 317.18761440719106, 1.0624719193780796]
[998.269644975928, 313.63834239335984, 1.0624719193780796]
[996.2921293229712, 310.08907037952866, 1.0624719193780796]
[994.3146136700142, 306.5397983656975, 1.0624719193780796]
[992.3370980170572, 302.9905263518663, 1.0624719193780796]
[990.3595823641003, 299.44125433803515, 1.0624719193780796]
[988.3820667111434, 295.891982324204, 1.0624719193780796]
[984.6261076919694, 289.6643885727114, 1.0242537634321214]
[981.6048596085, 284.69815618124574, 1.0242537634321214]
[978.5836115250304, 279.73192378978007, 1.0242537634321214]
[975.5623634415608, 274.7656913983144, 1.0242537634321214]
[972.5411153580914, 269.79945900684874, 1.0242537634321214]
[969.5198672746218, 264.83322661538307, 1.0242537634321214]
[966.4986191911523, 259.86699422391735, 1.0242537634321214]
[963.4773711076828, 254.9007618324517, 1.0242537634321214]
[960.4561230242132, 249.93452944098604, 1.0242537634321214]
[957.4348749407437, 244.96829704952037, 1.0242537634321214]
[954.4136268572742, 240.0020646580547, 1.0242537634321214]
[951.3923787738047, 235.035832266589, 1.0242537634321214]
[948.3711306903351, 230.06959987512334, 1.0242537634321214]
[945.3498826068655, 225.10336748365768, 1.0242537634321214]
[942.3286345233961, 220.137135092192, 1.0242537634321214]
[939.3073864399265, 215.17090270072634, 1.0242537634321214]
[939.3073864399265, 215.17090270072634, 1.0242537634321212]
[934.1133705142774, 208.4501904327528, 0.8014241270709876]
[927.5625598501374, 203.04346735242268, 0.578594490709854]
[923.1612501979369, 200.16870143729338, 0.5785944907098538]
[918.7599405457363, 197.29393552216408, 0.5785944907098538]
[914.3586308935357, 194.41916960703477, 0.5785944907098538]
[909.9573212413352, 191.54440369190547, 0.5785944907098538]
[905.5560115891346, 188.66963777677614, 0.5785944907098538]
[901.1547019369341, 185.79487186164684, 0.5785944907098538]
[896.7533922847335, 182.92010594651754, 0.5785944907098538]
[892.352082632533, 180.04534003138824, 0.5785944907098538]
[887.9507729803324, 177.17057411625893, 0.5785944907098538]
[883.5494633281319, 174.29580820112963, 0.5785944907098538]
[879.1481536759313, 171.42104228600033, 0.5785944907098538]
[874.7468440237308, 168.54627637087103, 0.5785944907098538]
[870.3455343715302, 165.67151045574172, 0.5785944907098538]
[865.9442247193297, 162.7967445406124, 0.5785944907098538]
[861.5429150671291, 159.9219786254831, 0.5785944907098538]
[857.1416054149286, 157.0472127103538, 0.5785944907098538]
[852.740295762728, 154.1724467952245, 0.5785944907098538]
[852.740295762728, 154.1724467952245, 0.578594490709854]
[840.4270992255307, 148.93009133780933, 0.2264186289698149]
[836.9383284623864, 148.12638740904552, 0.22641862896981582]
[833.449557699242, 147.3226834802817, 0.22641862896981582]
[829.9607869360975, 146.51897955151787, 0.22641862896981582]
[826.4720161729532, 145.71527562275404, 0.22641862896981582]
[822.9832454098088, 144.91157169399023, 0.22641862896981582]
[819.4944746466645, 144.1078677652264, 0.22641862896981582]
[816.00570388352, 143.30416383646255, 0.22641862896981582]
[812.5169331203757, 142.5004599076987, 0.22641862896981582]
[809.0281623572313, 141.6967559789349, 0.22641862896981582]
[805.539391594087, 140.89305205017106, 0.22641862896981582]
[802.0506208309425, 140.08934812140723, 0.22641862896981582]
[798.5618500677982, 139.28564419264342, 0.22641862896981582]
[795.0730793046538, 138.48194026387958, 0.22641862896981582]
[791.5843085415095, 137.67823633511574, 0.22641862896981582]
[788.095537778365, 136.87453240635193, 0.22641862896981582]
[784.6067670152207, 136.0708284775881, 0.22641862896981582]
[781.1179962520763, 135.26712454882426, 0.22641862896981582]
[777.629225488932, 134.46342062006045, 0.22641862896981582]
[774.1404547257875, 133.6597166912966, 0.22641862896981582]
[764.915904118802, 131.90866708738616, 0.18391961065264661]
[757.2805297184741, 130.4883206887752, 0.18391961065264661]
[749.6451553181462, 129.06797429016422, 0.18391961065264661]
[742.0097809178183, 127.64762789155324, 0.18391961065264661]
[734.3744065174905, 126.22728149294227, 0.18391961065264661]
[726.7390321171625, 124.8069350943313, 0.18391961065264661]
[719.1036577168346, 123.38658869572032, 0.18391961065264661]
[711.4682833165067, 121.96624229710935, 0.18391961065264661]
[703.8329089161788, 120.54589589849837, 0.18391961065264661]
[696.1975345158509, 119.1255494998874, 0.18391961065264661]
[688.5621601155229, 117.70520310127642, 0.18391961065264661]
[680.926785715195, 116.28485670266545, 0.18391961065264661]
[673.2914113148671, 114.86451030405448, 0.18391961065264661]
[665.6560369145393, 113.4441639054435, 0.18391961065264661]
[658.0206625142114, 112.02381750683253, 0.18391961065264661]
[650.3852881138835, 110.60347110822156, 0.18391961065264661]
[642.7499137135555, 109.18312470961058, 0.18391961065264661]
[635.1145393132276, 107.76277831099961, 0.18391961065264661]
[627.4791649128997, 106.34243191238863, 0.18391961065264661]
[615.2872934579972, 105.08442503200455, 0.08870324362193695]
[606.697321434019, 104.32046191082591, 0.08870324362193695]
[598.107349410041, 103.55649878964728, 0.08870324362193695]
[589.5173773860629, 102.79253566846864, 0.08870324362193695]
[580.9274053620848, 102.02857254729001, 0.08870324362193695]
[572.3374333381066, 101.26460942611138, 0.08870324362193695]
[563.7474613141285, 100.50064630493274, 0.08870324362193695]
[555.1574892901504, 99.73668318375411, 0.08870324362193695]
[546.5675172661723, 98.97272006257548, 0.08870324362193695]
[537.9775452421942, 98.20875694139684, 0.08870324362193695]
[529.3875732182161, 97.44479382021822, 0.08870324362193695]
[520.7976011942379, 96.68083069903959, 0.08870324362193695]
[512.2076291702598, 95.91686757786096, 0.08870324362193695]
[503.6176571462817, 95.15290445668232, 0.08870324362193695]
[495.02768512230364, 94.38894133550369, 0.08870324362193695]
[486.4377130983255, 93.62497821432505, 0.08870324362193695]
[477.84774107434737, 92.86101509314642, 0.08870324362193695]
[469.2577690503693, 92.09705197196779, 0.08870324362193695]
[460.66779702639116, 91.33308885078915, 0.08870324362193695]
[451.7367293514194, 90.6360219784167, 0.07763036485318155]
[443.2271504572376, 89.97409002444185, 0.07763036485318155]
[434.7175715630557, 89.31215807046702, 0.07763036485318155]
[426.2079926688738, 88.65022611649219, 0.07763036485318155]
[417.69841377469197, 87.98829416251735, 0.07763036485318155]
[409.18883488051006, 87.32636220854252, 0.07763036485318155]
[400.6792559863282, 86.66443025456769, 0.07763036485318155]
[392.16967709214634, 86.00249830059285, 0.07763036485318155]
[383.66009819796443, 85.34056634661802, 0.07763036485318155]
[375.1505193037826, 84.67863439264319, 0.07763036485318155]
[366.6409404096007, 84.01670243866835, 0.07763036485318155]
[358.1313615154188, 83.35477048469352, 0.07763036485318155]
[349.62178262123695, 82.69283853071869, 0.07763036485318155]
[341.1122037270551, 82.03090657674386, 0.07763036485318155]
[332.6026248328732, 81.36897462276902, 0.07763036485318155]
[324.0930459386913, 80.70704266879419, 0.07763036485318155]
[315.58346704450946, 80.04511071481936, 0.07763036485318155]
[307.07388815032755, 79.38317876084452, 0.07763036485318155]
[298.5643092561457, 78.72124680686969, 0.07763036485318155]
[294.77243553626, 78.610133270575, -0.0054047065994322595]
[294.1492894608133, 78.61350122507505, -0.0054047065994322595]
[293.52614338536654, 78.6168691795751, -0.0054047065994322595]
[293.52614338536654, 78.6168691795751, -0.005404706599436482]
[293.126747855915, 78.61693971580037, 0.005051491706823397]
[292.72737342210985, 78.61283416540876, 0.015507690013083275]
[292.3280637479919, 78.60455297726455, 0.025963888319343154]
[291.92886249052196, 78.59209705675906, 0.03642008662560303]
[291.52981329480735, 78.57546776571164, 0.04687628493186291]
[291.13095978933035, 78.55466692222069, 0.05733248323812279]
[290.7323455811782, 78.5296968004651, 0.06778868154438267]
[290.3340142512756, 78.50056013045538, 0.07824487985064277]
[289.9360093496198, 78.46726009773536, 0.08870107815690265]
[289.5383743905192, 78.42980034303379, 0.09915727646316252]
[289.1411528478361, 78.38818496186639, 0.1096134747694224]
[288.7443881502336, 78.34241850408797, 0.12006967307568228]
[288.3481236764272, 78.29250597339515, 0.13052587138194216]
[287.95240275044256, 78.23845282677914, 0.14098206968820204]
[287.55726863687863, 78.18026497392921, 0.15143826799446192]
[277.9891192964352, 76.72010166427471, 0.15143826799446178]
[268.42096995599184, 75.2599383546202, 0.15143826799446178]
[258.85282061554847, 73.7997750449657, 0.15143826799446178]
[249.28467127510504, 72.3396117353112, 0.15143826799446178]
[239.71652193466164, 70.87944842565669, 0.15143826799446178]
[230.14837259421824, 69.41928511600219, 0.15143826799446178]
[220.58022325377485, 67.9591218063477, 0.15143826799446178]
[211.01207391333145, 66.49895849669318, 0.15143826799446178]
[201.44392457288802, 65.03879518703869, 0.15143826799446178]
[191.87577523244465, 63.578631877384176, 0.15143826799446178]
[182.30762589200123, 62.11846856772967, 0.15143826799446178]
[172.73947655155786, 60.65830525807517, 0.15143826799446178]
[163.17132721111443, 59.19814194842067, 0.15143826799446178]
[153.60317787067103, 57.737978638766165, 0.15143826799446178]
[144.03502853022763, 56.27781532911166, 0.15143826799446178]
[134.46687918978424, 54.81765201945716, 0.15143826799446178]
[124.89872984934084, 53.35748870980265, 0.15143826799446178]
[115.33058050889744, 51.89732540014815, 0.15143826799446178]
[105.76243116845404, 50.43716209049364, 0.15143826799446178]
>>>> 
>>>> inputs
[40.0, 0.0, 0.1806715863806743]
[40.0, 0.0, 0.1806715863806743]
[40.0, 0.0, 0.1806715863806743]
[40.0, 0.0, 0.1806715863806743]
[40.0, 0.0, 0.1806715863806743]
[40.0, 0.0, 0.1806715863806743]
[40.0, 0.0, 0.1806715863806743]
[40.0, 0.0, 0.1806715863806743]
[40.0, 0.0, 0.1806715863806743]
[40.0, 0.0, 0.1806715863806743]
[40.0, 0.0, 0.1806715863806743]
[40.0, 0.0, 0.1806715863806743]
[40.0, 0.0, 0.1806715863806743]
[40.0, 0.0, 0.1806715863806743]
[40.0, 0.0, 0.1806715863806743]
[40.0, 0.0, 0.1806715863806743]
[40.0, 0.0, 0.1806715863806743]
[40.0, 0.0, 0.1806715863806743]
[40.0, 0.0, 0.1806715863806743]
[40.0, 0.0, 0.1806715863806743]
[40.0, 0.0, 0.09832083082135697]
[40.0, 0.0, 0.09832083082135697]
[40.0, 0.0, 0.09832083082135697]
[40.0, 0.0, 0.09832083082135697]
[40.0, 0.0, 0.09832083082135697]
[40.0, 0.0, 0.09832083082135697]
[40.0, 0.0, 0.09832083082135697]
[40.0, 0.0, 0.09832083082135697]
[40.0, 0.0, 0.09832083082135697]
[40.0, 0.0, 0.09832083082135697]
[40.0, 0.0, 0.09832083082135697]
[40.0, 0.0, 0.09832083082135697]
[40.0, 0.0, 0.09832083082135697]
[40.0, 0.0, 0.09832083082135697]
[40.0, 0.0, 0.09832083082135697]
[40.0, 0.0, 0.09832083082135697]
[40.0, 0.0, 0.09832083082135697]
[40.0, 0.0, 0.09832083082135697]
[40.0, 0.0, 0.09832083082135697]
[40.0, 0.0, 0.09832083082135697]
[40.0, 0.0, 0.13753941143131024]
[40.0, 0.0, 0.13753941143131024]
[40.0, 0.0, 0.13753941143131024]
[40.0, 0.0, 0.13753941143131024]
[40.0, 0.0, 0.13753941143131024]
[40.0, 0.0, 0.13753941143131024]
[40.0, 0.0, 0.13753941143131024]
[40.0, 0.0, 0.13753941143131024]
[40.0, 0.0, 0.13753941143131024]
[40.0, 0.0, 0.13753941143131024]
[40.0, 0.0, 0.13753941143131024]
[40.0, 0.0, 0.13753941143131024]
[40.0, 0.0, 0.13753941143131024]
[40.0, 0.0, 0.13753941143131024]
[40.0, 0.8669840139434847, 0.13753941143131024]
[40.0, 0.8669840139434847, 0.13753941143131024]
[40.0, 0.8669840139434847, 0.13753941143131024]
[40.0, 0.0, 0.13753941143131024]
[40.0, 0.0, 0.13753941143131024]
[40.0, 0.0, 0.13753941143131024]
[40.0, 0.0, 0.1285259170749195]
[40.0, 0.0, 0.1285259170749195]
[40.0, 0.0, 0.1285259170749195]
[40.0, 0.0, 0.1285259170749195]
[40.0, 0.0, 0.1285259170749195]
[40.0, 0.0, 0.1285259170749195]
[40.0, 0.0, 0.1285259170749195]
[40.0, 0.0, 0.1285259170749195]
[40.0, 0.0, 0.1285259170749195]
[40.0, 0.0, 0.1285259170749195]
[40.0, 0.0, 0.1285259170749195]
[40.0, 0.0, 0.1285259170749195]
[40.0, 0.0, 0.1285259170749195]
[40.0, 0.0, 0.1285259170749195]
[40.0, 0.8669840139434847, 0.1285259170749195]
[40.0, 0.8669840139434847, 0.1285259170749195]
[40.0, 0.0, 0.1285259170749195]
[40.0, 0.0, 0.1285259170749195]
[40.0, 0.0, 0.1285259170749195]
[40.0, 0.0, 0.1285259170749195]
[40.0, 0.0, 0.08705769942717027]
[40.0, 0.0, 0.08705769942717027]
[40.0, 0.0, 0.08705769942717027]
[40.0, 0.0, 0.08705769942717027]
[40.0, 0.0, 0.08705769942717027]
[40.0, 0.0, 0.08705769942717027]
[40.0, 0.0, 0.08705769942717027]
[40.0, 0.0, 0.08705769942717027]
[40.0, 0.0, 0.08705769942717027]
[40.0, 0.0, 0.08705769942717027]
[40.0, 0.0, 0.08705769942717027]
[40.0, 0.0, 0.08705769942717027]
[40.0, 0.0, 0.08705769942717027]
[40.0, 0.0, 0.08705769942717027]
[40.0, 0.0, 0.08705769942717027]
[40.0, 0.0, 0.08705769942717027]
[40.0, 0.0, 0.08705769942717027]
[40.0, 0.0, 0.08705769942717027]
[40.0, 0.0, 0.08705769942717027]
[40.0, 0.0, 0.08705769942717027]
[40.0, 0.0, 0.1889972637314393]
[40.0, 0.0, 0.1889972637314393]
[40.0, 0.0, 0.1889972637314393]
[40.0, 0.0, 0.1889972637314393]
[40.0, 0.0, 0.1889972637314393]
[40.0, 0.0, 0.1889972637314393]
[40.0, 0.0, 0.1889972637314393]
[40.0, 0.0, 0.1889972637314393]
[40.0, 0.0, 0.1889972637314393]
[40.0, 0.0, 0.1889972637314393]
[40.0, 0.0, 0.1889972637314393]
[40.0, 0.0, 0.1889972637314393]
[40.0, 0.0, 0.1889972637314393]
[40.0, 0.0, 0.1889972637314393]
[40.0, 0.0, 0.1889972637314393]
[40.0, 0.0, 0.1889972637314393]
[40.0, 0.0, 0.1889972637314393]
[40.0, 0.0, 0.1889972637314393]
[40.0, 0.0, 0.1889972637314393]
[40.0, 0.0, 0.1889972637314393]
[40.0, 0.0, 0.2053457759802376]
[40.0, 0.0, 0.2053457759802376]
[40.0, 0.0, 0.2053457759802376]
[40.0, 0.0, 0.2053457759802376]
[40.0, 0.0, 0.2053457759802376]
[40.0, 0.0, 0.2053457759802376]
[40.0, 0.0, 0.2053457759802376]
[40.0, 0.0, 0.2053457759802376]
[40.0, 0.0, 0.2053457759802376]
[40.0, 0.0, 0.2053457759802376]
[40.0, 0.0, 0.2053457759802376]
[40.0, 0.0, 0.2053457759802376]
[40.0, 0.0, 0.2053457759802376]
[40.0, 0.0, 0.2053457759802376]
[40.0, 0.0, 0.2053457759802376]
[40.0, 0.0, 0.2053457759802376]
[40.0, 0.0, 0.2053457759802376]
[40.0, 0.0, 0.2053457759802376]
[40.0, 0.0, 0.2053457759802376]
[40.0, 0.0, 0.2053457759802376]
[40.0, 0.0, 0.2066776469705573]
[40.0, 0.0, 0.2066776469705573]
[40.0, 0.0, 0.2066776469705573]
[40.0, 0.0, 0.2066776469705573]
[40.0, 0.0, 0.2066776469705573]
[40.0, 0.0, 0.2066776469705573]
[40.0, 0.0, 0.2066776469705573]
[40.0, 0.0, 0.2066776469705573]
[40.0, 0.0, 0.2066776469705573]
[40.0, 0.0, 0.2066776469705573]
[40.0, 0.0, 0.2066776469705573]
[40.0, 0.0, 0.2066776469705573]
[40.0, 0.0, 0.2066776469705573]
[40.0, 0.0, 0.2066776469705573]
[40.0, 0.0, 0.2066776469705573]
[40.0, -0.8669840139434847, 0.2066776469705573]
[40.0, -0.8669840139434847, 0.2066776469705573]
[40.0, -0.8669840139434847, 0.2066776469705573]
[40.0, -0.8669840139434847, 0.2066776469705573]
[40.0, -0.8669840139434847, 0.2066776469705573]
[40.0, -0.8669840139434847, 0.009825532322026074]
[40.0, -0.8669840139434847, 0.009825532322026074]
[40.0, -0.8669840139434847, 0.009825532322026074]
[40.0, -0.8669840139434847, 0.009825532322026074]
[40.0, -0.8669840139434847, 0.009825532322026074]
[40.0, -0.8669840139434847, 0.009825532322026074]
[40.0, -0.8669840139434847, 0.009825532322026074]
[40.0, -0.8669840139434847, 0.009825532322026074]
[40.0, -0.8669840139434847, 0.009825532322026074]
[40.0, -0.8669840139434847, 0.009825532322026074]
[40.0, -0.8669840139434847, 0.009825532322026074]
[40.0, 0.0, 0.009825532322026074]
[40.0, 0.0, 0.009825532322026074]
[40.0, 0.0, 0.009825532322026074]
[40.0, 0.0, 0.009825532322026074]
[40.0, 0.0, 0.009825532322026074]
[40.0, 0.0, 0.009825532322026074]
[40.0, 0.0, 0.009825532322026074]
[40.0, 0.0, 0.009825532322026074]
[40.0, 0.0, 0.009825532322026074]
[40.0, 0.0, 0.23710507605164702]
[40.0, 0.0, 0.23710507605164702]
[40.0, 0.0, 0.23710507605164702]
[40.0, 0.0, 0.23710507605164702]
[40.0, 0.0, 0.23710507605164702]
[40.0, 0.0, 0.23710507605164702]
[40.0, 0.0, 0.23710507605164702]
[40.0, 0.0, 0.23710507605164702]
[40.0, 0.0, 0.23710507605164702]
[40.0, 0.0, 0.23710507605164702]
>>>> 
