----------------------------
RRT search Summary          
----------------------------
Map Name               : Random
Total paths found      : 2
Total number of nodes  : 1403
Total elapsed time     : 91.6162519454956 s
Solver                 : RRTstar 
----------------------------
Path number   : 0
Path length   : 1143.0501953328146
Time required : 19.242232084274292 s
>>>> Nodes
[1086.8420693001665, 499.29958413624183, 0.8811660833692073]
[1085.0010752810408, 497.0673041837316, 0.8811660833692073]
[1083.1600812619154, 494.8350242312214, 0.8811660833692073]
[1081.3190872427897, 492.60274427871116, 0.8811660833692073]
[1079.4780932236642, 490.37046432620093, 0.8811660833692073]
[1077.6370992045386, 488.1381843736907, 0.8811660833692073]
[1075.7961051854131, 485.9059044211805, 0.8811660833692073]
[1073.9551111662875, 483.67362446867025, 0.8811660833692073]
[1072.114117147162, 481.44134451616003, 0.8811660833692073]
[1070.2731231280363, 479.2090645636498, 0.8811660833692073]
[1068.4321291089107, 476.97678461113964, 0.8811660833692073]
[1066.5911350897852, 474.7445046586294, 0.8811660833692073]
[1064.7501410706595, 472.5122247061192, 0.8811660833692073]
[1062.909147051534, 470.27994475360896, 0.8811660833692073]
[1061.0681530324084, 468.04766480109873, 0.8811660833692073]
[1059.227159013283, 465.8153848485885, 0.8811660833692073]
[1057.3861649941573, 463.5831048960783, 0.8811660833692073]
[1055.5451709750319, 461.35082494356806, 0.8811660833692073]
[1053.7041769559062, 459.11854499105783, 0.8811660833692073]
[1052.4707208097218, 457.540388388614, 0.933610401706749]
[1048.1677932496707, 451.7270269244202, 0.9336104017067477]
[1043.8648656896198, 445.9136654602264, 0.9336104017067477]
[1039.5619381295687, 440.1003039960326, 0.9336104017067477]
[1035.2590105695176, 434.2869425318388, 0.9336104017067477]
[1030.9560830094665, 428.473581067645, 0.9336104017067477]
[1026.6531554494156, 422.6602196034512, 0.9336104017067477]
[1022.3502278893645, 416.8468581392574, 0.9336104017067477]
[1018.0473003293134, 411.0334966750636, 0.9336104017067477]
[1013.7443727692624, 405.2201352108698, 0.9336104017067477]
[1009.4414452092113, 399.40677374667604, 0.9336104017067477]
[1005.1385176491603, 393.59341228248223, 0.9336104017067477]
[1000.8355900891092, 387.78005081828843, 0.9336104017067477]
[996.5326625290583, 381.9666893540946, 0.9336104017067477]
[992.2297349690072, 376.1533278899008, 0.9336104017067477]
[987.9268074089562, 370.339966425707, 0.9336104017067477]
[983.6238798489051, 364.5266049615132, 0.9336104017067477]
[979.3209522888541, 358.7132434973194, 0.9336104017067477]
[975.018024728803, 352.8998820331256, 0.9336104017067477]
[970.715097168752, 347.0865205689318, 0.9336104017067477]
[964.6463908829793, 339.8024328788477, 0.8673195498827246]
[960.1504676696094, 334.50219443078436, 0.8673195498827246]
[955.6545444562396, 329.20195598272096, 0.8673195498827246]
[951.1586212428697, 323.9017175346576, 0.8673195498827246]
[946.6626980294999, 318.6014790865943, 0.8673195498827246]
[942.16677481613, 313.3012406385309, 0.8673195498827246]
[937.6708516027602, 308.00100219046755, 0.8673195498827246]
[933.1749283893903, 302.7007637424042, 0.8673195498827246]
[928.6790051760205, 297.40052529434087, 0.8673195498827246]
[924.1830819626507, 292.1002868462775, 0.8673195498827246]
[919.6871587492808, 286.80004839821413, 0.8673195498827246]
[915.191235535911, 281.4998099501508, 0.8673195498827246]
[910.6953123225411, 276.19957150208745, 0.8673195498827246]
[906.1993891091713, 270.89933305402405, 0.8673195498827246]
[901.7034658958014, 265.5990946059607, 0.8673195498827246]
[897.2075426824316, 260.2988561578974, 0.8673195498827246]
[892.7116194690617, 254.99861770983404, 0.8673195498827246]
[888.2156962556919, 249.69837926177067, 0.8673195498827246]
[879.0458872273397, 241.83945127179982, 0.5498187836145669]
[874.8431255947936, 239.26376398495248, 0.549818783614566]
[870.6403639622474, 236.68807669810516, 0.549818783614566]
[866.4376023297013, 234.11238941125788, 0.549818783614566]
[862.2348406971553, 231.53670212441057, 0.549818783614566]
[858.0320790646091, 228.96101483756325, 0.549818783614566]
[853.829317432063, 226.38532755071594, 0.549818783614566]
[849.6265557995168, 223.80964026386863, 0.549818783614566]
[845.4237941669708, 221.23395297702132, 0.549818783614566]
[841.2210325344247, 218.658265690174, 0.549818783614566]
[837.0182709018785, 216.08257840332672, 0.549818783614566]
[832.8155092693324, 213.5068911164794, 0.549818783614566]
[828.6127476367863, 210.9312038296321, 0.549818783614566]
[824.4099860042402, 208.35551654278478, 0.549818783614566]
[820.2072243716941, 205.77982925593747, 0.549818783614566]
[816.0044627391479, 203.2041419690902, 0.549818783614566]
[811.8017011066019, 200.62845468224288, 0.549818783614566]
[807.5989394740557, 198.05276739539556, 0.549818783614566]
[803.3961778415096, 195.47708010854825, 0.549818783614566]
[798.2547558244075, 192.83882519868877, 0.3983853186353443]
[789.6305908602914, 189.20899002984666, 0.39838531863534465]
[781.0064258961752, 185.57915486100455, 0.39838531863534465]
[772.3822609320589, 181.94931969216242, 0.39838531863534465]
[763.7580959679427, 178.31948452332034, 0.39838531863534465]
[755.1339310038265, 174.6896493544782, 0.39838531863534465]
[746.5097660397104, 171.0598141856361, 0.39838531863534465]
[737.8856010755942, 167.429979016794, 0.39838531863534465]
[729.261436111478, 163.8001438479519, 0.39838531863534465]
[720.6372711473618, 160.17030867910978, 0.39838531863534465]
[712.0131061832456, 156.54047351026765, 0.39838531863534465]
[703.3889412191294, 152.91063834142554, 0.39838531863534465]
[694.7647762550132, 149.28080317258343, 0.39838531863534465]
[686.140611290897, 145.65096800374133, 0.39838531863534465]
[677.5164463267809, 142.02113283489922, 0.39838531863534465]
[668.8922813626646, 138.39129766605708, 0.39838531863534465]
[660.2681163985484, 134.76146249721498, 0.39838531863534465]
[651.6439514344322, 131.13162732837287, 0.39838531863534465]
[643.019786470316, 127.50179215953077, 0.39838531863534465]
[633.6009726309295, 124.89400973763236, 0.14182158586322813]
[626.1039040405396, 123.82357727393217, 0.1418215858632286]
[618.6068354501499, 122.75314481023199, 0.1418215858632286]
[611.10976685976, 121.6827123465318, 0.1418215858632286]
[603.6126982693702, 120.61227988283161, 0.1418215858632286]
[596.1156296789804, 119.54184741913143, 0.1418215858632286]
[588.6185610885906, 118.47141495543124, 0.1418215858632286]
[581.1214924982007, 117.40098249173107, 0.1418215858632286]
[573.624423907811, 116.33055002803087, 0.1418215858632286]
[566.1273553174211, 115.2601175643307, 0.1418215858632286]
[558.6302867270313, 114.18968510063051, 0.1418215858632286]
[551.1332181366415, 113.11925263693033, 0.1418215858632286]
[543.6361495462517, 112.04882017323014, 0.1418215858632286]
[536.1390809558618, 110.97838770952995, 0.1418215858632286]
[528.642012365472, 109.90795524582977, 0.1418215858632286]
[521.1449437750822, 108.83752278212958, 0.1418215858632286]
[513.6478751846923, 107.7670903184294, 0.1418215858632286]
[506.1508065943026, 106.69665785472921, 0.1418215858632286]
[498.65373800391274, 105.62622539102902, 0.1418215858632286]
[491.15666941352293, 104.55579292732884, 0.1418215858632286]
[476.7114234912465, 102.87182229729578, 0.1151157359261699]
[463.2778295336709, 101.31853698482124, 0.1151157359261699]
[449.84423557609534, 99.7652516723467, 0.1151157359261699]
[436.4106416185198, 98.21196635987215, 0.1151157359261699]
[422.9770476609442, 96.65868104739761, 0.1151157359261699]
[409.54345370336864, 95.10539573492308, 0.1151157359261699]
[396.1098597457931, 93.55211042244854, 0.1151157359261699]
[382.67626578821756, 91.99882510997399, 0.1151157359261699]
[369.242671830642, 90.44553979749945, 0.1151157359261699]
[355.8090778730664, 88.8922544850249, 0.1151157359261699]
[342.3754839154909, 87.33896917255036, 0.1151157359261699]
[328.94188995791535, 85.78568386007582, 0.1151157359261699]
[315.5082960003398, 84.23239854760128, 0.1151157359261699]
[302.0747020427642, 82.67911323512675, 0.1151157359261699]
[288.64110808518865, 81.1258279226522, 0.1151157359261699]
[275.20751412761314, 79.57254261017766, 0.1151157359261699]
[261.77392017003757, 78.01925729770312, 0.1151157359261699]
[248.340326212462, 76.46597198522858, 0.1151157359261699]
[245.84181018975036, 76.09298336883077, 0.18126364122260052]
[238.52834166494992, 74.75260512813159, 0.1812636412226002]
[231.2148731401495, 73.41222688743242, 0.1812636412226002]
[223.90140461534907, 72.07184864673326, 0.1812636412226002]
[216.58793609054862, 70.73147040603409, 0.1812636412226002]
[209.27446756574818, 69.39109216533492, 0.1812636412226002]
[201.96099904094774, 68.05071392463574, 0.1812636412226002]
[194.6475305161473, 66.71033568393658, 0.1812636412226002]
[187.33406199134686, 65.36995744323741, 0.1812636412226002]
[180.02059346654644, 64.02957920253823, 0.1812636412226002]
[172.707124941746, 62.68920096183906, 0.1812636412226002]
[165.39365641694556, 61.34882272113989, 0.1812636412226002]
[158.08018789214515, 60.008444480440716, 0.1812636412226002]
[150.7667193673447, 58.66806623974155, 0.1812636412226002]
[143.45325084254426, 57.327687999042375, 0.1812636412226002]
[136.13978231774382, 55.9873097583432, 0.1812636412226002]
[128.82631379294338, 54.646931517644035, 0.1812636412226002]
[121.51284526814295, 53.30655327694486, 0.1812636412226002]
[114.19937674334253, 51.966175036245694, 0.1812636412226002]
[106.88590821854208, 50.62579679554652, 0.1812636412226002]
>>>> 
>>>> inputs
[40.0, 0.0, 0.06760774487158419]
[40.0, 0.0, 0.06760774487158419]
[40.0, 0.0, 0.06760774487158419]
[40.0, 0.0, 0.06760774487158419]
[40.0, 0.0, 0.06760774487158419]
[40.0, 0.0, 0.06760774487158419]
[40.0, 0.0, 0.06760774487158419]
[40.0, 0.0, 0.06760774487158419]
[40.0, 0.0, 0.06760774487158419]
[40.0, 0.0, 0.06760774487158419]
[40.0, 0.0, 0.06760774487158419]
[40.0, 0.0, 0.06760774487158419]
[40.0, 0.0, 0.06760774487158419]
[40.0, 0.0, 0.06760774487158419]
[40.0, 0.0, 0.06760774487158419]
[40.0, 0.0, 0.06760774487158419]
[40.0, 0.0, 0.06760774487158419]
[40.0, 0.0, 0.06760774487158419]
[40.0, -0.8669840139434847, 0.06760774487158419]
[40.0, 0.0, 0.06760774487158419]
[40.0, 0.0, 0.1749391658703868]
[40.0, 0.0, 0.1749391658703868]
[40.0, 0.0, 0.1749391658703868]
[40.0, 0.0, 0.1749391658703868]
[40.0, 0.0, 0.1749391658703868]
[40.0, 0.0, 0.1749391658703868]
[40.0, 0.0, 0.1749391658703868]
[40.0, 0.0, 0.1749391658703868]
[40.0, 0.0, 0.1749391658703868]
[40.0, 0.0, 0.1749391658703868]
[40.0, 0.0, 0.1749391658703868]
[40.0, 0.0, 0.1749391658703868]
[40.0, 0.0, 0.1749391658703868]
[40.0, 0.0, 0.1749391658703868]
[40.0, 0.0, 0.1749391658703868]
[40.0, 0.0, 0.1749391658703868]
[40.0, 0.0, 0.1749391658703868]
[40.0, 0.0, 0.1749391658703868]
[40.0, 0.0, 0.1749391658703868]
[40.0, 0.0, 0.1749391658703868]
[40.0, 0.0, 0.17153997257760484]
[40.0, 0.0, 0.17153997257760484]
[40.0, 0.0, 0.17153997257760484]
[40.0, 0.0, 0.17153997257760484]
[40.0, 0.0, 0.17153997257760484]
[40.0, 0.0, 0.17153997257760484]
[40.0, 0.0, 0.17153997257760484]
[40.0, 0.0, 0.17153997257760484]
[40.0, 0.0, 0.17153997257760484]
[40.0, 0.0, 0.17153997257760484]
[40.0, 0.0, 0.17153997257760484]
[40.0, 0.0, 0.17153997257760484]
[40.0, 0.0, 0.17153997257760484]
[40.0, 0.0, 0.17153997257760484]
[40.0, 0.0, 0.17153997257760484]
[40.0, 0.0, 0.17153997257760484]
[40.0, 0.8669840139434847, 0.17153997257760484]
[40.0, 0.0, 0.17153997257760484]
[40.0, 0.0, 0.17153997257760484]
[40.0, 0.0, 0.17153997257760484]
[40.0, 0.0, 0.1181382317314523]
[40.0, 0.0, 0.1181382317314523]
[40.0, 0.0, 0.1181382317314523]
[40.0, 0.0, 0.1181382317314523]
[40.0, 0.0, 0.1181382317314523]
[40.0, 0.0, 0.1181382317314523]
[40.0, 0.0, 0.1181382317314523]
[40.0, 0.0, 0.1181382317314523]
[40.0, 0.0, 0.1181382317314523]
[40.0, 0.0, 0.1181382317314523]
[40.0, 0.0, 0.1181382317314523]
[40.0, 0.0, 0.1181382317314523]
[40.0, 0.0, 0.1181382317314523]
[40.0, 0.0, 0.1181382317314523]
[40.0, 0.0, 0.1181382317314523]
[40.0, 0.8669840139434847, 0.1181382317314523]
[40.0, 0.0, 0.1181382317314523]
[40.0, 0.0, 0.1181382317314523]
[40.0, 0.0, 0.1181382317314523]
[40.0, 0.0, 0.1181382317314523]
[40.0, 0.0, 0.22278068317737648]
[40.0, 0.0, 0.22278068317737648]
[40.0, 0.0, 0.22278068317737648]
[40.0, 0.0, 0.22278068317737648]
[40.0, 0.0, 0.22278068317737648]
[40.0, 0.0, 0.22278068317737648]
[40.0, 0.0, 0.22278068317737648]
[40.0, 0.0, 0.22278068317737648]
[40.0, 0.0, 0.22278068317737648]
[40.0, 0.0, 0.22278068317737648]
[40.0, 0.0, 0.22278068317737648]
[40.0, 0.0, 0.22278068317737648]
[40.0, 0.0, 0.22278068317737648]
[40.0, 0.0, 0.22278068317737648]
[40.0, 0.8669840139434847, 0.22278068317737648]
[40.0, 0.0, 0.22278068317737648]
[40.0, 0.0, 0.22278068317737648]
[40.0, 0.0, 0.22278068317737648]
[40.0, 0.0, 0.22278068317737648]
[40.0, 0.0, 0.22278068317737648]
[40.0, 0.0, 0.18113626598247695]
[40.0, 0.0, 0.18113626598247695]
[40.0, 0.0, 0.18113626598247695]
[40.0, 0.0, 0.18113626598247695]
[40.0, 0.0, 0.18113626598247695]
[40.0, 0.0, 0.18113626598247695]
[40.0, 0.0, 0.18113626598247695]
[40.0, 0.0, 0.18113626598247695]
[40.0, 0.0, 0.18113626598247695]
[40.0, 0.0, 0.18113626598247695]
[40.0, 0.0, 0.18113626598247695]
[40.0, 0.0, 0.18113626598247695]
[40.0, 0.0, 0.18113626598247695]
[40.0, 0.0, 0.18113626598247695]
[40.0, 0.0, 0.18113626598247695]
[40.0, 0.0, 0.18113626598247695]
[40.0, 0.0, 0.18113626598247695]
[40.0, 0.0, 0.18113626598247695]
[40.0, 0.0, 0.18113626598247695]
[40.0, 0.0, 0.18113626598247695]
[40.0, 0.0, 0.3074280035189655]
[40.0, 0.0, 0.3074280035189655]
[40.0, 0.0, 0.3074280035189655]
[40.0, 0.0, 0.3074280035189655]
[40.0, 0.0, 0.3074280035189655]
[40.0, 0.0, 0.3074280035189655]
[40.0, 0.0, 0.3074280035189655]
[40.0, 0.0, 0.3074280035189655]
[40.0, 0.0, 0.3074280035189655]
[40.0, 0.0, 0.3074280035189655]
[40.0, 0.0, 0.3074280035189655]
[40.0, 0.0, 0.3074280035189655]
[40.0, -0.8669840139434847, 0.3074280035189655]
[40.0, 0.0, 0.3074280035189655]
[40.0, 0.0, 0.3074280035189655]
[40.0, 0.0, 0.3074280035189655]
[40.0, 0.0, 0.3074280035189655]
[40.0, 0.0, 0.3074280035189655]
[40.0, 0.0, 0.3074280035189655]
[40.0, 0.0, 0.3074280035189655]
[40.0, 0.0, 0.18524267643617134]
[40.0, 0.0, 0.18524267643617134]
[40.0, 0.0, 0.18524267643617134]
[40.0, 0.0, 0.18524267643617134]
[40.0, 0.0, 0.18524267643617134]
[40.0, 0.0, 0.18524267643617134]
[40.0, 0.0, 0.18524267643617134]
[40.0, 0.0, 0.18524267643617134]
[40.0, 0.0, 0.18524267643617134]
[40.0, 0.0, 0.18524267643617134]
[40.0, 0.0, 0.18524267643617134]
[40.0, 0.0, 0.18524267643617134]
>>>> 
----------------------------
Path number   : 1
Path length   : 1139.6011048972525
Time required : 49.53428602218628 s
>>>> Nodes
[1095.6190687342907, 485.89739069536324, 0.9674092584017884]
[1091.938762558883, 480.5568081707888, 0.9674092584017884]
[1088.258456383475, 475.2162256462144, 0.9674092584017884]
[1084.5781502080674, 469.87564312164, 0.9674092584017884]
[1080.8978440326596, 464.5350605970656, 0.9674092584017884]
[1077.2175378572517, 459.19447807249117, 0.9674092584017884]
[1073.5372316818439, 453.85389554791675, 0.9674092584017884]
[1069.8569255064363, 448.51331302334233, 0.9674092584017884]
[1066.1766193310284, 443.1727304987679, 0.9674092584017884]
[1062.4963131556206, 437.8321479741935, 0.9674092584017884]
[1058.8160069802127, 432.4915654496191, 0.9674092584017884]
[1055.1357008048049, 427.1509829250447, 0.9674092584017884]
[1051.4553946293972, 421.81040040047026, 0.9674092584017884]
[1047.7750884539894, 416.46981787589584, 0.9674092584017884]
[1044.0947822785815, 411.1292353513214, 0.9674092584017884]
[1040.4144761031737, 405.788652826747, 0.9674092584017884]
[1036.734169927766, 400.4480703021726, 0.9674092584017884]
[1033.0538637523582, 395.1074877775982, 0.9674092584017884]
[1029.3735575769504, 389.76690525302376, 0.9674092584017884]
[1021.5464827228986, 381.42672797477604, 0.6668400597263386]
[1017.0066041856923, 377.85328210897814, 0.666840059726338]
[1012.466725648486, 374.2798362431803, 0.666840059726338]
[1007.9268471112796, 370.70639037738243, 0.666840059726338]
[1003.3869685740732, 367.1329445115846, 0.666840059726338]
[998.8470900368669, 363.5594986457868, 0.666840059726338]
[994.3072114996605, 359.98605277998894, 0.666840059726338]
[989.7673329624542, 356.4126069141911, 0.666840059726338]
[985.2274544252479, 352.83916104839324, 0.666840059726338]
[980.6875758880415, 349.2657151825954, 0.666840059726338]
[976.1476973508352, 345.69226931679754, 0.666840059726338]
[971.6078188136288, 342.1188234509997, 0.666840059726338]
[967.0679402764224, 338.54537758520183, 0.666840059726338]
[962.5280617392161, 334.97193171940404, 0.666840059726338]
[957.9881832020097, 331.3984858536062, 0.666840059726338]
[953.4483046648033, 327.82503998780834, 0.666840059726338]
[948.9084261275971, 324.2515941220105, 0.666840059726338]
[944.3685475903907, 320.67814825621264, 0.666840059726338]
[944.3685475903907, 320.6781482562126, 0.6668400597263386]
[940.1224008799801, 316.7827803844995, 0.8178391147261772]
[935.6069123884557, 311.96438557040847, 0.8178391147261761]
[931.0914238969315, 307.14599075631736, 0.8178391147261761]
[926.5759354054071, 302.3275959422263, 0.8178391147261761]
[922.0604469138827, 297.50920112813526, 0.8178391147261761]
[917.5449584223584, 292.69080631404415, 0.8178391147261761]
[913.0294699308341, 287.87241149995305, 0.8178391147261761]
[908.5139814393098, 283.054016685862, 0.8178391147261761]
[903.9984929477854, 278.23562187177095, 0.8178391147261761]
[899.4830044562611, 273.41722705767984, 0.8178391147261761]
[894.9675159647368, 268.5988322435888, 0.8178391147261761]
[890.4520274732124, 263.78043742949774, 0.8178391147261761]
[885.936538981688, 258.96204261540663, 0.8178391147261761]
[881.4210504901638, 254.14364780131555, 0.8178391147261761]
[876.9055619986394, 249.32525298722447, 0.8178391147261761]
[872.3900735071151, 244.50685817313342, 0.8178391147261761]
[867.8745850155907, 239.68846335904234, 0.8178391147261761]
[863.3590965240664, 234.87006854495127, 0.8178391147261761]
[858.8436080325421, 230.0516737308602, 0.8178391147261761]
[850.4232980322604, 223.29715545806215, 0.5342860511969398]
[847.782444019736, 221.73459121429715, 0.5342860511969407]
[845.1415900072117, 220.17202697053213, 0.5342860511969407]
[842.5007359946874, 218.6094627267671, 0.5342860511969407]
[839.859881982163, 217.0468984830021, 0.5342860511969407]
[837.2190279696385, 215.48433423923709, 0.5342860511969407]
[834.5781739571142, 213.92176999547206, 0.5342860511969407]
[831.93731994459, 212.35920575170704, 0.5342860511969407]
[829.2964659320655, 210.796641507942, 0.5342860511969407]
[826.6556119195411, 209.23407726417702, 0.5342860511969407]
[824.0147579070168, 207.671513020412, 0.5342860511969407]
[821.3739038944925, 206.10894877664697, 0.5342860511969407]
[818.7330498819681, 204.54638453288194, 0.5342860511969407]
[816.0921958694437, 202.98382028911692, 0.5342860511969407]
[813.4513418569194, 201.4212560453519, 0.5342860511969407]
[810.8104878443951, 199.85869180158687, 0.5342860511969407]
[808.1696338318707, 198.29612755782188, 0.5342860511969407]
[805.5287798193463, 196.73356331405685, 0.5342860511969407]
[802.887925806822, 195.17099907029183, 0.5342860511969407]
[798.2547558244075, 192.83882519868877, 0.3983853186353443]
[789.6305908602914, 189.20899002984666, 0.39838531863534465]
[781.0064258961752, 185.57915486100455, 0.39838531863534465]
[772.3822609320589, 181.94931969216242, 0.39838531863534465]
[763.7580959679427, 178.31948452332034, 0.39838531863534465]
[755.1339310038265, 174.6896493544782, 0.39838531863534465]
[746.5097660397104, 171.0598141856361, 0.39838531863534465]
[737.8856010755942, 167.429979016794, 0.39838531863534465]
[729.261436111478, 163.8001438479519, 0.39838531863534465]
[720.6372711473618, 160.17030867910978, 0.39838531863534465]
[712.0131061832456, 156.54047351026765, 0.39838531863534465]
[703.3889412191294, 152.91063834142554, 0.39838531863534465]
[694.7647762550132, 149.28080317258343, 0.39838531863534465]
[686.140611290897, 145.65096800374133, 0.39838531863534465]
[677.5164463267809, 142.02113283489922, 0.39838531863534465]
[668.8922813626646, 138.39129766605708, 0.39838531863534465]
[660.2681163985484, 134.76146249721498, 0.39838531863534465]
[651.6439514344322, 131.13162732837287, 0.39838531863534465]
[643.019786470316, 127.50179215953077, 0.39838531863534465]
[633.6009726309295, 124.89400973763236, 0.14182158586322813]
[626.1039040405396, 123.82357727393217, 0.1418215858632286]
[618.6068354501499, 122.75314481023199, 0.1418215858632286]
[611.10976685976, 121.6827123465318, 0.1418215858632286]
[603.6126982693702, 120.61227988283161, 0.1418215858632286]
[596.1156296789804, 119.54184741913143, 0.1418215858632286]
[588.6185610885906, 118.47141495543124, 0.1418215858632286]
[581.1214924982007, 117.40098249173107, 0.1418215858632286]
[573.624423907811, 116.33055002803087, 0.1418215858632286]
[566.1273553174211, 115.2601175643307, 0.1418215858632286]
[558.6302867270313, 114.18968510063051, 0.1418215858632286]
[551.1332181366415, 113.11925263693033, 0.1418215858632286]
[543.6361495462517, 112.04882017323014, 0.1418215858632286]
[536.1390809558618, 110.97838770952995, 0.1418215858632286]
[528.642012365472, 109.90795524582977, 0.1418215858632286]
[521.1449437750822, 108.83752278212958, 0.1418215858632286]
[513.6478751846923, 107.7670903184294, 0.1418215858632286]
[506.1508065943026, 106.69665785472921, 0.1418215858632286]
[498.65373800391274, 105.62622539102902, 0.1418215858632286]
[491.15666941352293, 104.55579292732884, 0.1418215858632286]
[476.7114234912465, 102.87182229729578, 0.1151157359261699]
[463.2778295336709, 101.31853698482124, 0.1151157359261699]
[449.84423557609534, 99.7652516723467, 0.1151157359261699]
[436.4106416185198, 98.21196635987215, 0.1151157359261699]
[422.9770476609442, 96.65868104739761, 0.1151157359261699]
[409.54345370336864, 95.10539573492308, 0.1151157359261699]
[396.1098597457931, 93.55211042244854, 0.1151157359261699]
[382.67626578821756, 91.99882510997399, 0.1151157359261699]
[369.242671830642, 90.44553979749945, 0.1151157359261699]
[355.8090778730664, 88.8922544850249, 0.1151157359261699]
[342.3754839154909, 87.33896917255036, 0.1151157359261699]
[328.94188995791535, 85.78568386007582, 0.1151157359261699]
[315.5082960003398, 84.23239854760128, 0.1151157359261699]
[302.0747020427642, 82.67911323512675, 0.1151157359261699]
[288.64110808518865, 81.1258279226522, 0.1151157359261699]
[275.20751412761314, 79.57254261017766, 0.1151157359261699]
[261.77392017003757, 78.01925729770312, 0.1151157359261699]
[248.340326212462, 76.46597198522858, 0.1151157359261699]
[245.84181018975036, 76.09298336883077, 0.18126364122260052]
[238.52834166494992, 74.75260512813159, 0.1812636412226002]
[231.2148731401495, 73.41222688743242, 0.1812636412226002]
[223.90140461534907, 72.07184864673326, 0.1812636412226002]
[216.58793609054862, 70.73147040603409, 0.1812636412226002]
[209.27446756574818, 69.39109216533492, 0.1812636412226002]
[201.96099904094774, 68.05071392463574, 0.1812636412226002]
[194.6475305161473, 66.71033568393658, 0.1812636412226002]
[187.33406199134686, 65.36995744323741, 0.1812636412226002]
[180.02059346654644, 64.02957920253823, 0.1812636412226002]
[172.707124941746, 62.68920096183906, 0.1812636412226002]
[165.39365641694556, 61.34882272113989, 0.1812636412226002]
[158.08018789214515, 60.008444480440716, 0.1812636412226002]
[150.7667193673447, 58.66806623974155, 0.1812636412226002]
[143.45325084254426, 57.327687999042375, 0.1812636412226002]
[136.13978231774382, 55.9873097583432, 0.1812636412226002]
[128.82631379294338, 54.646931517644035, 0.1812636412226002]
[121.51284526814295, 53.30655327694486, 0.1812636412226002]
[114.19937674334253, 51.966175036245694, 0.1812636412226002]
[106.88590821854208, 50.62579679554652, 0.1812636412226002]
>>>> 
>>>> inputs
[40.0, 0.0, 0.16028313742694772]
[40.0, 0.0, 0.16028313742694772]
[40.0, 0.0, 0.16028313742694772]
[40.0, 0.0, 0.16028313742694772]
[40.0, 0.0, 0.16028313742694772]
[40.0, 0.0, 0.16028313742694772]
[40.0, 0.0, 0.16028313742694772]
[40.0, 0.0, 0.16028313742694772]
[40.0, 0.0, 0.16028313742694772]
[40.0, 0.0, 0.16028313742694772]
[40.0, 0.0, 0.16028313742694772]
[40.0, 0.0, 0.16028313742694772]
[40.0, 0.0, 0.16028313742694772]
[40.0, 0.0, 0.16028313742694772]
[40.0, 0.0, 0.16028313742694772]
[40.0, 0.0, 0.16028313742694772]
[40.0, 0.0, 0.16028313742694772]
[40.0, 0.0, 0.16028313742694772]
[40.0, 0.8669840139434847, 0.16028313742694772]
[40.0, 0.0, 0.16028313742694772]
[40.0, 0.0, 0.1299824797860228]
[40.0, 0.0, 0.1299824797860228]
[40.0, 0.0, 0.1299824797860228]
[40.0, 0.0, 0.1299824797860228]
[40.0, 0.0, 0.1299824797860228]
[40.0, 0.0, 0.1299824797860228]
[40.0, 0.0, 0.1299824797860228]
[40.0, 0.0, 0.1299824797860228]
[40.0, 0.0, 0.1299824797860228]
[40.0, 0.0, 0.1299824797860228]
[40.0, 0.0, 0.1299824797860228]
[40.0, 0.0, 0.1299824797860228]
[40.0, 0.0, 0.1299824797860228]
[40.0, 0.0, 0.1299824797860228]
[40.0, 0.0, 0.1299824797860228]
[40.0, 0.0, 0.1299824797860228]
[40.0, -0.8669840139434847, 0.1299824797860228]
[40.0, -0.8669840139434847, 0.1299824797860228]
[40.0, 0.0, 0.1299824797860228]
[40.0, 0.0, 0.1299824797860228]
[40.0, 0.0, 0.16211801229763595]
[40.0, 0.0, 0.16211801229763595]
[40.0, 0.0, 0.16211801229763595]
[40.0, 0.0, 0.16211801229763595]
[40.0, 0.0, 0.16211801229763595]
[40.0, 0.0, 0.16211801229763595]
[40.0, 0.0, 0.16211801229763595]
[40.0, 0.0, 0.16211801229763595]
[40.0, 0.0, 0.16211801229763595]
[40.0, 0.0, 0.16211801229763595]
[40.0, 0.0, 0.16211801229763595]
[40.0, 0.0, 0.16211801229763595]
[40.0, 0.0, 0.16211801229763595]
[40.0, 0.0, 0.16211801229763595]
[40.0, 0.0, 0.16211801229763595]
[40.0, 0.0, 0.16211801229763595]
[40.0, 0.8669840139434847, 0.16211801229763595]
[40.0, 0.0, 0.16211801229763595]
[40.0, 0.0, 0.16211801229763595]
[40.0, 0.0, 0.16211801229763595]
[40.0, 0.0, 0.07553012249596909]
[40.0, 0.0, 0.07553012249596909]
[40.0, 0.0, 0.07553012249596909]
[40.0, 0.0, 0.07553012249596909]
[40.0, 0.0, 0.07553012249596909]
[40.0, 0.0, 0.07553012249596909]
[40.0, 0.0, 0.07553012249596909]
[40.0, 0.0, 0.07553012249596909]
[40.0, 0.0, 0.07553012249596909]
[40.0, 0.0, 0.07553012249596909]
[40.0, 0.0, 0.07553012249596909]
[40.0, 0.0, 0.07553012249596909]
[40.0, 0.0, 0.07553012249596909]
[40.0, 0.0, 0.07553012249596909]
[40.0, 0.0, 0.07553012249596909]
[40.0, 0.8669840139434847, 0.07553012249596909]
[40.0, 0.0, 0.07553012249596909]
[40.0, 0.0, 0.07553012249596909]
[40.0, 0.0, 0.07553012249596909]
[40.0, 0.0, 0.07553012249596909]
[40.0, 0.0, 0.22278068317737648]
[40.0, 0.0, 0.22278068317737648]
[40.0, 0.0, 0.22278068317737648]
[40.0, 0.0, 0.22278068317737648]
[40.0, 0.0, 0.22278068317737648]
[40.0, 0.0, 0.22278068317737648]
[40.0, 0.0, 0.22278068317737648]
[40.0, 0.0, 0.22278068317737648]
[40.0, 0.0, 0.22278068317737648]
[40.0, 0.0, 0.22278068317737648]
[40.0, 0.0, 0.22278068317737648]
[40.0, 0.0, 0.22278068317737648]
[40.0, 0.0, 0.22278068317737648]
[40.0, 0.0, 0.22278068317737648]
[40.0, 0.8669840139434847, 0.22278068317737648]
[40.0, 0.0, 0.22278068317737648]
[40.0, 0.0, 0.22278068317737648]
[40.0, 0.0, 0.22278068317737648]
[40.0, 0.0, 0.22278068317737648]
[40.0, 0.0, 0.22278068317737648]
[40.0, 0.0, 0.18113626598247695]
[40.0, 0.0, 0.18113626598247695]
[40.0, 0.0, 0.18113626598247695]
[40.0, 0.0, 0.18113626598247695]
[40.0, 0.0, 0.18113626598247695]
[40.0, 0.0, 0.18113626598247695]
[40.0, 0.0, 0.18113626598247695]
[40.0, 0.0, 0.18113626598247695]
[40.0, 0.0, 0.18113626598247695]
[40.0, 0.0, 0.18113626598247695]
[40.0, 0.0, 0.18113626598247695]
[40.0, 0.0, 0.18113626598247695]
[40.0, 0.0, 0.18113626598247695]
[40.0, 0.0, 0.18113626598247695]
[40.0, 0.0, 0.18113626598247695]
[40.0, 0.0, 0.18113626598247695]
[40.0, 0.0, 0.18113626598247695]
[40.0, 0.0, 0.18113626598247695]
[40.0, 0.0, 0.18113626598247695]
[40.0, 0.0, 0.18113626598247695]
[40.0, 0.0, 0.3074280035189655]
[40.0, 0.0, 0.3074280035189655]
[40.0, 0.0, 0.3074280035189655]
[40.0, 0.0, 0.3074280035189655]
[40.0, 0.0, 0.3074280035189655]
[40.0, 0.0, 0.3074280035189655]
[40.0, 0.0, 0.3074280035189655]
[40.0, 0.0, 0.3074280035189655]
[40.0, 0.0, 0.3074280035189655]
[40.0, 0.0, 0.3074280035189655]
[40.0, 0.0, 0.3074280035189655]
[40.0, 0.0, 0.3074280035189655]
[40.0, -0.8669840139434847, 0.3074280035189655]
[40.0, 0.0, 0.3074280035189655]
[40.0, 0.0, 0.3074280035189655]
[40.0, 0.0, 0.3074280035189655]
[40.0, 0.0, 0.3074280035189655]
[40.0, 0.0, 0.3074280035189655]
[40.0, 0.0, 0.3074280035189655]
[40.0, 0.0, 0.3074280035189655]
[40.0, 0.0, 0.18524267643617134]
[40.0, 0.0, 0.18524267643617134]
[40.0, 0.0, 0.18524267643617134]
[40.0, 0.0, 0.18524267643617134]
[40.0, 0.0, 0.18524267643617134]
[40.0, 0.0, 0.18524267643617134]
[40.0, 0.0, 0.18524267643617134]
[40.0, 0.0, 0.18524267643617134]
[40.0, 0.0, 0.18524267643617134]
[40.0, 0.0, 0.18524267643617134]
[40.0, 0.0, 0.18524267643617134]
[40.0, 0.0, 0.18524267643617134]
>>>> 
