----------------------------
RRT search Summary          
----------------------------
Map Name               : Random
Total paths found      : 1
Total number of nodes  : 1071
Total elapsed time     : 64.21812295913696 s
Solver                 : RRTstar 
----------------------------
Path number   : 0
Path length   : 1176.9950984182592
Time required : 24.929702043533325 s
>>>> Nodes
[1100.274314218998, 502.891292690434, 1.049083577418299]
[1096.8255462901109, 496.89174824510576, 1.049083577418299]
[1093.376778361224, 490.89220379977746, 1.049083577418299]
[1089.928010432337, 484.8926593544492, 1.049083577418299]
[1086.47924250345, 478.893114909121, 1.049083577418299]
[1083.030474574563, 472.89357046379274, 1.049083577418299]
[1079.5817066456761, 466.8940260184645, 1.049083577418299]
[1076.132938716789, 460.8944815731362, 1.049083577418299]
[1072.684170787902, 454.89493712780796, 1.049083577418299]
[1069.2354028590153, 448.8953926824797, 1.049083577418299]
[1065.7866349301282, 442.8958482371514, 1.049083577418299]
[1062.3378670012412, 436.8963037918232, 1.049083577418299]
[1058.8890990723542, 430.89675934649495, 1.049083577418299]
[1055.4403311434673, 424.89721490116665, 1.049083577418299]
[1051.9915632145803, 418.8976704558384, 1.049083577418299]
[1048.5427952856933, 412.89812601051017, 1.049083577418299]
[1045.0940273568062, 406.8985815651819, 1.049083577418299]
[1041.6452594279194, 400.89903711985363, 1.049083577418299]
[1038.1964914990324, 394.8994926745254, 1.049083577418299]
[1037.8155165805977, 394.22083143058035, 1.0694593067033997]
[1035.236862674629, 389.5156004151849, 1.0694593067033997]
[1032.6582087686602, 384.81036939978947, 1.0694593067033997]
[1030.0795548626916, 380.1051383843941, 1.0694593067033997]
[1027.5009009567227, 375.39990736899864, 1.0694593067033997]
[1024.922247050754, 370.6946763536032, 1.0694593067033997]
[1022.3435931447854, 365.9894453382078, 1.0694593067033997]
[1019.7649392388167, 361.2842143228124, 1.0694593067033997]
[1017.186285332848, 356.57898330741693, 1.0694593067033997]
[1014.6076314268793, 351.87375229202155, 1.0694593067033997]
[1012.0289775209105, 347.1685212766261, 1.0694593067033997]
[1009.4503236149419, 342.46329026123067, 1.0694593067033997]
[1006.8716697089732, 337.7580592458353, 1.0694593067033997]
[1004.2930158030044, 333.05282823043984, 1.0694593067033997]
[1001.7143618970357, 328.3475972150444, 1.0694593067033997]
[999.1357079910671, 323.64236619964896, 1.0694593067033997]
[996.5570540850983, 318.9371351842536, 1.0694593067033997]
[993.9784001791296, 314.23190416885814, 1.0694593067033997]
[993.9784001791296, 314.23190416885814, 1.0694593067033997]
[986.7660671870835, 304.873737570211, 0.7588981133478956]
[981.5980009865917, 299.9725690726435, 0.7588981133478967]
[976.4299347860999, 295.0714005750761, 0.7588981133478967]
[971.2618685856081, 290.1702320775087, 0.7588981133478967]
[966.0938023851163, 285.2690635799412, 0.7588981133478967]
[960.9257361846245, 280.36789508237376, 0.7588981133478967]
[955.7576699841327, 275.46672658480634, 0.7588981133478967]
[950.5896037836409, 270.56555808723886, 0.7588981133478967]
[945.4215375831491, 265.66438958967143, 0.7588981133478967]
[940.2534713826574, 260.763221092104, 0.7588981133478967]
[935.0854051821656, 255.86205259453655, 0.7588981133478967]
[929.9173389816738, 250.9608840969691, 0.7588981133478967]
[924.749272781182, 246.05971559940164, 0.7588981133478967]
[919.5812065806902, 241.15854710183422, 0.7588981133478967]
[914.4131403801983, 236.25737860426676, 0.7588981133478967]
[909.2450741797065, 231.3562101066993, 0.7588981133478967]
[904.0770079792147, 226.45504160913185, 0.7588981133478967]
[898.9089417787229, 221.55387311156443, 0.7588981133478967]
[893.7408755782311, 216.65270461399697, 0.7588981133478967]
[885.9722888644753, 210.95891982517648, 0.506067273752481]
[880.8079093001263, 208.09678546980686, 0.5060672737524821]
[875.6435297357773, 205.2346511144372, 0.5060672737524821]
[870.4791501714283, 202.37251675906757, 0.5060672737524821]
[865.3147706070793, 199.51038240369792, 0.5060672737524821]
[860.1503910427301, 196.6482480483283, 0.5060672737524821]
[854.9860114783811, 193.78611369295865, 0.5060672737524821]
[849.8216319140321, 190.923979337589, 0.5060672737524821]
[844.6572523496831, 188.06184498221936, 0.5060672737524821]
[839.492872785334, 185.1997106268497, 0.5060672737524821]
[834.328493220985, 182.33757627148006, 0.5060672737524821]
[829.164113656636, 179.4754419161104, 0.5060672737524821]
[823.999734092287, 176.61330756074076, 0.5060672737524821]
[818.835354527938, 173.75117320537112, 0.5060672737524821]
[813.6709749635888, 170.8890388500015, 0.5060672737524821]
[808.5065953992398, 168.02690449463185, 0.5060672737524821]
[803.3422158348908, 165.1647701392622, 0.5060672737524821]
[798.1778362705418, 162.30263578389255, 0.5060672737524821]
[793.0134567061928, 159.4405014285229, 0.5060672737524821]
[786.1818944363304, 156.48370262910416, 0.31087449784940513]
[778.2561785676928, 153.93723348402796, 0.3108744978494059]
[770.3304626990551, 151.39076433895178, 0.3108744978494059]
[762.4047468304175, 148.84429519387558, 0.3108744978494059]
[754.4790309617799, 146.29782604879938, 0.3108744978494059]
[746.5533150931423, 143.7513569037232, 0.3108744978494059]
[738.6275992245046, 141.204887758647, 0.3108744978494059]
[730.701883355867, 138.6584186135708, 0.3108744978494059]
[722.7761674872294, 136.11194946849463, 0.3108744978494059]
[714.8504516185917, 133.56548032341843, 0.3108744978494059]
[706.9247357499542, 131.01901117834225, 0.3108744978494059]
[698.9990198813165, 128.47254203326605, 0.3108744978494059]
[691.0733040126788, 125.92607288818986, 0.3108744978494059]
[683.1475881440413, 123.37960374311368, 0.3108744978494059]
[675.2218722754036, 120.83313459803747, 0.3108744978494059]
[667.296156406766, 118.28666545296129, 0.3108744978494059]
[659.3704405381284, 115.7401963078851, 0.3108744978494059]
[651.4447246694907, 113.1937271628089, 0.3108744978494059]
[643.5190088008532, 110.64725801773271, 0.3108744978494059]
[635.5932929322155, 108.10078887265652, 0.3108744978494059]
[618.5362809959834, 105.39955901745398, 0.11456578650362574]
[608.7969332755821, 104.27885549280995, 0.11456578650362574]
[599.0575855551808, 103.15815196816592, 0.11456578650362574]
[589.3182378347797, 102.03744844352188, 0.11456578650362574]
[579.5788901143785, 100.91674491887784, 0.11456578650362574]
[569.8395423939772, 99.79604139423381, 0.11456578650362574]
[560.100194673576, 98.67533786958978, 0.11456578650362574]
[550.3608469531748, 97.55463434494574, 0.11456578650362574]
[540.6214992327735, 96.43393082030171, 0.11456578650362574]
[530.8821515123724, 95.31322729565767, 0.11456578650362574]
[521.1428037919711, 94.19252377101364, 0.11456578650362574]
[511.40345607156996, 93.0718202463696, 0.11456578650362574]
[501.6641083511687, 91.95111672172557, 0.11456578650362574]
[491.9247606307675, 90.83041319708153, 0.11456578650362574]
[482.18541291036627, 89.7097096724375, 0.11456578650362574]
[472.44606518996505, 88.58900614779346, 0.11456578650362574]
[462.70671746956384, 87.46830262314943, 0.11456578650362574]
[452.96736974916263, 86.34759909850538, 0.11456578650362574]
[443.2280220287614, 85.22689557386136, 0.11456578650362574]
[435.916910759805, 84.51221174492493, 0.09660482489106867]
[429.2880278931281, 83.86983009137151, 0.09660482489106867]
[422.65914502645126, 83.2274484378181, 0.09660482489106867]
[416.0302621597744, 82.58506678426468, 0.09660482489106867]
[409.40137929309753, 81.94268513071127, 0.09660482489106867]
[402.7724964264207, 81.30030347715785, 0.09660482489106867]
[396.1436135597438, 80.65792182360444, 0.09660482489106867]
[389.5147306930669, 80.01554017005103, 0.09660482489106867]
[382.8858478263901, 79.3731585164976, 0.09660482489106867]
[376.2569649597132, 78.73077686294418, 0.09660482489106867]
[369.62808209303637, 78.08839520939077, 0.09660482489106867]
[362.99919922635945, 77.44601355583735, 0.09660482489106867]
[356.3703163596826, 76.80363190228394, 0.09660482489106867]
[349.74143349300573, 76.16125024873052, 0.09660482489106867]
[343.11255062632887, 75.51886859517711, 0.09660482489106867]
[336.483667759652, 74.8764869416237, 0.09660482489106867]
[329.85478489297515, 74.23410528807028, 0.09660482489106867]
[323.2259020262983, 73.59172363451687, 0.09660482489106867]
[322.8589102669169, 73.55437015361264, 0.10626232332918795]
[311.34271958979775, 72.32600606021295, 0.10626232332918752]
[299.8265289126786, 71.09764196681326, 0.10626232332918752]
[288.3103382355595, 69.86927787341358, 0.10626232332918752]
[276.7941475584404, 68.64091378001389, 0.10626232332918752]
[265.2779568813213, 67.4125496866142, 0.10626232332918752]
[253.76176620420216, 66.18418559321451, 0.10626232332918752]
[242.24557552708302, 64.95582149981482, 0.10626232332918752]
[230.72938484996394, 63.727457406415134, 0.10626232332918752]
[219.2131941728448, 62.49909331301544, 0.10626232332918752]
[207.69700349572565, 61.27072921961576, 0.10626232332918752]
[196.18081281860657, 60.04236512621607, 0.10626232332918752]
[184.66462214148743, 58.81400103281638, 0.10626232332918752]
[173.14843146436831, 57.585636939416695, 0.10626232332918752]
[161.6322407872492, 56.357272846017004, 0.10626232332918752]
[150.11605011013006, 55.12890875261732, 0.10626232332918752]
[138.59985943301095, 53.90054465921763, 0.10626232332918752]
[127.08366875589184, 52.67218056581794, 0.10626232332918752]
[115.56747807877272, 51.443816472418256, 0.10626232332918752]
[104.0512874016536, 50.215452379018565, 0.10626232332918752]
>>>> 
>>>> inputs
[40.0, 0.0, 0.1566763383040843]
[40.0, 0.0, 0.1566763383040843]
[40.0, 0.0, 0.1566763383040843]
[40.0, 0.0, 0.1566763383040843]
[40.0, 0.0, 0.1566763383040843]
[40.0, 0.0, 0.1566763383040843]
[40.0, 0.0, 0.1566763383040843]
[40.0, 0.0, 0.1566763383040843]
[40.0, 0.0, 0.1566763383040843]
[40.0, 0.0, 0.1566763383040843]
[40.0, 0.0, 0.1566763383040843]
[40.0, 0.0, 0.1566763383040843]
[40.0, 0.0, 0.1566763383040843]
[40.0, 0.0, 0.1566763383040843]
[40.0, 0.0, 0.1566763383040843]
[40.0, 0.0, 0.1566763383040843]
[40.0, 0.0, 0.1566763383040843]
[40.0, 0.0, 0.1566763383040843]
[40.0, -0.8669840139434847, 0.1566763383040843]
[40.0, 0.0, 0.1566763383040843]
[40.0, 0.0, 0.1288452076897338]
[40.0, 0.0, 0.1288452076897338]
[40.0, 0.0, 0.1288452076897338]
[40.0, 0.0, 0.1288452076897338]
[40.0, 0.0, 0.1288452076897338]
[40.0, 0.0, 0.1288452076897338]
[40.0, 0.0, 0.1288452076897338]
[40.0, 0.0, 0.1288452076897338]
[40.0, 0.0, 0.1288452076897338]
[40.0, 0.0, 0.1288452076897338]
[40.0, 0.0, 0.1288452076897338]
[40.0, 0.0, 0.1288452076897338]
[40.0, 0.0, 0.1288452076897338]
[40.0, 0.0, 0.1288452076897338]
[40.0, 0.0, 0.1288452076897338]
[40.0, 0.0, 0.1288452076897338]
[40.0, 0.8669840139434847, 0.1288452076897338]
[40.0, 0.8669840139434847, 0.1288452076897338]
[40.0, 0.0, 0.1288452076897338]
[40.0, 0.0, 0.1288452076897338]
[40.0, 0.0, 0.17232859352642144]
[40.0, 0.0, 0.17232859352642144]
[40.0, 0.0, 0.17232859352642144]
[40.0, 0.0, 0.17232859352642144]
[40.0, 0.0, 0.17232859352642144]
[40.0, 0.0, 0.17232859352642144]
[40.0, 0.0, 0.17232859352642144]
[40.0, 0.0, 0.17232859352642144]
[40.0, 0.0, 0.17232859352642144]
[40.0, 0.0, 0.17232859352642144]
[40.0, 0.0, 0.17232859352642144]
[40.0, 0.0, 0.17232859352642144]
[40.0, 0.0, 0.17232859352642144]
[40.0, 0.0, 0.17232859352642144]
[40.0, 0.0, 0.17232859352642144]
[40.0, 0.0, 0.17232859352642144]
[40.0, 0.8669840139434847, 0.17232859352642144]
[40.0, 0.0, 0.17232859352642144]
[40.0, 0.0, 0.17232859352642144]
[40.0, 0.0, 0.17232859352642144]
[40.0, 0.0, 0.1421700832196322]
[40.0, 0.0, 0.1421700832196322]
[40.0, 0.0, 0.1421700832196322]
[40.0, 0.0, 0.1421700832196322]
[40.0, 0.0, 0.1421700832196322]
[40.0, 0.0, 0.1421700832196322]
[40.0, 0.0, 0.1421700832196322]
[40.0, 0.0, 0.1421700832196322]
[40.0, 0.0, 0.1421700832196322]
[40.0, 0.0, 0.1421700832196322]
[40.0, 0.0, 0.1421700832196322]
[40.0, 0.0, 0.1421700832196322]
[40.0, 0.0, 0.1421700832196322]
[40.0, 0.0, 0.1421700832196322]
[40.0, 0.0, 0.1421700832196322]
[40.0, 0.8669840139434847, 0.1421700832196322]
[40.0, 0.0, 0.1421700832196322]
[40.0, 0.0, 0.1421700832196322]
[40.0, 0.0, 0.1421700832196322]
[40.0, 0.0, 0.1421700832196322]
[40.0, 0.0, 0.20708588382516374]
[40.0, 0.0, 0.20708588382516374]
[40.0, 0.0, 0.20708588382516374]
[40.0, 0.0, 0.20708588382516374]
[40.0, 0.0, 0.20708588382516374]
[40.0, 0.0, 0.20708588382516374]
[40.0, 0.0, 0.20708588382516374]
[40.0, 0.0, 0.20708588382516374]
[40.0, 0.0, 0.20708588382516374]
[40.0, 0.0, 0.20708588382516374]
[40.0, 0.0, 0.20708588382516374]
[40.0, 0.0, 0.20708588382516374]
[40.0, 0.0, 0.20708588382516374]
[40.0, 0.0, 0.20708588382516374]
[40.0, 0.0, 0.20708588382516374]
[40.0, 0.0, 0.20708588382516374]
[40.0, 0.0, 0.20708588382516374]
[40.0, 0.0, 0.20708588382516374]
[40.0, 0.0, 0.20708588382516374]
[40.0, 0.0, 0.20708588382516374]
[40.0, 0.0, 0.2336934330436779]
[40.0, 0.0, 0.2336934330436779]
[40.0, 0.0, 0.2336934330436779]
[40.0, 0.0, 0.2336934330436779]
[40.0, 0.0, 0.2336934330436779]
[40.0, 0.0, 0.2336934330436779]
[40.0, 0.0, 0.2336934330436779]
[40.0, 0.0, 0.2336934330436779]
[40.0, 0.0, 0.2336934330436779]
[40.0, 0.0, 0.2336934330436779]
[40.0, 0.0, 0.2336934330436779]
[40.0, 0.0, 0.2336934330436779]
[40.0, 0.0, 0.2336934330436779]
[40.0, 0.0, 0.2336934330436779]
[40.0, 0.0, 0.2336934330436779]
[40.0, 0.0, 0.2336934330436779]
[40.0, 0.0, 0.2336934330436779]
[40.0, 0.0, 0.2336934330436779]
[40.0, 0.0, 0.2336934330436779]
[40.0, 0.0, 0.2336934330436779]
[40.0, 0.0, 0.1503096626734832]
[40.0, 0.0, 0.1503096626734832]
[40.0, 0.0, 0.1503096626734832]
[40.0, 0.0, 0.1503096626734832]
[40.0, 0.0, 0.1503096626734832]
[40.0, 0.0, 0.1503096626734832]
[40.0, 0.0, 0.1503096626734832]
[40.0, 0.0, 0.1503096626734832]
[40.0, 0.0, 0.1503096626734832]
[40.0, 0.0, 0.1503096626734832]
[40.0, 0.0, 0.1503096626734832]
[40.0, 0.0, 0.1503096626734832]
[40.0, -0.8669840139434847, 0.1503096626734832]
[40.0, 0.0, 0.1503096626734832]
[40.0, 0.0, 0.1503096626734832]
[40.0, 0.0, 0.1503096626734832]
[40.0, 0.0, 0.1503096626734832]
[40.0, 0.0, 0.1503096626734832]
[40.0, 0.0, 0.1503096626734832]
[40.0, 0.0, 0.1503096626734832]
[40.0, 0.0, 0.28013467074062737]
[40.0, 0.0, 0.28013467074062737]
[40.0, 0.0, 0.28013467074062737]
[40.0, 0.0, 0.28013467074062737]
[40.0, 0.0, 0.28013467074062737]
[40.0, 0.0, 0.28013467074062737]
[40.0, 0.0, 0.28013467074062737]
[40.0, 0.0, 0.28013467074062737]
[40.0, 0.0, 0.28013467074062737]
[40.0, 0.0, 0.28013467074062737]
[40.0, 0.0, 0.28013467074062737]
[40.0, 0.0, 0.28013467074062737]
>>>> 
