----------------------------
RRT search Summary          
----------------------------
Map Name               : Random
Total paths found      : 2
Total number of nodes  : 1017
Total elapsed time     : 70.97295808792114 s
Solver                 : RRTstar 
----------------------------
Path number   : 0
Path length   : 1181.5358497994393
Time required : 59.021000146865845 s
>>>> Nodes
[1110.0480770475592, 503.03560641802545, 0.9480367991353398]
[1107.0085867984499, 498.8028236094947, 0.9480367991353398]
[1103.9690965493405, 494.57004080096385, 0.9480367991353398]
[1100.9296063002312, 490.3372579924331, 0.9480367991353398]
[1097.890116051122, 486.10447518390225, 0.9480367991353398]
[1094.8506258020127, 481.8716923753715, 0.9480367991353398]
[1091.8111355529034, 477.63890956684065, 0.9480367991353398]
[1088.771645303794, 473.4061267583099, 0.9480367991353398]
[1085.7321550546847, 469.1733439497791, 0.9480367991353398]
[1082.6926648055753, 464.9405611412483, 0.9480367991353398]
[1079.6531745564662, 460.7077783327175, 0.9480367991353398]
[1076.6136843073568, 456.4749955241867, 0.9480367991353398]
[1073.5741940582475, 452.2422127156559, 0.9480367991353398]
[1070.5347038091381, 448.0094299071251, 0.9480367991353398]
[1067.4952135600288, 443.7766470985943, 0.9480367991353398]
[1064.4557233109194, 439.54386429006354, 0.9480367991353398]
[1061.4162330618103, 435.3110814815327, 0.9480367991353398]
[1058.376742812701, 431.07829867300194, 0.9480367991353398]
[1055.3372525635916, 426.8455158644711, 0.9480367991353398]
[1052.2977623144823, 422.61273305594034, 0.9480367991353398]
[1048.7263782931416, 417.72343490363664, 0.9397067016396894]
[1045.3416599279838, 413.0918145737124, 0.9397067016396894]
[1041.9569415628262, 408.46019424378807, 0.9397067016396894]
[1038.5722231976683, 403.82857391386375, 0.9397067016396894]
[1035.1875048325105, 399.1969535839395, 0.9397067016396894]
[1031.8027864673527, 394.5653332540152, 0.9397067016396894]
[1028.4180681021949, 389.93371292409086, 0.9397067016396894]
[1025.0333497370373, 385.30209259416654, 0.9397067016396894]
[1021.6486313718794, 380.6704722642423, 0.9397067016396894]
[1018.2639130067216, 376.03885193431796, 0.9397067016396894]
[1014.8791946415639, 371.4072316043937, 0.9397067016396894]
[1011.4944762764061, 366.7756112744694, 0.9397067016396894]
[1008.1097579112483, 362.14399094454507, 0.9397067016396894]
[1004.7250395460906, 357.51237061462075, 0.9397067016396894]
[1001.3403211809327, 352.8807502846965, 0.9397067016396894]
[997.955602815775, 348.2491299547722, 0.9397067016396894]
[994.5708844506172, 343.61750962484786, 0.9397067016396894]
[991.1861660854595, 338.9858892949236, 0.9397067016396894]
[987.8014477203017, 334.3542689649993, 0.9397067016396894]
[983.1834643745194, 328.81827893358616, 0.8577965257034695]
[980.5128494755764, 325.729999530693, 0.8577965257034695]
[977.8422345766335, 322.64172012779983, 0.8577965257034695]
[975.1716196776905, 319.5534407249067, 0.8577965257034695]
[972.5010047787475, 316.4651613220135, 0.8577965257034695]
[969.8303898798046, 313.37688191912036, 0.8577965257034695]
[967.1597749808616, 310.2886025162272, 0.8577965257034695]
[964.4891600819186, 307.200323113334, 0.8577965257034695]
[961.8185451829756, 304.11204371044084, 0.8577965257034695]
[959.1479302840328, 301.02376430754765, 0.8577965257034695]
[956.4773153850898, 297.9354849046545, 0.8577965257034695]
[953.8067004861468, 294.8472055017613, 0.8577965257034695]
[951.1360855872039, 291.7589260988682, 0.8577965257034695]
[948.4654706882609, 288.670646695975, 0.8577965257034695]
[945.7948557893179, 285.5823672930818, 0.8577965257034695]
[943.124240890375, 282.49408789018867, 0.8577965257034695]
[940.453625991432, 279.4058084872955, 0.8577965257034695]
[937.783011092489, 276.31752908440234, 0.8577965257034695]
[935.112396193546, 273.22924968150915, 0.8577965257034695]
[927.5264690388383, 265.7895350155749, 0.7576566082283693]
[922.5831040135484, 261.1131065044731, 0.7576566082283693]
[917.6397389882585, 256.4366779933712, 0.7576566082283693]
[912.6963739629686, 251.76024948226933, 0.7576566082283693]
[907.7530089376787, 247.08382097116748, 0.7576566082283693]
[902.8096439123888, 242.4073924600656, 0.7576566082283693]
[897.8662788870988, 237.73096394896373, 0.7576566082283693]
[892.922913861809, 233.0545354378619, 0.7576566082283693]
[887.979548836519, 228.37810692676004, 0.7576566082283693]
[883.0361838112291, 223.70167841565817, 0.7576566082283693]
[878.0928187859392, 219.02524990455632, 0.7576566082283693]
[873.1494537606493, 214.34882139345444, 0.7576566082283693]
[868.2060887353593, 209.6723928823526, 0.7576566082283693]
[863.2627237100694, 204.99596437125072, 0.7576566082283693]
[858.3193586847796, 200.31953586014887, 0.7576566082283693]
[853.3759936594896, 195.643107349047, 0.7576566082283693]
[848.4326286341997, 190.96667883794515, 0.7576566082283693]
[843.4892636089098, 186.29025032684328, 0.7576566082283693]
[838.5458985836199, 181.61382181574143, 0.7576566082283693]
[830.3314224573718, 175.45121906144234, 0.5937853038460255]
[826.9954370318613, 173.19925584313444, 0.5937853038460255]
[823.659451606351, 170.94729262482656, 0.5937853038460255]
[820.3234661808407, 168.69532940651865, 0.5937853038460255]
[816.9874807553302, 166.44336618821075, 0.5937853038460255]
[813.6514953298199, 164.19140296990287, 0.5937853038460255]
[810.3155099043096, 161.93943975159496, 0.5937853038460255]
[806.9795244787992, 159.68747653328705, 0.5937853038460255]
[803.6435390532888, 157.43551331497915, 0.5937853038460255]
[800.3075536277785, 155.18355009667124, 0.5937853038460255]
[796.9715682022681, 152.93158687836336, 0.5937853038460255]
[793.6355827767577, 150.67962366005546, 0.5937853038460255]
[790.2995973512474, 148.42766044174755, 0.5937853038460255]
[786.963611925737, 146.17569722343967, 0.5937853038460255]
[783.6276265002266, 143.92373400513176, 0.5937853038460255]
[780.2916410747163, 141.67177078682386, 0.5937853038460255]
[780.2916410747163, 141.67177078682383, 0.5937853038460253]
[773.8326225412649, 138.16472692551923, 0.4010722030163052]
[766.8214941706444, 135.95965186301834, 0.20835910218658515]
[759.1864046123899, 134.34538320734814, 0.20835910218658404]
[751.5513150541354, 132.73111455167793, 0.20835910218658404]
[743.9162254958809, 131.11684589600776, 0.20835910218658404]
[736.2811359376265, 129.5025772403376, 0.20835910218658404]
[728.6460463793719, 127.8883085846674, 0.20835910218658404]
[721.0109568211174, 126.27403992899723, 0.20835910218658404]
[713.3758672628629, 124.65977127332704, 0.20835910218658404]
[705.7407777046084, 123.04550261765687, 0.20835910218658404]
[698.1056881463539, 121.43123396198668, 0.20835910218658404]
[690.4705985880994, 119.81696530631649, 0.20835910218658404]
[682.8355090298448, 118.20269665064632, 0.20835910218658404]
[675.2004194715904, 116.58842799497613, 0.20835910218658404]
[667.5653299133359, 114.97415933930596, 0.20835910218658404]
[659.9302403550813, 113.35989068363577, 0.20835910218658404]
[652.2951507968269, 111.7456220279656, 0.20835910218658404]
[644.6600612385723, 110.13135337229541, 0.20835910218658404]
[637.0249716803179, 108.51708471662523, 0.20835910218658404]
[629.3898821220633, 106.90281606095505, 0.20835910218658404]
[621.0553202255588, 106.07913191141219, -0.01134379236290961]
[615.3731094359903, 106.14359249575932, -0.011343792362910936]
[609.6908986464217, 106.20805308010645, -0.011343792362910936]
[604.0086878568532, 106.27251366445358, -0.011343792362910936]
[598.3264770672846, 106.33697424880071, -0.011343792362910936]
[592.644266277716, 106.40143483314783, -0.011343792362910936]
[586.9620554881475, 106.46589541749496, -0.011343792362910936]
[581.2798446985789, 106.5303560018421, -0.011343792362910936]
[575.5976339090104, 106.59481658618922, -0.011343792362910936]
[569.9154231194418, 106.65927717053636, -0.011343792362910936]
[564.2332123298731, 106.72373775488349, -0.011343792362910936]
[558.5510015403046, 106.78819833923062, -0.011343792362910936]
[552.868790750736, 106.85265892357775, -0.011343792362910936]
[547.1865799611675, 106.91711950792487, -0.011343792362910936]
[541.5043691715989, 106.981580092272, -0.011343792362910936]
[535.8221583820304, 107.04604067661913, -0.011343792362910936]
[530.1399475924618, 107.11050126096626, -0.011343792362910936]
[524.4577368028932, 107.17496184531339, -0.011343792362910936]
[524.4577368028932, 107.17496184531339, -0.01134379236290961]
[517.3652780610832, 106.59247232234031, 0.1752319970770535]
[508.72679342085837, 105.06304696016693, 0.1752319970770542]
[500.0883087806334, 103.53362159799357, 0.1752319970770542]
[491.4498241404085, 102.0041962358202, 0.1752319970770542]
[482.8113395001835, 100.47477087364683, 0.1752319970770542]
[474.17285485995865, 98.94534551147346, 0.1752319970770542]
[465.5343702197337, 97.41592014930009, 0.1752319970770542]
[456.8958855795088, 95.88649478712674, 0.1752319970770542]
[448.25740093928385, 94.35706942495337, 0.1752319970770542]
[439.6189162990589, 92.82764406278, 0.1752319970770542]
[430.980431658834, 91.29821870060663, 0.1752319970770542]
[422.34194701860906, 89.76879333843326, 0.1752319970770542]
[413.70346237838413, 88.2393679762599, 0.1752319970770542]
[405.0649777381592, 86.70994261408653, 0.1752319970770542]
[396.4264930979343, 85.18051725191316, 0.1752319970770542]
[387.7880084577094, 83.65109188973979, 0.1752319970770542]
[379.14952381748446, 82.12166652756642, 0.1752319970770542]
[370.51103917725953, 80.59224116539306, 0.1752319970770542]
[361.8725545370346, 79.06281580321969, 0.1752319970770542]
[353.2340698968097, 77.53339044104632, 0.1752319970770542]
[337.74717823269816, 75.75620470108987, 0.10885905184944306]
[324.76955176886696, 74.33786557969935, 0.10885905184944306]
[311.79192530503576, 72.91952645830885, 0.10885905184944306]
[298.81429884120456, 71.50118733691833, 0.10885905184944306]
[285.8366723773734, 70.08284821552782, 0.10885905184944306]
[272.8590459135422, 68.6645090941373, 0.10885905184944306]
[259.881419449711, 67.2461699727468, 0.10885905184944306]
[246.90379298587982, 65.82783085135628, 0.10885905184944306]
[233.92616652204862, 64.40949172996577, 0.10885905184944306]
[220.94854005821742, 62.99115260857525, 0.10885905184944306]
[207.97091359438625, 61.57281348718474, 0.10885905184944306]
[194.99328713055507, 60.15447436579422, 0.10885905184944306]
[182.01566066672387, 58.73613524440371, 0.10885905184944306]
[169.03803420289267, 57.317796123013196, 0.10885905184944306]
[156.06040773906147, 55.89945700162268, 0.10885905184944306]
[143.08278127523027, 54.48111788023217, 0.10885905184944306]
[130.1051548113991, 53.06277875884165, 0.10885905184944306]
[117.1275283475679, 51.64443963745114, 0.10885905184944306]
[104.14990188373672, 50.226100516060626, 0.10885905184944306]
>>>> 
>>>> inputs
[40.0, 0.0, 0.12415996338720747]
[40.0, 0.0, 0.12415996338720747]
[40.0, 0.0, 0.12415996338720747]
[40.0, 0.0, 0.12415996338720747]
[40.0, 0.0, 0.12415996338720747]
[40.0, 0.0, 0.12415996338720747]
[40.0, 0.0, 0.12415996338720747]
[40.0, 0.0, 0.12415996338720747]
[40.0, 0.0, 0.12415996338720747]
[40.0, 0.0, 0.12415996338720747]
[40.0, 0.0, 0.12415996338720747]
[40.0, 0.0, 0.12415996338720747]
[40.0, 0.0, 0.12415996338720747]
[40.0, 0.0, 0.12415996338720747]
[40.0, 0.0, 0.12415996338720747]
[40.0, 0.0, 0.12415996338720747]
[40.0, 0.0, 0.12415996338720747]
[40.0, 0.0, 0.12415996338720747]
[40.0, 0.0, 0.12415996338720747]
[40.0, 0.0, 0.12415996338720747]
[40.0, 0.0, 0.14015443946551043]
[40.0, 0.0, 0.14015443946551043]
[40.0, 0.0, 0.14015443946551043]
[40.0, 0.0, 0.14015443946551043]
[40.0, 0.0, 0.14015443946551043]
[40.0, 0.0, 0.14015443946551043]
[40.0, 0.0, 0.14015443946551043]
[40.0, 0.0, 0.14015443946551043]
[40.0, 0.0, 0.14015443946551043]
[40.0, 0.0, 0.14015443946551043]
[40.0, 0.0, 0.14015443946551043]
[40.0, 0.0, 0.14015443946551043]
[40.0, 0.0, 0.14015443946551043]
[40.0, 0.0, 0.14015443946551043]
[40.0, 0.0, 0.14015443946551043]
[40.0, 0.0, 0.14015443946551043]
[40.0, 0.0, 0.14015443946551043]
[40.0, 0.0, 0.14015443946551043]
[40.0, 0.0, 0.14015443946551043]
[40.0, 0.0, 0.14015443946551043]
[40.0, 0.0, 0.10174898578088436]
[40.0, 0.0, 0.10174898578088436]
[40.0, 0.0, 0.10174898578088436]
[40.0, 0.0, 0.10174898578088436]
[40.0, 0.0, 0.10174898578088436]
[40.0, 0.0, 0.10174898578088436]
[40.0, 0.0, 0.10174898578088436]
[40.0, 0.0, 0.10174898578088436]
[40.0, 0.0, 0.10174898578088436]
[40.0, 0.0, 0.10174898578088436]
[40.0, 0.0, 0.10174898578088436]
[40.0, 0.0, 0.10174898578088436]
[40.0, 0.0, 0.10174898578088436]
[40.0, 0.0, 0.10174898578088436]
[40.0, 0.0, 0.10174898578088436]
[40.0, 0.0, 0.10174898578088436]
[40.0, 0.0, 0.10174898578088436]
[40.0, 0.0, 0.10174898578088436]
[40.0, 0.0, 0.10174898578088436]
[40.0, 0.0, 0.10174898578088436]
[40.0, 0.0, 0.16943921790911812]
[40.0, 0.0, 0.16943921790911812]
[40.0, 0.0, 0.16943921790911812]
[40.0, 0.0, 0.16943921790911812]
[40.0, 0.0, 0.16943921790911812]
[40.0, 0.0, 0.16943921790911812]
[40.0, 0.0, 0.16943921790911812]
[40.0, 0.0, 0.16943921790911812]
[40.0, 0.0, 0.16943921790911812]
[40.0, 0.0, 0.16943921790911812]
[40.0, 0.0, 0.16943921790911812]
[40.0, 0.0, 0.16943921790911812]
[40.0, 0.0, 0.16943921790911812]
[40.0, 0.0, 0.16943921790911812]
[40.0, 0.0, 0.16943921790911812]
[40.0, 0.0, 0.16943921790911812]
[40.0, 0.0, 0.16943921790911812]
[40.0, 0.0, 0.16943921790911812]
[40.0, 0.0, 0.16943921790911812]
[40.0, 0.0, 0.16943921790911812]
[40.0, 0.0, 0.09890153336396812]
[40.0, 0.0, 0.09890153336396812]
[40.0, 0.0, 0.09890153336396812]
[40.0, 0.0, 0.09890153336396812]
[40.0, 0.0, 0.09890153336396812]
[40.0, 0.0, 0.09890153336396812]
[40.0, 0.0, 0.09890153336396812]
[40.0, 0.0, 0.09890153336396812]
[40.0, 0.0, 0.09890153336396812]
[40.0, 0.0, 0.09890153336396812]
[40.0, 0.0, 0.09890153336396812]
[40.0, 0.0, 0.09890153336396812]
[40.0, 0.8669840139434847, 0.09890153336396812]
[40.0, 0.8669840139434847, 0.09890153336396812]
[40.0, 0.8669840139434847, 0.09890153336396812]
[40.0, 0.0, 0.09890153336396812]
[40.0, 0.0, 0.09890153336396812]
[40.0, 0.0, 0.09890153336396812]
[40.0, 0.0, 0.09890153336396812]
[40.0, 0.0, 0.09890153336396812]
[40.0, 0.0, 0.18607721479821998]
[40.0, 0.0, 0.18607721479821998]
[40.0, 0.0, 0.18607721479821998]
[40.0, 0.0, 0.18607721479821998]
[40.0, 0.0, 0.18607721479821998]
[40.0, 0.0, 0.18607721479821998]
[40.0, 0.0, 0.18607721479821998]
[40.0, 0.0, 0.18607721479821998]
[40.0, 0.0, 0.18607721479821998]
[40.0, 0.0, 0.18607721479821998]
[40.0, 0.0, 0.18607721479821998]
[40.0, 0.0, 0.18607721479821998]
[40.0, 0.0, 0.18607721479821998]
[40.0, 0.8669840139434847, 0.18607721479821998]
[40.0, 0.0, 0.18607721479821998]
[40.0, 0.0, 0.18607721479821998]
[40.0, 0.0, 0.18607721479821998]
[40.0, 0.0, 0.18607721479821998]
[40.0, 0.0, 0.18607721479821998]
[40.0, 0.0, 0.18607721479821998]
[40.0, 0.0, 0.12966308639886168]
[40.0, 0.0, 0.12966308639886168]
[40.0, 0.0, 0.12966308639886168]
[40.0, 0.0, 0.12966308639886168]
[40.0, 0.0, 0.12966308639886168]
[40.0, 0.0, 0.12966308639886168]
[40.0, 0.0, 0.12966308639886168]
[40.0, 0.0, 0.12966308639886168]
[40.0, 0.0, 0.12966308639886168]
[40.0, 0.0, 0.12966308639886168]
[40.0, 0.0, 0.12966308639886168]
[40.0, -0.8669840139434847, 0.12966308639886168]
[40.0, -0.8669840139434847, 0.12966308639886168]
[40.0, 0.0, 0.12966308639886168]
[40.0, 0.0, 0.12966308639886168]
[40.0, 0.0, 0.12966308639886168]
[40.0, 0.0, 0.12966308639886168]
[40.0, 0.0, 0.12966308639886168]
[40.0, 0.0, 0.12966308639886168]
[40.0, 0.0, 0.12966308639886168]
[40.0, 0.0, 0.21152380426379153]
[40.0, 0.0, 0.21152380426379153]
[40.0, 0.0, 0.21152380426379153]
[40.0, 0.0, 0.21152380426379153]
[40.0, 0.0, 0.21152380426379153]
[40.0, 0.0, 0.21152380426379153]
[40.0, 0.0, 0.21152380426379153]
[40.0, 0.0, 0.21152380426379153]
[40.0, 0.0, 0.21152380426379153]
[40.0, 0.0, 0.21152380426379153]
[40.0, 0.0, 0.21152380426379153]
[40.0, 0.0, 0.21152380426379153]
[40.0, 0.0, 0.21152380426379153]
[40.0, 0.0, 0.21152380426379153]
[40.0, 0.0, 0.21152380426379153]
[40.0, 0.0, 0.21152380426379153]
[40.0, 0.0, 0.21152380426379153]
[40.0, 0.0, 0.21152380426379153]
[40.0, 0.0, 0.21152380426379153]
[40.0, 0.0, 0.21152380426379153]
[40.0, 0.0, 0.31525156688173767]
[40.0, 0.0, 0.31525156688173767]
[40.0, 0.0, 0.31525156688173767]
[40.0, 0.0, 0.31525156688173767]
[40.0, 0.0, 0.31525156688173767]
[40.0, 0.0, 0.31525156688173767]
[40.0, 0.0, 0.31525156688173767]
[40.0, 0.0, 0.31525156688173767]
[40.0, 0.0, 0.31525156688173767]
[40.0, 0.0, 0.31525156688173767]
[40.0, 0.0, 0.31525156688173767]
>>>> 
----------------------------
Path number   : 1
Path length   : 1170.5031052766706
Time required : 61.3436062335968 s
>>>> Nodes
[1108.774171324099, 490.20178619643974, 0.9048730326874089]
[1106.7782927308742, 487.66133683225456, 0.9048730326874089]
[1104.7824141376493, 485.12088746806944, 0.9048730326874089]
[1102.7865355444246, 482.58043810388426, 0.9048730326874089]
[1100.7906569512, 480.0399887396991, 0.9048730326874089]
[1098.794778357975, 477.49953937551396, 0.9048730326874089]
[1096.7988997647503, 474.9590900113288, 0.9048730326874089]
[1094.8030211715256, 472.4186406471436, 0.9048730326874089]
[1092.8071425783007, 469.8781912829585, 0.9048730326874089]
[1090.811263985076, 467.3377419187733, 0.9048730326874089]
[1088.8153853918514, 464.7972925545881, 0.9048730326874089]
[1086.8195067986264, 462.256843190403, 0.9048730326874089]
[1084.8236282054017, 459.7163938262178, 0.9048730326874089]
[1082.827749612177, 457.17594446203265, 0.9048730326874089]
[1080.8318710189521, 454.6354950978475, 0.9048730326874089]
[1078.8359924257275, 452.09504573366235, 0.9048730326874089]
[1076.8401138325028, 449.55459636947717, 0.9048730326874089]
[1074.8442352392779, 447.01414700529205, 0.9048730326874089]
[1072.8483566460532, 444.47369764110687, 0.9048730326874089]
[1072.6512367827413, 444.2206136226873, 0.9132713826392265]
[1068.1535380816308, 438.39568539589965, 0.9132713826392275]
[1063.6558393805205, 432.57075716911197, 0.9132713826392275]
[1059.15814067941, 426.74582894232435, 0.9132713826392275]
[1054.6604419782996, 420.9209007155367, 0.9132713826392275]
[1050.162743277189, 415.095972488749, 0.9132713826392275]
[1045.6650445760788, 409.2710442619613, 0.9132713826392275]
[1041.1673458749683, 403.44611603517365, 0.9132713826392275]
[1036.6696471738578, 397.62118780838597, 0.9132713826392275]
[1032.1719484727475, 391.7962595815983, 0.9132713826392275]
[1027.674249771637, 385.9713313548107, 0.9132713826392275]
[1023.1765510705266, 380.146403128023, 0.9132713826392275]
[1018.6788523694162, 374.3214749012353, 0.9132713826392275]
[1014.1811536683058, 368.49654667444764, 0.9132713826392275]
[1009.6834549671953, 362.67161844765997, 0.9132713826392275]
[1005.1857562660849, 356.8466902208723, 0.9132713826392275]
[1000.6880575649744, 351.0217619940846, 0.9132713826392275]
[996.190358863864, 345.196833767297, 0.9132713826392275]
[991.6926601627536, 339.3719055405093, 0.9132713826392275]
[987.1949614616432, 333.54697731372164, 0.9132713826392275]
[983.1834643745194, 328.81827893358616, 0.8577965257034695]
[980.5128494755764, 325.729999530693, 0.8577965257034695]
[977.8422345766335, 322.64172012779983, 0.8577965257034695]
[975.1716196776905, 319.5534407249067, 0.8577965257034695]
[972.5010047787475, 316.4651613220135, 0.8577965257034695]
[969.8303898798046, 313.37688191912036, 0.8577965257034695]
[967.1597749808616, 310.2886025162272, 0.8577965257034695]
[964.4891600819186, 307.200323113334, 0.8577965257034695]
[961.8185451829756, 304.11204371044084, 0.8577965257034695]
[959.1479302840328, 301.02376430754765, 0.8577965257034695]
[956.4773153850898, 297.9354849046545, 0.8577965257034695]
[953.8067004861468, 294.8472055017613, 0.8577965257034695]
[951.1360855872039, 291.7589260988682, 0.8577965257034695]
[948.4654706882609, 288.670646695975, 0.8577965257034695]
[945.7948557893179, 285.5823672930818, 0.8577965257034695]
[943.124240890375, 282.49408789018867, 0.8577965257034695]
[940.453625991432, 279.4058084872955, 0.8577965257034695]
[937.783011092489, 276.31752908440234, 0.8577965257034695]
[935.112396193546, 273.22924968150915, 0.8577965257034695]
[927.5264690388383, 265.7895350155749, 0.7576566082283693]
[922.5831040135484, 261.1131065044731, 0.7576566082283693]
[917.6397389882585, 256.4366779933712, 0.7576566082283693]
[912.6963739629686, 251.76024948226933, 0.7576566082283693]
[907.7530089376787, 247.08382097116748, 0.7576566082283693]
[902.8096439123888, 242.4073924600656, 0.7576566082283693]
[897.8662788870988, 237.73096394896373, 0.7576566082283693]
[892.922913861809, 233.0545354378619, 0.7576566082283693]
[887.979548836519, 228.37810692676004, 0.7576566082283693]
[883.0361838112291, 223.70167841565817, 0.7576566082283693]
[878.0928187859392, 219.02524990455632, 0.7576566082283693]
[873.1494537606493, 214.34882139345444, 0.7576566082283693]
[868.2060887353593, 209.6723928823526, 0.7576566082283693]
[863.2627237100694, 204.99596437125072, 0.7576566082283693]
[858.3193586847796, 200.31953586014887, 0.7576566082283693]
[853.3759936594896, 195.643107349047, 0.7576566082283693]
[848.4326286341997, 190.96667883794515, 0.7576566082283693]
[843.4892636089098, 186.29025032684328, 0.7576566082283693]
[838.5458985836199, 181.61382181574143, 0.7576566082283693]
[830.3314224573718, 175.45121906144234, 0.5937853038460255]
[826.9954370318613, 173.19925584313444, 0.5937853038460255]
[823.659451606351, 170.94729262482656, 0.5937853038460255]
[820.3234661808407, 168.69532940651865, 0.5937853038460255]
[816.9874807553302, 166.44336618821075, 0.5937853038460255]
[813.6514953298199, 164.19140296990287, 0.5937853038460255]
[810.3155099043096, 161.93943975159496, 0.5937853038460255]
[806.9795244787992, 159.68747653328705, 0.5937853038460255]
[803.6435390532888, 157.43551331497915, 0.5937853038460255]
[800.3075536277785, 155.18355009667124, 0.5937853038460255]
[796.9715682022681, 152.93158687836336, 0.5937853038460255]
[793.6355827767577, 150.67962366005546, 0.5937853038460255]
[790.2995973512474, 148.42766044174755, 0.5937853038460255]
[786.963611925737, 146.17569722343967, 0.5937853038460255]
[783.6276265002266, 143.92373400513176, 0.5937853038460255]
[780.2916410747163, 141.67177078682386, 0.5937853038460255]
[780.2916410747163, 141.67177078682383, 0.5937853038460253]
[773.8326225412649, 138.16472692551923, 0.4010722030163052]
[766.8214941706444, 135.95965186301834, 0.20835910218658515]
[759.1864046123899, 134.34538320734814, 0.20835910218658404]
[751.5513150541354, 132.73111455167793, 0.20835910218658404]
[743.9162254958809, 131.11684589600776, 0.20835910218658404]
[736.2811359376265, 129.5025772403376, 0.20835910218658404]
[728.6460463793719, 127.8883085846674, 0.20835910218658404]
[721.0109568211174, 126.27403992899723, 0.20835910218658404]
[713.3758672628629, 124.65977127332704, 0.20835910218658404]
[705.7407777046084, 123.04550261765687, 0.20835910218658404]
[698.1056881463539, 121.43123396198668, 0.20835910218658404]
[690.4705985880994, 119.81696530631649, 0.20835910218658404]
[682.8355090298448, 118.20269665064632, 0.20835910218658404]
[675.2004194715904, 116.58842799497613, 0.20835910218658404]
[667.5653299133359, 114.97415933930596, 0.20835910218658404]
[659.9302403550813, 113.35989068363577, 0.20835910218658404]
[652.2951507968269, 111.7456220279656, 0.20835910218658404]
[644.6600612385723, 110.13135337229541, 0.20835910218658404]
[637.0249716803179, 108.51708471662523, 0.20835910218658404]
[629.3898821220633, 106.90281606095505, 0.20835910218658404]
[621.0553202255588, 106.07913191141219, -0.01134379236290961]
[615.3731094359903, 106.14359249575932, -0.011343792362910936]
[609.6908986464217, 106.20805308010645, -0.011343792362910936]
[604.0086878568532, 106.27251366445358, -0.011343792362910936]
[598.3264770672846, 106.33697424880071, -0.011343792362910936]
[592.644266277716, 106.40143483314783, -0.011343792362910936]
[586.9620554881475, 106.46589541749496, -0.011343792362910936]
[581.2798446985789, 106.5303560018421, -0.011343792362910936]
[575.5976339090104, 106.59481658618922, -0.011343792362910936]
[569.9154231194418, 106.65927717053636, -0.011343792362910936]
[564.2332123298731, 106.72373775488349, -0.011343792362910936]
[558.5510015403046, 106.78819833923062, -0.011343792362910936]
[552.868790750736, 106.85265892357775, -0.011343792362910936]
[547.1865799611675, 106.91711950792487, -0.011343792362910936]
[541.5043691715989, 106.981580092272, -0.011343792362910936]
[535.8221583820304, 107.04604067661913, -0.011343792362910936]
[530.1399475924618, 107.11050126096626, -0.011343792362910936]
[524.4577368028932, 107.17496184531339, -0.011343792362910936]
[524.4577368028932, 107.17496184531339, -0.01134379236290961]
[517.3652780610832, 106.59247232234031, 0.1752319970770535]
[508.72679342085837, 105.06304696016693, 0.1752319970770542]
[500.0883087806334, 103.53362159799357, 0.1752319970770542]
[491.4498241404085, 102.0041962358202, 0.1752319970770542]
[482.8113395001835, 100.47477087364683, 0.1752319970770542]
[474.17285485995865, 98.94534551147346, 0.1752319970770542]
[465.5343702197337, 97.41592014930009, 0.1752319970770542]
[456.8958855795088, 95.88649478712674, 0.1752319970770542]
[448.25740093928385, 94.35706942495337, 0.1752319970770542]
[439.6189162990589, 92.82764406278, 0.1752319970770542]
[430.980431658834, 91.29821870060663, 0.1752319970770542]
[422.34194701860906, 89.76879333843326, 0.1752319970770542]
[413.70346237838413, 88.2393679762599, 0.1752319970770542]
[405.0649777381592, 86.70994261408653, 0.1752319970770542]
[396.4264930979343, 85.18051725191316, 0.1752319970770542]
[387.7880084577094, 83.65109188973979, 0.1752319970770542]
[379.14952381748446, 82.12166652756642, 0.1752319970770542]
[370.51103917725953, 80.59224116539306, 0.1752319970770542]
[361.8725545370346, 79.06281580321969, 0.1752319970770542]
[353.2340698968097, 77.53339044104632, 0.1752319970770542]
[337.74717823269816, 75.75620470108987, 0.10885905184944306]
[324.76955176886696, 74.33786557969935, 0.10885905184944306]
[311.79192530503576, 72.91952645830885, 0.10885905184944306]
[298.81429884120456, 71.50118733691833, 0.10885905184944306]
[285.8366723773734, 70.08284821552782, 0.10885905184944306]
[272.8590459135422, 68.6645090941373, 0.10885905184944306]
[259.881419449711, 67.2461699727468, 0.10885905184944306]
[246.90379298587982, 65.82783085135628, 0.10885905184944306]
[233.92616652204862, 64.40949172996577, 0.10885905184944306]
[220.94854005821742, 62.99115260857525, 0.10885905184944306]
[207.97091359438625, 61.57281348718474, 0.10885905184944306]
[194.99328713055507, 60.15447436579422, 0.10885905184944306]
[182.01566066672387, 58.73613524440371, 0.10885905184944306]
[169.03803420289267, 57.317796123013196, 0.10885905184944306]
[156.06040773906147, 55.89945700162268, 0.10885905184944306]
[143.08278127523027, 54.48111788023217, 0.10885905184944306]
[130.1051548113991, 53.06277875884165, 0.10885905184944306]
[117.1275283475679, 51.64443963745114, 0.10885905184944306]
[104.14990188373672, 50.226100516060626, 0.10885905184944306]
>>>> 
>>>> inputs
[40.0, 0.0, 0.07309171326076414]
[40.0, 0.0, 0.07309171326076414]
[40.0, 0.0, 0.07309171326076414]
[40.0, 0.0, 0.07309171326076414]
[40.0, 0.0, 0.07309171326076414]
[40.0, 0.0, 0.07309171326076414]
[40.0, 0.0, 0.07309171326076414]
[40.0, 0.0, 0.07309171326076414]
[40.0, 0.0, 0.07309171326076414]
[40.0, 0.0, 0.07309171326076414]
[40.0, 0.0, 0.07309171326076414]
[40.0, 0.0, 0.07309171326076414]
[40.0, 0.0, 0.07309171326076414]
[40.0, 0.0, 0.07309171326076414]
[40.0, 0.0, 0.07309171326076414]
[40.0, 0.0, 0.07309171326076414]
[40.0, 0.0, 0.07309171326076414]
[40.0, 0.0, 0.07309171326076414]
[40.0, -0.8669840139434847, 0.07309171326076414]
[40.0, 0.0, 0.07309171326076414]
[40.0, 0.0, 0.17743175893849294]
[40.0, 0.0, 0.17743175893849294]
[40.0, 0.0, 0.17743175893849294]
[40.0, 0.0, 0.17743175893849294]
[40.0, 0.0, 0.17743175893849294]
[40.0, 0.0, 0.17743175893849294]
[40.0, 0.0, 0.17743175893849294]
[40.0, 0.0, 0.17743175893849294]
[40.0, 0.0, 0.17743175893849294]
[40.0, 0.0, 0.17743175893849294]
[40.0, 0.0, 0.17743175893849294]
[40.0, 0.0, 0.17743175893849294]
[40.0, 0.0, 0.17743175893849294]
[40.0, 0.0, 0.17743175893849294]
[40.0, 0.0, 0.17743175893849294]
[40.0, 0.0, 0.17743175893849294]
[40.0, 0.0, 0.17743175893849294]
[40.0, 0.0, 0.17743175893849294]
[40.0, 0.0, 0.17743175893849294]
[40.0, 0.0, 0.17743175893849294]
[40.0, 0.0, 0.10174898578088436]
[40.0, 0.0, 0.10174898578088436]
[40.0, 0.0, 0.10174898578088436]
[40.0, 0.0, 0.10174898578088436]
[40.0, 0.0, 0.10174898578088436]
[40.0, 0.0, 0.10174898578088436]
[40.0, 0.0, 0.10174898578088436]
[40.0, 0.0, 0.10174898578088436]
[40.0, 0.0, 0.10174898578088436]
[40.0, 0.0, 0.10174898578088436]
[40.0, 0.0, 0.10174898578088436]
[40.0, 0.0, 0.10174898578088436]
[40.0, 0.0, 0.10174898578088436]
[40.0, 0.0, 0.10174898578088436]
[40.0, 0.0, 0.10174898578088436]
[40.0, 0.0, 0.10174898578088436]
[40.0, 0.0, 0.10174898578088436]
[40.0, 0.0, 0.10174898578088436]
[40.0, 0.0, 0.10174898578088436]
[40.0, 0.0, 0.10174898578088436]
[40.0, 0.0, 0.16943921790911812]
[40.0, 0.0, 0.16943921790911812]
[40.0, 0.0, 0.16943921790911812]
[40.0, 0.0, 0.16943921790911812]
[40.0, 0.0, 0.16943921790911812]
[40.0, 0.0, 0.16943921790911812]
[40.0, 0.0, 0.16943921790911812]
[40.0, 0.0, 0.16943921790911812]
[40.0, 0.0, 0.16943921790911812]
[40.0, 0.0, 0.16943921790911812]
[40.0, 0.0, 0.16943921790911812]
[40.0, 0.0, 0.16943921790911812]
[40.0, 0.0, 0.16943921790911812]
[40.0, 0.0, 0.16943921790911812]
[40.0, 0.0, 0.16943921790911812]
[40.0, 0.0, 0.16943921790911812]
[40.0, 0.0, 0.16943921790911812]
[40.0, 0.0, 0.16943921790911812]
[40.0, 0.0, 0.16943921790911812]
[40.0, 0.0, 0.16943921790911812]
[40.0, 0.0, 0.09890153336396812]
[40.0, 0.0, 0.09890153336396812]
[40.0, 0.0, 0.09890153336396812]
[40.0, 0.0, 0.09890153336396812]
[40.0, 0.0, 0.09890153336396812]
[40.0, 0.0, 0.09890153336396812]
[40.0, 0.0, 0.09890153336396812]
[40.0, 0.0, 0.09890153336396812]
[40.0, 0.0, 0.09890153336396812]
[40.0, 0.0, 0.09890153336396812]
[40.0, 0.0, 0.09890153336396812]
[40.0, 0.0, 0.09890153336396812]
[40.0, 0.8669840139434847, 0.09890153336396812]
[40.0, 0.8669840139434847, 0.09890153336396812]
[40.0, 0.8669840139434847, 0.09890153336396812]
[40.0, 0.0, 0.09890153336396812]
[40.0, 0.0, 0.09890153336396812]
[40.0, 0.0, 0.09890153336396812]
[40.0, 0.0, 0.09890153336396812]
[40.0, 0.0, 0.09890153336396812]
[40.0, 0.0, 0.18607721479821998]
[40.0, 0.0, 0.18607721479821998]
[40.0, 0.0, 0.18607721479821998]
[40.0, 0.0, 0.18607721479821998]
[40.0, 0.0, 0.18607721479821998]
[40.0, 0.0, 0.18607721479821998]
[40.0, 0.0, 0.18607721479821998]
[40.0, 0.0, 0.18607721479821998]
[40.0, 0.0, 0.18607721479821998]
[40.0, 0.0, 0.18607721479821998]
[40.0, 0.0, 0.18607721479821998]
[40.0, 0.0, 0.18607721479821998]
[40.0, 0.0, 0.18607721479821998]
[40.0, 0.8669840139434847, 0.18607721479821998]
[40.0, 0.0, 0.18607721479821998]
[40.0, 0.0, 0.18607721479821998]
[40.0, 0.0, 0.18607721479821998]
[40.0, 0.0, 0.18607721479821998]
[40.0, 0.0, 0.18607721479821998]
[40.0, 0.0, 0.18607721479821998]
[40.0, 0.0, 0.12966308639886168]
[40.0, 0.0, 0.12966308639886168]
[40.0, 0.0, 0.12966308639886168]
[40.0, 0.0, 0.12966308639886168]
[40.0, 0.0, 0.12966308639886168]
[40.0, 0.0, 0.12966308639886168]
[40.0, 0.0, 0.12966308639886168]
[40.0, 0.0, 0.12966308639886168]
[40.0, 0.0, 0.12966308639886168]
[40.0, 0.0, 0.12966308639886168]
[40.0, 0.0, 0.12966308639886168]
[40.0, -0.8669840139434847, 0.12966308639886168]
[40.0, -0.8669840139434847, 0.12966308639886168]
[40.0, 0.0, 0.12966308639886168]
[40.0, 0.0, 0.12966308639886168]
[40.0, 0.0, 0.12966308639886168]
[40.0, 0.0, 0.12966308639886168]
[40.0, 0.0, 0.12966308639886168]
[40.0, 0.0, 0.12966308639886168]
[40.0, 0.0, 0.12966308639886168]
[40.0, 0.0, 0.21152380426379153]
[40.0, 0.0, 0.21152380426379153]
[40.0, 0.0, 0.21152380426379153]
[40.0, 0.0, 0.21152380426379153]
[40.0, 0.0, 0.21152380426379153]
[40.0, 0.0, 0.21152380426379153]
[40.0, 0.0, 0.21152380426379153]
[40.0, 0.0, 0.21152380426379153]
[40.0, 0.0, 0.21152380426379153]
[40.0, 0.0, 0.21152380426379153]
[40.0, 0.0, 0.21152380426379153]
[40.0, 0.0, 0.21152380426379153]
[40.0, 0.0, 0.21152380426379153]
[40.0, 0.0, 0.21152380426379153]
[40.0, 0.0, 0.21152380426379153]
[40.0, 0.0, 0.21152380426379153]
[40.0, 0.0, 0.21152380426379153]
[40.0, 0.0, 0.21152380426379153]
[40.0, 0.0, 0.21152380426379153]
[40.0, 0.0, 0.21152380426379153]
[40.0, 0.0, 0.31525156688173767]
[40.0, 0.0, 0.31525156688173767]
[40.0, 0.0, 0.31525156688173767]
[40.0, 0.0, 0.31525156688173767]
[40.0, 0.0, 0.31525156688173767]
[40.0, 0.0, 0.31525156688173767]
[40.0, 0.0, 0.31525156688173767]
[40.0, 0.0, 0.31525156688173767]
[40.0, 0.0, 0.31525156688173767]
[40.0, 0.0, 0.31525156688173767]
[40.0, 0.0, 0.31525156688173767]
>>>> 
