----------------------------
RRT search Summary          
----------------------------
Map Name               : Random
Total paths found      : 1
Total number of nodes  : 1234
Total elapsed time     : 81.86126613616943 s
Solver                 : RRTstar 
----------------------------
Path number   : 0
Path length   : 1325.3753185261771
Time required : 19.407305002212524 s
>>>> Nodes
[1109.0087238040844, 485.46775082478666, 0.9181007839710144]
[1105.702461036882, 481.14282239306436, 0.9181007839710144]
[1102.3961982696794, 476.81789396134207, 0.9181007839710144]
[1099.089935502477, 472.4929655296197, 0.9181007839710144]
[1095.7836727352742, 468.16803709789735, 0.9181007839710144]
[1092.4774099680717, 463.84310866617506, 0.9181007839710144]
[1089.1711472008692, 459.51818023445276, 0.9181007839710144]
[1085.8648844336667, 455.1932518027304, 0.9181007839710144]
[1082.5586216664642, 450.8683233710081, 0.9181007839710144]
[1079.2523588992617, 446.5433949392858, 0.9181007839710144]
[1075.946096132059, 442.21846650756345, 0.9181007839710144]
[1072.6398333648565, 437.89353807584115, 0.9181007839710144]
[1069.333570597654, 433.56860964411885, 0.9181007839710144]
[1066.0273078304515, 429.2436812123965, 0.9181007839710144]
[1062.721045063249, 424.9187527806742, 0.9181007839710144]
[1059.4147822960465, 420.5938243489519, 0.9181007839710144]
[1056.1085195288438, 416.26889591722954, 0.9181007839710144]
[1052.8022567616413, 411.94396748550724, 0.9181007839710144]
[1049.4959939944388, 407.6190390537849, 0.9181007839710144]
[1046.1897312272363, 403.2941106220626, 0.9181007839710144]
[1039.5125847753957, 395.65818596304314, 0.8411368646299483]
[1034.7089396116125, 390.2868102886672, 0.8411368646299483]
[1029.9052944478296, 384.9154346142912, 0.8411368646299483]
[1025.1016492840465, 379.54405893991526, 0.8411368646299483]
[1020.2980041202634, 374.1726832655393, 0.8411368646299483]
[1015.4943589564803, 368.8013075911633, 0.8411368646299483]
[1010.6907137926972, 363.4299319167874, 0.8411368646299483]
[1005.8870686289141, 358.05855624241144, 0.8411368646299483]
[1001.083423465131, 352.6871805680355, 0.8411368646299483]
[996.279778301348, 347.3158048936595, 0.8411368646299483]
[991.4761331375648, 341.94442921928356, 0.8411368646299483]
[986.6724879737817, 336.5730535449076, 0.8411368646299483]
[981.8688428099987, 331.2016778705317, 0.8411368646299483]
[977.0651976462156, 325.8303021961557, 0.8411368646299483]
[972.2615524824325, 320.45892652177974, 0.8411368646299483]
[967.4579073186494, 315.0875508474038, 0.8411368646299483]
[962.6542621548663, 309.71617517302786, 0.8411368646299483]
[957.8506169910833, 304.34479949865187, 0.8411368646299483]
[953.0469718273001, 298.9734238242759, 0.8411368646299483]
[946.8101924306549, 292.36985254402435, 0.8121948385134806]
[941.3221805283986, 286.5795468711861, 0.8121948385134806]
[935.8341686261423, 280.7892411983479, 0.8121948385134806]
[930.3461567238859, 274.99893552550964, 0.8121948385134806]
[924.8581448216296, 269.20862985267144, 0.8121948385134806]
[919.3701329193733, 263.41832417983323, 0.8121948385134806]
[913.882121017117, 257.628018506995, 0.8121948385134806]
[908.3941091148607, 251.83771283415678, 0.8121948385134806]
[902.9060972126044, 246.04740716131855, 0.8121948385134806]
[897.4180853103481, 240.25710148848032, 0.8121948385134806]
[891.9300734080919, 234.4667958156421, 0.8121948385134806]
[886.4420615058355, 228.67649014280386, 0.8121948385134806]
[880.9540496035792, 222.88618446996566, 0.8121948385134806]
[875.4660377013229, 217.09587879712743, 0.8121948385134806]
[869.9780257990666, 211.3055731242892, 0.8121948385134806]
[869.9780257990666, 211.3055731242892, 0.8121948385134816]
[860.4212052340366, 203.98112456369995, 0.4956480201975677]
[849.0592014067099, 199.99549599887956, 0.17910120188165402]
[837.0210336440501, 199.74473127457293, -0.1374456164342599]
[828.7604886932288, 200.88731098292322, -0.13744561643425823]
[820.4999437424074, 202.0298906912735, -0.13744561643425823]
[812.239398791586, 203.1724703996238, -0.13744561643425823]
[803.9788538407647, 204.3150501079741, -0.13744561643425823]
[795.7183088899434, 205.45762981632436, -0.13744561643425823]
[787.457763939122, 206.60020952467465, -0.13744561643425823]
[779.1972189883006, 207.74278923302495, -0.13744561643425823]
[770.9366740374793, 208.88536894137522, -0.13744561643425823]
[762.676129086658, 210.02794864972552, -0.13744561643425823]
[754.4155841358365, 211.1705283580758, -0.13744561643425823]
[746.1550391850152, 212.31310806642608, -0.13744561643425823]
[737.8944942341939, 213.45568777477638, -0.13744561643425823]
[729.6339492833724, 214.59826748312668, -0.13744561643425823]
[721.3734043325511, 215.74084719147694, -0.13744561643425823]
[713.1128593817298, 216.88342689982724, -0.13744561643425823]
[704.8523144309085, 218.02600660817754, -0.13744561643425823]
[696.591769480087, 219.1685863165278, -0.13744561643425823]
[688.3312245292657, 220.3111660248781, -0.13744561643425823]
[682.9449448697959, 220.6710901368157, 0.0039992117196088195]
[678.7752091132204, 220.654414391808, 0.00399921171961001]
[674.6054733566449, 220.63773864680024, 0.00399921171961001]
[670.4357376000694, 220.62106290179253, 0.00399921171961001]
[666.2660018434939, 220.6043871567848, 0.00399921171961001]
[662.0962660869184, 220.5877114117771, 0.00399921171961001]
[657.926530330343, 220.57103566676935, 0.00399921171961001]
[653.7567945737675, 220.55435992176163, 0.00399921171961001]
[649.587058817192, 220.5376841767539, 0.00399921171961001]
[645.4173230606165, 220.5210084317462, 0.00399921171961001]
[641.247587304041, 220.50433268673845, 0.00399921171961001]
[637.0778515474655, 220.48765694173073, 0.00399921171961001]
[637.0778515474655, 220.48765694173073, 0.0039992117196088195]
[631.8529608498673, 220.82560867347746, -0.1331814819875219]
[626.7233707016753, 221.87489370930507, -0.2703621756946526]
[621.7854612274804, 223.6157969804532, -0.4075428694017833]
[617.1320110541492, 226.01560856871671, -0.544723563108914]
[612.8504540885878, 229.02923829472672, -0.6819042568160447]
[609.021236717712, 232.60006291957498, -0.8190849505231754]
[605.7163062972809, 236.66099004166767, -0.9562656442303061]
[599.7170072126012, 245.16238360638943, -0.9562656442303057]
[593.7177081279216, 253.66377717111118, -0.9562656442303057]
[587.718409043242, 262.16517073583293, -0.9562656442303057]
[581.7191099585623, 270.6665643005547, -0.9562656442303057]
[575.7198108738827, 279.1679578652764, -0.9562656442303057]
[569.720511789203, 287.66935142999813, -0.9562656442303057]
[563.7212127045234, 296.1707449947199, -0.9562656442303057]
[557.7219136198437, 304.67213855944163, -0.9562656442303057]
[551.7226145351641, 313.1735321241634, -0.9562656442303057]
[545.7233154504844, 321.6749256888851, -0.9562656442303057]
[539.7240163658048, 330.17631925360683, -0.9562656442303057]
[533.7247172811251, 338.6777128183286, -0.9562656442303057]
[527.7254181964455, 347.17910638305034, -0.9562656442303057]
[527.7254181964455, 347.17910638305034, -0.9562656442303059]
[520.0530337399814, 355.2398202424703, -0.6638853061754355]
[510.3829028987919, 360.7470119665264, -0.3715049681205651]
[499.5358167378636, 363.23323661217603, -0.07912463006569492]
[488.4324651163357, 362.4874659101836, 0.21325570798917548]
[478.01528945015434, 358.57300013422446, 0.5056360460440459]
[468.8154188451241, 353.47955365672095, 0.5056360460440462]
[459.61554824009386, 348.38610717921745, 0.5056360460440462]
[450.4156776350636, 343.292660701714, 0.5056360460440462]
[441.2158070300334, 338.19921422421055, 0.5056360460440462]
[432.0159364250032, 333.1057677467071, 0.5056360460440462]
[422.81606581997295, 328.0123212692036, 0.5056360460440462]
[413.6161952149427, 322.91887479170015, 0.5056360460440462]
[404.41632460991246, 317.8254283141967, 0.5056360460440462]
[395.2164540048823, 312.7319818366932, 0.5056360460440462]
[386.01658339985204, 307.63853535918975, 0.5056360460440462]
[376.8167127948218, 302.5450888816863, 0.5056360460440462]
[367.61684218979156, 297.45164240418285, 0.5056360460440462]
[358.4169715847613, 292.35819592667934, 0.5056360460440462]
[349.2171009797311, 287.2647494491759, 0.5056360460440462]
[340.0172303747009, 282.17130297167245, 0.5056360460440462]
[330.81735976967065, 277.07785649416894, 0.5056360460440462]
[321.6174891646404, 271.9844100166655, 0.5056360460440462]
[321.6174891646404, 271.9844100166655, 0.5056360460440459]
[311.7534109558712, 264.14875880980713, 0.8369515817138247]
[306.29847464510965, 258.1002548869929, 0.8369515817138249]
[300.8435383343482, 252.05175096417864, 0.8369515817138249]
[295.3886020235867, 246.00324704136438, 0.8369515817138249]
[289.9336657128252, 239.95474311855014, 0.8369515817138249]
[284.47872940206366, 233.9062391957359, 0.8369515817138249]
[279.0237930913022, 227.85773527292162, 0.8369515817138249]
[273.5688567805407, 221.80923135010738, 0.8369515817138249]
[268.1139204697792, 215.76072742729315, 0.8369515817138249]
[262.6589841590177, 209.71222350447889, 0.8369515817138249]
[257.2040478482562, 203.66371958166462, 0.8369515817138249]
[251.7491115374947, 197.6152156588504, 0.8369515817138249]
[246.29417522673322, 191.56671173603613, 0.8369515817138249]
[240.83923891597172, 185.51820781322186, 0.8369515817138249]
[235.38430260521022, 179.46970389040763, 0.8369515817138249]
[229.92936629444873, 173.42119996759337, 0.8369515817138249]
[224.47442998368723, 167.37269604477913, 0.8369515817138249]
[219.01949367292573, 161.32419212196487, 0.8369515817138249]
[213.56455736216424, 155.27568819915064, 0.8369515817138249]
[208.10962105140274, 149.22718427633637, 0.8369515817138249]
[202.52849422430393, 143.16242157602375, 0.8266572115998295]
[197.21221414974076, 137.38830235841976, 0.8266572115998295]
[191.89593407517762, 131.61418314081573, 0.8266572115998295]
[186.57965400061448, 125.84006392321174, 0.8266572115998295]
[181.26337392605134, 120.06594470560773, 0.8266572115998295]
[175.9470938514882, 114.29182548800374, 0.8266572115998295]
[170.63081377692504, 108.51770627039974, 0.8266572115998295]
[165.3145337023619, 102.74358705279573, 0.8266572115998295]
[159.99825362779876, 96.96946783519172, 0.8266572115998295]
[154.68197355323562, 91.19534861758773, 0.8266572115998295]
[149.36569347867248, 85.42122939998373, 0.8266572115998295]
[144.04941340410934, 79.64711018237972, 0.8266572115998295]
[138.73313332954618, 73.87299096477572, 0.8266572115998295]
[133.41685325498304, 68.09887174717171, 0.8266572115998295]
[128.1005731804199, 62.32475252956772, 0.8266572115998295]
[128.1005731804199, 62.32475252956772, 0.8266572115998295]
[120.0011462910482, 55.6552258680184, 0.5511048077332197]
[110.39263480276074, 51.44098705123987, 0.27555240386660973]
[100.0, 50.00000000000001, 0.0]
>>>> 
>>>> inputs
[40.0, 0.0, 0.13296810613356377]
[40.0, 0.0, 0.13296810613356377]
[40.0, 0.0, 0.13296810613356377]
[40.0, 0.0, 0.13296810613356377]
[40.0, 0.0, 0.13296810613356377]
[40.0, 0.0, 0.13296810613356377]
[40.0, 0.0, 0.13296810613356377]
[40.0, 0.0, 0.13296810613356377]
[40.0, 0.0, 0.13296810613356377]
[40.0, 0.0, 0.13296810613356377]
[40.0, 0.0, 0.13296810613356377]
[40.0, 0.0, 0.13296810613356377]
[40.0, 0.0, 0.13296810613356377]
[40.0, 0.0, 0.13296810613356377]
[40.0, 0.0, 0.13296810613356377]
[40.0, 0.0, 0.13296810613356377]
[40.0, 0.0, 0.13296810613356377]
[40.0, 0.0, 0.13296810613356377]
[40.0, 0.0, 0.13296810613356377]
[40.0, 0.0, 0.13296810613356377]
[40.0, 0.0, 0.1725247878100666]
[40.0, 0.0, 0.1725247878100666]
[40.0, 0.0, 0.1725247878100666]
[40.0, 0.0, 0.1725247878100666]
[40.0, 0.0, 0.1725247878100666]
[40.0, 0.0, 0.1725247878100666]
[40.0, 0.0, 0.1725247878100666]
[40.0, 0.0, 0.1725247878100666]
[40.0, 0.0, 0.1725247878100666]
[40.0, 0.0, 0.1725247878100666]
[40.0, 0.0, 0.1725247878100666]
[40.0, 0.0, 0.1725247878100666]
[40.0, 0.0, 0.1725247878100666]
[40.0, 0.0, 0.1725247878100666]
[40.0, 0.0, 0.1725247878100666]
[40.0, 0.0, 0.1725247878100666]
[40.0, 0.0, 0.1725247878100666]
[40.0, 0.0, 0.1725247878100666]
[40.0, 0.0, 0.1725247878100666]
[40.0, 0.0, 0.1725247878100666]
[40.0, 0.0, 0.19492647221369033]
[40.0, 0.0, 0.19492647221369033]
[40.0, 0.0, 0.19492647221369033]
[40.0, 0.0, 0.19492647221369033]
[40.0, 0.0, 0.19492647221369033]
[40.0, 0.0, 0.19492647221369033]
[40.0, 0.0, 0.19492647221369033]
[40.0, 0.0, 0.19492647221369033]
[40.0, 0.0, 0.19492647221369033]
[40.0, 0.0, 0.19492647221369033]
[40.0, 0.0, 0.19492647221369033]
[40.0, 0.0, 0.19492647221369033]
[40.0, 0.0, 0.19492647221369033]
[40.0, 0.8669840139434847, 0.19492647221369033]
[40.0, 0.8669840139434847, 0.19492647221369033]
[40.0, 0.8669840139434847, 0.19492647221369033]
[40.0, 0.8669840139434847, 0.19492647221369033]
[40.0, 0.0, 0.19492647221369033]
[40.0, 0.0, 0.19492647221369033]
[40.0, 0.0, 0.19492647221369033]
[40.0, 0.0, 0.19438526998610162]
[40.0, 0.0, 0.19438526998610162]
[40.0, 0.0, 0.19438526998610162]
[40.0, 0.0, 0.19438526998610162]
[40.0, 0.0, 0.19438526998610162]
[40.0, 0.0, 0.19438526998610162]
[40.0, 0.0, 0.19438526998610162]
[40.0, 0.0, 0.19438526998610162]
[40.0, 0.0, 0.19438526998610162]
[40.0, 0.0, 0.19438526998610162]
[40.0, 0.0, 0.19438526998610162]
[40.0, 0.0, 0.19438526998610162]
[40.0, 0.0, 0.19438526998610162]
[40.0, 0.0, 0.19438526998610162]
[40.0, 0.0, 0.19438526998610162]
[40.0, -0.8669840139434847, 0.19438526998610162]
[40.0, 0.0, 0.19438526998610162]
[40.0, 0.0, 0.19438526998610162]
[40.0, 0.0, 0.19438526998610162]
[40.0, 0.0, 0.19438526998610162]
[40.0, 0.0, 0.10318359469669561]
[40.0, 0.0, 0.10318359469669561]
[40.0, 0.0, 0.10318359469669561]
[40.0, 0.0, 0.10318359469669561]
[40.0, 0.0, 0.10318359469669561]
[40.0, 0.0, 0.10318359469669561]
[40.0, 0.0, 0.10318359469669561]
[40.0, 0.8669840139434847, 0.10318359469669561]
[40.0, 0.8669840139434847, 0.10318359469669561]
[40.0, 0.8669840139434847, 0.10318359469669561]
[40.0, 0.8669840139434847, 0.10318359469669561]
[40.0, 0.8669840139434847, 0.10318359469669561]
[40.0, 0.8669840139434847, 0.10318359469669561]
[40.0, 0.8669840139434847, 0.10318359469669561]
[40.0, 0.8669840139434847, 0.10318359469669561]
[40.0, 0.0, 0.10318359469669561]
[40.0, 0.0, 0.10318359469669561]
[40.0, 0.0, 0.10318359469669561]
[40.0, 0.0, 0.10318359469669561]
[40.0, 0.0, 0.10318359469669561]
[40.0, 0.0, 0.23888289569179832]
[40.0, 0.0, 0.23888289569179832]
[40.0, 0.0, 0.23888289569179832]
[40.0, 0.0, 0.23888289569179832]
[40.0, 0.0, 0.23888289569179832]
[40.0, 0.0, 0.23888289569179832]
[40.0, 0.0, 0.23888289569179832]
[40.0, 0.0, 0.23888289569179832]
[40.0, -0.8669840139434847, 0.23888289569179832]
[40.0, -0.8669840139434847, 0.23888289569179832]
[40.0, -0.8669840139434847, 0.23888289569179832]
[40.0, -0.8669840139434847, 0.23888289569179832]
[40.0, -0.8669840139434847, 0.23888289569179832]
[40.0, -0.8669840139434847, 0.23888289569179832]
[40.0, 0.0, 0.23888289569179832]
[40.0, 0.0, 0.23888289569179832]
[40.0, 0.0, 0.23888289569179832]
[40.0, 0.0, 0.23888289569179832]
[40.0, 0.0, 0.23888289569179832]
[40.0, 0.0, 0.23888289569179832]
[40.0, 0.0, 0.2392786552836823]
[40.0, 0.0, 0.2392786552836823]
[40.0, 0.0, 0.2392786552836823]
[40.0, 0.0, 0.2392786552836823]
[40.0, 0.0, 0.2392786552836823]
[40.0, 0.0, 0.2392786552836823]
[40.0, 0.0, 0.2392786552836823]
[40.0, 0.0, 0.2392786552836823]
[40.0, 0.0, 0.2392786552836823]
[40.0, 0.0, 0.2392786552836823]
[40.0, 0.0, 0.2392786552836823]
[40.0, -0.8669840139434847, 0.2392786552836823]
[40.0, -0.8669840139434847, 0.2392786552836823]
[40.0, 0.0, 0.2392786552836823]
[40.0, 0.0, 0.2392786552836823]
[40.0, 0.0, 0.2392786552836823]
[40.0, 0.0, 0.2392786552836823]
[40.0, 0.0, 0.2392786552836823]
[40.0, 0.0, 0.2392786552836823]
[40.0, 0.0, 0.2392786552836823]
[40.0, 0.0, 0.19393483966535344]
[40.0, 0.0, 0.19393483966535344]
[40.0, 0.0, 0.19393483966535344]
[40.0, 0.0, 0.19393483966535344]
[40.0, 0.0, 0.19393483966535344]
[40.0, 0.0, 0.19393483966535344]
[40.0, 0.0, 0.19393483966535344]
[40.0, 0.0, 0.19393483966535344]
[40.0, 0.0, 0.19393483966535344]
[40.0, 0.0, 0.19393483966535344]
[40.0, 0.0, 0.19393483966535344]
[40.0, 0.0, 0.19393483966535344]
[40.0, 0.0, 0.19393483966535344]
[40.0, 0.0, 0.19393483966535344]
[40.0, 0.0, 0.19393483966535344]
[40.0, 0.0, 0.19393483966535344]
[40.0, 0.0, 0.19393483966535344]
[40.0, 0.0, 0.19393483966535344]
[40.0, 0.0, 0.19393483966535344]
[40.0, 0.0, 0.19393483966535344]
[40.0, 0.0, 0.18663452667676944]
[40.0, 0.0, 0.18663452667676944]
[40.0, 0.0, 0.18663452667676944]
[40.0, 0.0, 0.18663452667676944]
[40.0, 0.0, 0.18663452667676944]
[40.0, 0.0, 0.18663452667676944]
[40.0, 0.0, 0.18663452667676944]
[40.0, 0.8669840139434847, 0.18663452667676944]
[40.0, 0.8669840139434847, 0.18663452667676944]
[40.0, 0.8669840139434847, 0.18663452667676944]
[40.0, 0.8669840139434847, 0.18663452667676944]
>>>> 
