----------------------------
RRT search Summary          
----------------------------
Map Name               : Random
Total paths found      : 3
Total number of nodes  : 1365
Total elapsed time     : 82.78843092918396 s
Solver                 : RRTstar 
----------------------------
Path number   : 0
Path length   : 1174.3097510898187
Time required : 16.810939073562622 s
>>>> Nodes
[1112.2655331463568, 505.402288484108, 1.0050636637268728]
[1107.6485489907836, 498.1310397083538, 1.0050636637268728]
[1103.0315648352105, 490.85979093259965, 1.0050636637268728]
[1098.4145806796375, 483.5885421568455, 1.0050636637268728]
[1093.7975965240644, 476.3172933810913, 1.0050636637268728]
[1089.1806123684912, 469.04604460533716, 1.0050636637268728]
[1084.563628212918, 461.774795829583, 1.0050636637268728]
[1079.946644057345, 454.5035470538288, 1.0050636637268728]
[1075.329659901772, 447.23229827807467, 1.0050636637268728]
[1070.7126757461988, 439.9610495023205, 1.0050636637268728]
[1066.0956915906256, 432.6898007265664, 1.0050636637268728]
[1061.4787074350525, 425.4185519508122, 1.0050636637268728]
[1056.8617232794795, 418.147303175058, 1.0050636637268728]
[1052.2447391239064, 410.8760543993039, 1.0050636637268728]
[1047.6277549683332, 403.6048056235497, 1.0050636637268728]
[1043.01077081276, 396.33355684779553, 1.0050636637268728]
[1038.393786657187, 389.0623080720414, 1.0050636637268728]
[1033.776802501614, 381.7910592962872, 1.0050636637268728]
[1029.1598183460408, 374.51981052053304, 1.0050636637268728]
[1021.6579160379887, 365.8956979051316, 0.7046887561254886]
[1016.7034990522105, 361.6827816949234, 0.7046887561254893]
[1011.7490820664325, 357.4698654847151, 0.7046887561254893]
[1006.7946650806543, 353.2569492745069, 0.7046887561254893]
[1001.8402480948763, 349.0440330642987, 0.7046887561254893]
[996.8858311090981, 344.83111685409045, 0.7046887561254893]
[991.9314141233201, 340.61820064388223, 0.7046887561254893]
[986.976997137542, 336.40528443367396, 0.7046887561254893]
[982.0225801517638, 332.19236822346573, 0.7046887561254893]
[977.0681631659858, 327.9794520132575, 0.7046887561254893]
[972.1137461802076, 323.76653580304924, 0.7046887561254893]
[967.1593291944296, 319.553619592841, 0.7046887561254893]
[962.2049122086514, 315.3407033826328, 0.7046887561254893]
[957.2504952228733, 311.1277871724246, 0.7046887561254893]
[952.2960782370952, 306.9148709622163, 0.7046887561254893]
[947.3416612513171, 302.7019547520081, 0.7046887561254893]
[942.387244265539, 298.48903854179986, 0.7046887561254893]
[937.4328272797609, 294.27612233159164, 0.7046887561254893]
[932.4784102939828, 290.06320612138336, 0.7046887561254893]
[927.5239933082047, 285.85028991117514, 0.7046887561254893]
[921.0163742616924, 280.4157651683552, 0.6955947964601947]
[914.7744009613621, 275.2050551403087, 0.6955947964601947]
[908.5324276610319, 269.99434511226207, 0.6955947964601947]
[902.2904543607016, 264.7836350842156, 0.6955947964601947]
[896.0484810603713, 259.57292505616897, 0.6955947964601947]
[889.8065077600411, 254.36221502812242, 0.6955947964601947]
[883.5645344597108, 249.15150500007587, 0.6955947964601947]
[877.3225611593805, 243.94079497202932, 0.6955947964601947]
[871.0805878590502, 238.73008494398277, 0.6955947964601947]
[864.83861455872, 233.5193749159362, 0.6955947964601947]
[858.5966412583897, 228.30866488788965, 0.6955947964601947]
[852.3546679580594, 223.0979548598431, 0.6955947964601947]
[846.1126946577292, 217.88724483179652, 0.6955947964601947]
[839.8707213573989, 212.67653480374997, 0.6955947964601947]
[833.6287480570686, 207.46582477570342, 0.6955947964601947]
[827.3867747567383, 202.25511474765688, 0.6955947964601947]
[821.1448014564081, 197.0444047196103, 0.6955947964601947]
[814.9028281560778, 191.83369469156375, 0.6955947964601947]
[808.2487551305658, 187.3732090465365, 0.4854867699772005]
[804.7467504875495, 185.5255346832654, 0.48548676997720086]
[801.2447458445334, 183.6778603199943, 0.48548676997720086]
[797.7427412015172, 181.83018595672317, 0.48548676997720086]
[794.2407365585011, 179.98251159345207, 0.48548676997720086]
[790.7387319154849, 178.13483723018098, 0.48548676997720086]
[787.2367272724687, 176.28716286690988, 0.48548676997720086]
[783.7347226294526, 174.43948850363876, 0.48548676997720086]
[780.2327179864363, 172.59181414036766, 0.48548676997720086]
[776.7307133434201, 170.74413977709656, 0.48548676997720086]
[773.228708700404, 168.89646541382547, 0.48548676997720086]
[769.7267040573878, 167.04879105055437, 0.48548676997720086]
[766.2246994143717, 165.20111668728325, 0.48548676997720086]
[762.7226947713555, 163.35344232401215, 0.48548676997720086]
[759.2206901283392, 161.50576796074105, 0.48548676997720086]
[755.7186854853231, 159.65809359746996, 0.48548676997720086]
[752.2166808423069, 157.81041923419883, 0.48548676997720086]
[748.7146761992908, 155.96274487092774, 0.48548676997720086]
[745.2126715562746, 154.11507050765664, 0.48548676997720086]
[741.5872972141573, 152.43843407696198, 0.3808684832134308]
[734.5050518583931, 149.6025606554466, 0.38086848321343064]
[727.4228065026289, 146.7666872339312, 0.38086848321343064]
[720.3405611468647, 143.9308138124158, 0.38086848321343064]
[713.2583157911006, 141.09494039090043, 0.38086848321343064]
[706.1760704353364, 138.25906696938506, 0.38086848321343064]
[699.0938250795723, 135.42319354786966, 0.38086848321343064]
[692.011579723808, 132.58732012635426, 0.38086848321343064]
[684.9293343680439, 129.75144670483888, 0.38086848321343064]
[677.8470890122798, 126.9155732833235, 0.38086848321343064]
[670.7648436565156, 124.07969986180811, 0.38086848321343064]
[663.6825983007514, 121.24382644029272, 0.38086848321343064]
[656.6003529449872, 118.40795301877733, 0.38086848321343064]
[649.5181075892231, 115.57207959726195, 0.38086848321343064]
[642.4358622334589, 112.73620617574656, 0.38086848321343064]
[635.3536168776948, 109.90033275423117, 0.38086848321343064]
[628.2713715219305, 107.06445933271578, 0.38086848321343064]
[621.1891261661664, 104.2285859112004, 0.38086848321343064]
[614.1068808104022, 101.39271248968501, 0.38086848321343064]
[603.3655175200678, 98.81239264657233, 0.09064269629100252]
[598.5055403517017, 98.37066077812905, 0.09064269629100387]
[593.6455631833358, 97.92892890968578, 0.09064269629100387]
[588.7855860149697, 97.48719704124251, 0.09064269629100387]
[583.9256088466036, 97.04546517279924, 0.09064269629100387]
[579.0656316782375, 96.60373330435597, 0.09064269629100387]
[574.2056545098715, 96.1620014359127, 0.09064269629100387]
[569.3456773415055, 95.72026956746943, 0.09064269629100387]
[564.4857001731394, 95.27853769902616, 0.09064269629100387]
[559.6257230047734, 94.83680583058289, 0.09064269629100387]
[554.7657458364073, 94.39507396213962, 0.09064269629100387]
[549.9057686680412, 93.95334209369635, 0.09064269629100387]
[545.0457914996753, 93.51161022525308, 0.09064269629100387]
[540.1858143313092, 93.06987835680981, 0.09064269629100387]
[535.3258371629431, 92.62814648836654, 0.09064269629100387]
[530.465859994577, 92.18641461992327, 0.09064269629100387]
[525.6058828262111, 91.74468275148, 0.09064269629100387]
[520.745905657845, 91.30295088303673, 0.09064269629100387]
[515.8859284894789, 90.86121901459346, 0.09064269629100387]
[514.8828416525484, 90.75667784058733, 0.11704644823461363]
[502.77896397309087, 89.33345668918554, 0.11704644823461345]
[490.6750862936333, 87.91023553778376, 0.11704644823461345]
[478.5712086141757, 86.48701438638196, 0.11704644823461345]
[466.4673309347181, 85.06379323498018, 0.11704644823461345]
[454.36345325526054, 83.64057208357839, 0.11704644823461345]
[442.2595755758029, 82.2173509321766, 0.11704644823461345]
[430.1556978963453, 80.79412978077481, 0.11704644823461345]
[418.05182021688773, 79.37090862937302, 0.11704644823461345]
[405.94794253743015, 77.94768747797123, 0.11704644823461345]
[393.84406485797257, 76.52446632656944, 0.11704644823461345]
[381.740187178515, 75.10124517516766, 0.11704644823461345]
[369.6363094990574, 73.67802402376587, 0.11704644823461345]
[357.53243181959976, 72.25480287236408, 0.11704644823461345]
[345.4285541401422, 70.83158172096229, 0.11704644823461345]
[333.3246764606846, 69.4083605695605, 0.11704644823461345]
[321.220798781227, 67.98513941815871, 0.11704644823461345]
[309.11692110176944, 66.56191826675692, 0.11704644823461345]
[297.01304342231185, 65.13869711535513, 0.11704644823461345]
[284.90916574285427, 63.715475963953345, 0.11704644823461345]
[273.79130602773176, 62.85174470022478, 0.0744216578328588]
[264.2940153913154, 62.14363279094616, 0.0744216578328588]
[254.79672475489895, 61.43552088166753, 0.0744216578328588]
[245.29943411848254, 60.7274089723889, 0.0744216578328588]
[235.80214348206613, 60.01929706311028, 0.0744216578328588]
[226.30485284564975, 59.31118515383166, 0.0744216578328588]
[216.80756220923334, 58.60307324455303, 0.0744216578328588]
[207.31027157281693, 57.89496133527441, 0.0744216578328588]
[197.81298093640055, 57.18684942599579, 0.0744216578328588]
[188.31569029998414, 56.47873751671716, 0.0744216578328588]
[178.81839966356773, 55.77062560743854, 0.0744216578328588]
[169.32110902715132, 55.06251369815992, 0.0744216578328588]
[159.8238183907349, 54.35440178888129, 0.0744216578328588]
[150.32652775431853, 53.64628987960267, 0.0744216578328588]
[140.82923711790212, 52.93817797032405, 0.0744216578328588]
[131.33194648148572, 52.23006606104542, 0.0744216578328588]
[121.83465584506932, 51.5219541517668, 0.0744216578328588]
[112.33736520865293, 50.81384224248817, 0.0744216578328588]
[102.84007457223652, 50.10573033320955, 0.0744216578328588]
>>>> 
>>>> inputs
[40.0, 0.0, 0.20813935114768975]
[40.0, 0.0, 0.20813935114768975]
[40.0, 0.0, 0.20813935114768975]
[40.0, 0.0, 0.20813935114768975]
[40.0, 0.0, 0.20813935114768975]
[40.0, 0.0, 0.20813935114768975]
[40.0, 0.0, 0.20813935114768975]
[40.0, 0.0, 0.20813935114768975]
[40.0, 0.0, 0.20813935114768975]
[40.0, 0.0, 0.20813935114768975]
[40.0, 0.0, 0.20813935114768975]
[40.0, 0.0, 0.20813935114768975]
[40.0, 0.0, 0.20813935114768975]
[40.0, 0.0, 0.20813935114768975]
[40.0, 0.0, 0.20813935114768975]
[40.0, 0.0, 0.20813935114768975]
[40.0, 0.0, 0.20813935114768975]
[40.0, 0.0, 0.20813935114768975]
[40.0, 0.8669840139434847, 0.20813935114768975]
[40.0, 0.0, 0.20813935114768975]
[40.0, 0.0, 0.15489123112467199]
[40.0, 0.0, 0.15489123112467199]
[40.0, 0.0, 0.15489123112467199]
[40.0, 0.0, 0.15489123112467199]
[40.0, 0.0, 0.15489123112467199]
[40.0, 0.0, 0.15489123112467199]
[40.0, 0.0, 0.15489123112467199]
[40.0, 0.0, 0.15489123112467199]
[40.0, 0.0, 0.15489123112467199]
[40.0, 0.0, 0.15489123112467199]
[40.0, 0.0, 0.15489123112467199]
[40.0, 0.0, 0.15489123112467199]
[40.0, 0.0, 0.15489123112467199]
[40.0, 0.0, 0.15489123112467199]
[40.0, 0.0, 0.15489123112467199]
[40.0, 0.0, 0.15489123112467199]
[40.0, 0.0, 0.15489123112467199]
[40.0, 0.0, 0.15489123112467199]
[40.0, 0.0, 0.15489123112467199]
[40.0, 0.0, 0.15489123112467199]
[40.0, 0.0, 0.1929802061175777]
[40.0, 0.0, 0.1929802061175777]
[40.0, 0.0, 0.1929802061175777]
[40.0, 0.0, 0.1929802061175777]
[40.0, 0.0, 0.1929802061175777]
[40.0, 0.0, 0.1929802061175777]
[40.0, 0.0, 0.1929802061175777]
[40.0, 0.0, 0.1929802061175777]
[40.0, 0.0, 0.1929802061175777]
[40.0, 0.0, 0.1929802061175777]
[40.0, 0.0, 0.1929802061175777]
[40.0, 0.0, 0.1929802061175777]
[40.0, 0.0, 0.1929802061175777]
[40.0, 0.0, 0.1929802061175777]
[40.0, 0.0, 0.1929802061175777]
[40.0, 0.0, 0.1929802061175777]
[40.0, 0.8669840139434847, 0.1929802061175777]
[40.0, 0.0, 0.1929802061175777]
[40.0, 0.0, 0.1929802061175777]
[40.0, 0.0, 0.1929802061175777]
[40.0, 0.0, 0.0940847485908135]
[40.0, 0.0, 0.0940847485908135]
[40.0, 0.0, 0.0940847485908135]
[40.0, 0.0, 0.0940847485908135]
[40.0, 0.0, 0.0940847485908135]
[40.0, 0.0, 0.0940847485908135]
[40.0, 0.0, 0.0940847485908135]
[40.0, 0.0, 0.0940847485908135]
[40.0, 0.0, 0.0940847485908135]
[40.0, 0.0, 0.0940847485908135]
[40.0, 0.0, 0.0940847485908135]
[40.0, 0.0, 0.0940847485908135]
[40.0, 0.0, 0.0940847485908135]
[40.0, 0.0, 0.0940847485908135]
[40.0, 0.0, 0.0940847485908135]
[40.0, 0.8669840139434847, 0.0940847485908135]
[40.0, 0.0, 0.0940847485908135]
[40.0, 0.0, 0.0940847485908135]
[40.0, 0.0, 0.0940847485908135]
[40.0, 0.0, 0.0940847485908135]
[40.0, 0.0, 0.18550789713456298]
[40.0, 0.0, 0.18550789713456298]
[40.0, 0.0, 0.18550789713456298]
[40.0, 0.0, 0.18550789713456298]
[40.0, 0.0, 0.18550789713456298]
[40.0, 0.0, 0.18550789713456298]
[40.0, 0.0, 0.18550789713456298]
[40.0, 0.0, 0.18550789713456298]
[40.0, 0.0, 0.18550789713456298]
[40.0, 0.0, 0.18550789713456298]
[40.0, 0.0, 0.18550789713456298]
[40.0, 0.0, 0.18550789713456298]
[40.0, 0.0, 0.18550789713456298]
[40.0, 0.0, 0.18550789713456298]
[40.0, 0.8669840139434847, 0.18550789713456298]
[40.0, 0.0, 0.18550789713456298]
[40.0, 0.0, 0.18550789713456298]
[40.0, 0.0, 0.18550789713456298]
[40.0, 0.0, 0.18550789713456298]
[40.0, 0.0, 0.18550789713456298]
[40.0, 0.0, 0.1110609286286675]
[40.0, 0.0, 0.1110609286286675]
[40.0, 0.0, 0.1110609286286675]
[40.0, 0.0, 0.1110609286286675]
[40.0, 0.0, 0.1110609286286675]
[40.0, 0.0, 0.1110609286286675]
[40.0, 0.0, 0.1110609286286675]
[40.0, 0.0, 0.1110609286286675]
[40.0, 0.0, 0.1110609286286675]
[40.0, 0.0, 0.1110609286286675]
[40.0, 0.0, 0.1110609286286675]
[40.0, 0.0, 0.1110609286286675]
[40.0, 0.0, 0.1110609286286675]
[40.0, -0.8669840139434847, 0.1110609286286675]
[40.0, 0.0, 0.1110609286286675]
[40.0, 0.0, 0.1110609286286675]
[40.0, 0.0, 0.1110609286286675]
[40.0, 0.0, 0.1110609286286675]
[40.0, 0.0, 0.1110609286286675]
[40.0, 0.0, 0.1110609286286675]
[40.0, 0.0, 0.2914827131026746]
[40.0, 0.0, 0.2914827131026746]
[40.0, 0.0, 0.2914827131026746]
[40.0, 0.0, 0.2914827131026746]
[40.0, 0.0, 0.2914827131026746]
[40.0, 0.0, 0.2914827131026746]
[40.0, 0.0, 0.2914827131026746]
[40.0, 0.0, 0.2914827131026746]
[40.0, 0.0, 0.2914827131026746]
[40.0, 0.0, 0.2914827131026746]
[40.0, 0.0, 0.2914827131026746]
[40.0, 0.0, 0.2914827131026746]
[40.0, 0.0, 0.2914827131026746]
[40.0, 0.0, 0.2914827131026746]
[40.0, 0.0, 0.2914827131026746]
[40.0, 0.0, 0.2914827131026746]
[40.0, 0.0, 0.2914827131026746]
[40.0, 0.0, 0.2914827131026746]
[40.0, 0.0, 0.2914827131026746]
[40.0, 0.0, 0.2914827131026746]
[40.0, 0.0, 0.2297401130156156]
[40.0, 0.0, 0.2297401130156156]
[40.0, 0.0, 0.2297401130156156]
[40.0, 0.0, 0.2297401130156156]
[40.0, 0.0, 0.2297401130156156]
[40.0, 0.0, 0.2297401130156156]
[40.0, 0.0, 0.2297401130156156]
[40.0, 0.0, 0.2297401130156156]
[40.0, 0.0, 0.2297401130156156]
[40.0, 0.0, 0.2297401130156156]
[40.0, 0.0, 0.2297401130156156]
[40.0, 0.0, 0.2297401130156156]
>>>> 
----------------------------
Path number   : 1
Path length   : 1161.2660254843886
Time required : 25.663362979888916 s
>>>> Nodes
[1086.6381963538463, 504.4140801411698, 1.4570309262461476]
[1086.2889359313754, 501.3573305170513, 1.4570309262461476]
[1085.9396755089044, 498.3005808929328, 1.4570309262461476]
[1085.5904150864337, 495.24383126881435, 1.4570309262461476]
[1085.2411546639628, 492.18708164469587, 1.4570309262461476]
[1084.8918942414919, 489.1303320205774, 1.4570309262461476]
[1084.542633819021, 486.0735823964589, 1.4570309262461476]
[1084.1933733965502, 483.0168327723404, 1.4570309262461476]
[1083.8441129740793, 479.9600831482219, 1.4570309262461476]
[1083.4948525516083, 476.9033335241034, 1.4570309262461476]
[1083.1455921291374, 473.8465838999849, 1.4570309262461476]
[1082.7963317066665, 470.78983427586644, 1.4570309262461476]
[1082.4470712841958, 467.73308465174796, 1.4570309262461476]
[1082.0978108617248, 464.6763350276295, 1.4570309262461476]
[1081.748550439254, 461.619585403511, 1.4570309262461476]
[1081.748550439254, 461.619585403511, 1.4570309262461465]
[1080.965732622845, 457.14632680663067, 1.338071452101406]
[1079.6575649418971, 452.7975863537208, 1.219111977956666]
[1077.8425379226708, 448.63483208188, 1.1001525038119255]
[1075.5463063839256, 444.7169031738059, 0.9811930296671854]
[1071.0495598703117, 437.9951206078929, 0.9811930296671839]
[1066.5528133566975, 431.27333804197997, 0.9811930296671839]
[1062.0560668430835, 424.55155547606705, 0.9811930296671839]
[1057.5593203294693, 417.8297729101541, 0.9811930296671839]
[1053.0625738158553, 411.1079903442411, 0.9811930296671839]
[1048.5658273022414, 404.3862077783282, 0.9811930296671839]
[1044.0690807886272, 397.66442521241527, 0.9811930296671839]
[1039.5723342750132, 390.9426426465023, 0.9811930296671839]
[1035.075587761399, 384.2208600805893, 0.9811930296671839]
[1030.578841247785, 377.4990775146764, 0.9811930296671839]
[1026.0820947341708, 370.7772949487634, 0.9811930296671839]
[1021.5853482205569, 364.0555123828505, 0.9811930296671839]
[1017.0886017069428, 357.33372981693753, 0.9811930296671839]
[1012.5918551933287, 350.6119472510246, 0.9811930296671839]
[1008.0951086797146, 343.89016468511164, 0.9811930296671839]
[1003.5983621661006, 337.1683821191987, 0.9811930296671839]
[999.1016156524865, 330.44659955328575, 0.9811930296671839]
[994.6048691388725, 323.72481698737283, 0.9811930296671839]
[990.1081226252584, 317.00303442145986, 0.9811930296671839]
[985.3062605931738, 311.11402452256584, 0.8272801672543431]
[984.1357374180022, 309.84110520122545, 0.8272801672543431]
[982.9652142428307, 308.56818587988505, 0.8272801672543431]
[981.7946910676592, 307.29526655854465, 0.8272801672543431]
[980.6241678924877, 306.02234723720426, 0.8272801672543431]
[979.4536447173161, 304.74942791586386, 0.8272801672543431]
[978.2831215421447, 303.47650859452347, 0.8272801672543431]
[977.1125983669732, 302.20358927318307, 0.8272801672543431]
[975.9420751918017, 300.9306699518427, 0.8272801672543431]
[974.7715520166302, 299.6577506305023, 0.8272801672543431]
[973.6010288414586, 298.3848313091619, 0.8272801672543431]
[972.4305056662871, 297.1119119878215, 0.8272801672543431]
[971.2599824911156, 295.8389926664811, 0.8272801672543431]
[971.2599824911156, 295.8389926664811, 0.8272801672543418]
[969.646895277316, 294.18783775285067, 0.7668391685035475]
[967.9370168614211, 292.637135102119, 0.7063981697527533]
[966.1365917234438, 291.19254788402884, 0.6459571710019589]
[964.2521950202403, 289.85935173451253, 0.5855161722511646]
[962.2907085730209, 288.64241548905653, 0.5250751735003703]
[954.871449185668, 284.3442865753544, 0.5250751735003698]
[947.452189798315, 280.04615766165216, 0.5250751735003698]
[940.0329304109621, 275.74802874795, 0.5250751735003698]
[932.6136710236092, 271.44989983424784, 0.5250751735003698]
[925.1944116362562, 267.1517709205457, 0.5250751735003698]
[917.7751522489033, 262.8536420068435, 0.5250751735003698]
[910.3558928615503, 258.5555130931413, 0.5250751735003698]
[902.9366334741974, 254.25738417943913, 0.5250751735003698]
[895.5173740868445, 249.95925526573697, 0.5250751735003698]
[888.0981146994915, 245.66112635203478, 0.5250751735003698]
[880.6788553121386, 241.36299743833263, 0.5250751735003698]
[873.2595959247857, 237.06486852463044, 0.5250751735003698]
[865.8403365374327, 232.76673961092825, 0.5250751735003698]
[858.4210771500798, 228.4686106972261, 0.5250751735003698]
[851.0018177627269, 224.1704817835239, 0.5250751735003698]
[843.5825583753739, 219.87235286982175, 0.5250751735003698]
[836.163298988021, 215.57422395611957, 0.5250751735003698]
[836.163298988021, 215.57422395611957, 0.5250751735003703]
[816.4966890081693, 210.43206696577465, -0.01359301118659717]
[807.1215396583331, 210.55951132515582, -0.013593011186597769]
[797.7463903084968, 210.68695568453697, -0.013593011186597769]
[788.3712409586606, 210.8144000439181, -0.013593011186597769]
[778.9960916088244, 210.94184440329926, -0.013593011186597769]
[769.6209422589881, 211.06928876268037, -0.013593011186597769]
[760.2457929091519, 211.19673312206152, -0.013593011186597769]
[750.8706435593157, 211.32417748144266, -0.013593011186597769]
[741.4954942094794, 211.4516218408238, -0.013593011186597769]
[732.1203448596432, 211.57906620020495, -0.013593011186597769]
[722.745195509807, 211.7065105595861, -0.013593011186597769]
[713.3700461599707, 211.83395491896724, -0.013593011186597769]
[703.9948968101345, 211.96139927834838, -0.013593011186597769]
[694.6197474602982, 212.0888436377295, -0.013593011186597769]
[685.244598110462, 212.21628799711064, -0.013593011186597769]
[675.8694487606258, 212.34373235649178, -0.013593011186597769]
[666.4942994107895, 212.47117671587293, -0.013593011186597769]
[657.1191500609533, 212.59862107525407, -0.013593011186597769]
[657.1191500609533, 212.59862107525407, -0.013593011186596948]
[646.3414025065179, 211.1988111322312, 0.27190629084260887]
[637.812195403186, 208.8207698926462, 0.27190629084260787]
[629.2829882998543, 206.44272865306124, 0.27190629084260787]
[620.7537811965226, 204.06468741347624, 0.27190629084260787]
[612.2245740931908, 201.68664617389123, 0.27190629084260787]
[603.6953669898589, 199.30860493430623, 0.27190629084260787]
[595.1661598865272, 196.93056369472126, 0.27190629084260787]
[586.6369527831955, 194.55252245513626, 0.27190629084260787]
[578.1077456798637, 192.17448121555125, 0.27190629084260787]
[569.5785385765319, 189.79643997596628, 0.27190629084260787]
[561.0493314732001, 187.41839873638128, 0.27190629084260787]
[552.5201243698684, 185.04035749679628, 0.27190629084260787]
[543.9909172665366, 182.66231625721127, 0.27190629084260787]
[535.4617101632048, 180.2842750176263, 0.27190629084260787]
[526.932503059873, 177.9062337780413, 0.27190629084260787]
[518.4032959565413, 175.5281925384563, 0.27190629084260787]
[509.8740888532095, 173.1501512988713, 0.27190629084260787]
[501.34488174987774, 170.77211005928632, 0.27190629084260787]
[492.815674646546, 168.39406881970132, 0.27190629084260787]
[491.72824299617616, 168.0734137369534, 0.3015881726371561]
[479.81051516372406, 164.3660797420096, 0.3015881726371565]
[467.8927873312719, 160.65874574706578, 0.3015881726371565]
[455.97505949881975, 156.95141175212197, 0.3015881726371565]
[444.05733166636765, 153.24407775717816, 0.3015881726371565]
[432.13960383391554, 149.53674376223435, 0.3015881726371565]
[420.2218760014634, 145.82940976729054, 0.3015881726371565]
[408.3041481690112, 142.12207577234676, 0.3015881726371565]
[396.3864203365591, 138.41474177740292, 0.3015881726371565]
[384.468692504107, 134.70740778245914, 0.3015881726371565]
[372.55096467165487, 131.0000737875153, 0.3015881726371565]
[360.63323683920277, 127.29273979257151, 0.3015881726371565]
[348.7155090067506, 123.5854057976277, 0.3015881726371565]
[336.7977811742985, 119.8780718026839, 0.3015881726371565]
[324.88005334184635, 116.1707378077401, 0.3015881726371565]
[312.96232550939425, 112.46340381279629, 0.3015881726371565]
[301.0445976769421, 108.75606981785248, 0.3015881726371565]
[289.12686984449, 105.04873582290867, 0.3015881726371565]
[277.20914201203783, 101.34140182796486, 0.3015881726371565]
[265.29141417958573, 97.63406783302105, 0.3015881726371565]
[256.30910207842277, 94.95257813899335, 0.2898257523215249]
[247.75657798025844, 92.40201847146997, 0.2898257523215249]
[239.20405388209417, 89.85145880394663, 0.2898257523215249]
[230.6515297839299, 87.30089913642325, 0.2898257523215249]
[222.0990056857656, 84.7503394688999, 0.2898257523215249]
[213.5464815876013, 82.19977980137654, 0.2898257523215249]
[204.99395748943704, 79.64922013385316, 0.2898257523215249]
[196.44143339127274, 77.09866046632982, 0.2898257523215249]
[187.88890929310844, 74.54810079880644, 0.2898257523215249]
[179.33638519494417, 71.99754113128309, 0.2898257523215249]
[170.7838610967799, 69.44698146375973, 0.2898257523215249]
[162.2313369986156, 66.89642179623637, 0.2898257523215249]
[153.6788129004513, 64.34586212871301, 0.2898257523215249]
[145.12628880228704, 61.795302461189635, 0.2898257523215249]
[136.57376470412274, 59.244742793666276, 0.2898257523215249]
[128.02124060595847, 56.69418312614292, 0.2898257523215249]
[119.46871650779417, 54.14362345861955, 0.2898257523215249]
[110.91619240962989, 51.59306379109619, 0.2898257523215249]
[100.0, 50.00000000000001, 0.0]
>>>> 
>>>> inputs
[40.0, 0.0, 0.0765607502209443]
[40.0, 0.0, 0.0765607502209443]
[40.0, 0.0, 0.0765607502209443]
[40.0, 0.0, 0.0765607502209443]
[40.0, 0.0, 0.0765607502209443]
[40.0, 0.0, 0.0765607502209443]
[40.0, 0.0, 0.0765607502209443]
[40.0, 0.0, 0.0765607502209443]
[40.0, 0.0, 0.0765607502209443]
[40.0, 0.0, 0.0765607502209443]
[40.0, 0.0, 0.0765607502209443]
[40.0, 0.0, 0.0765607502209443]
[40.0, 0.0, 0.0765607502209443]
[40.0, 0.0, 0.0765607502209443]
[40.0, 0.8669840139434847, 0.0765607502209443]
[40.0, 0.8669840139434847, 0.0765607502209443]
[40.0, 0.8669840139434847, 0.0765607502209443]
[40.0, 0.8669840139434847, 0.0765607502209443]
[40.0, 0.8669840139434847, 0.0765607502209443]
[40.0, 0.0, 0.0765607502209443]
[40.0, 0.0, 0.19942021815017932]
[40.0, 0.0, 0.19942021815017932]
[40.0, 0.0, 0.19942021815017932]
[40.0, 0.0, 0.19942021815017932]
[40.0, 0.0, 0.19942021815017932]
[40.0, 0.0, 0.19942021815017932]
[40.0, 0.0, 0.19942021815017932]
[40.0, 0.0, 0.19942021815017932]
[40.0, 0.0, 0.19942021815017932]
[40.0, 0.0, 0.19942021815017932]
[40.0, 0.0, 0.19942021815017932]
[40.0, 0.0, 0.19942021815017932]
[40.0, 0.0, 0.19942021815017932]
[40.0, 0.0, 0.19942021815017932]
[40.0, 0.0, 0.19942021815017932]
[40.0, 0.0, 0.19942021815017932]
[40.0, 0.0, 0.19942021815017932]
[40.0, 0.0, 0.19942021815017932]
[40.0, 0.0, 0.19942021815017932]
[40.0, 0.0, 0.19942021815017932]
[40.0, 0.0, 0.04253020779975808]
[40.0, 0.0, 0.04253020779975808]
[40.0, 0.0, 0.04253020779975808]
[40.0, 0.0, 0.04253020779975808]
[40.0, 0.0, 0.04253020779975808]
[40.0, 0.0, 0.04253020779975808]
[40.0, 0.0, 0.04253020779975808]
[40.0, 0.0, 0.04253020779975808]
[40.0, 0.0, 0.04253020779975808]
[40.0, 0.0, 0.04253020779975808]
[40.0, 0.0, 0.04253020779975808]
[40.0, 0.8669840139434847, 0.04253020779975808]
[40.0, 0.8669840139434847, 0.04253020779975808]
[40.0, 0.8669840139434847, 0.04253020779975808]
[40.0, 0.8669840139434847, 0.04253020779975808]
[40.0, 0.8669840139434847, 0.04253020779975808]
[40.0, 0.8669840139434847, 0.04253020779975808]
[40.0, 0.0, 0.04253020779975808]
[40.0, 0.0, 0.04253020779975808]
[40.0, 0.0, 0.04253020779975808]
[40.0, 0.0, 0.20792425558996414]
[40.0, 0.0, 0.20792425558996414]
[40.0, 0.0, 0.20792425558996414]
[40.0, 0.0, 0.20792425558996414]
[40.0, 0.0, 0.20792425558996414]
[40.0, 0.0, 0.20792425558996414]
[40.0, 0.0, 0.20792425558996414]
[40.0, 0.0, 0.20792425558996414]
[40.0, 0.0, 0.20792425558996414]
[40.0, 0.0, 0.20792425558996414]
[40.0, 0.0, 0.20792425558996414]
[40.0, 0.0, 0.20792425558996414]
[40.0, 0.0, 0.20792425558996414]
[40.0, 0.0, 0.20792425558996414]
[40.0, 0.8669840139434847, 0.20792425558996414]
[40.0, 0.8669840139434847, 0.20792425558996414]
[40.0, 0.0, 0.20792425558996414]
[40.0, 0.0, 0.20792425558996414]
[40.0, 0.0, 0.20792425558996414]
[40.0, 0.0, 0.20792425558996414]
[40.0, 0.0, 0.21287191776400957]
[40.0, 0.0, 0.21287191776400957]
[40.0, 0.0, 0.21287191776400957]
[40.0, 0.0, 0.21287191776400957]
[40.0, 0.0, 0.21287191776400957]
[40.0, 0.0, 0.21287191776400957]
[40.0, 0.0, 0.21287191776400957]
[40.0, 0.0, 0.21287191776400957]
[40.0, 0.0, 0.21287191776400957]
[40.0, 0.0, 0.21287191776400957]
[40.0, 0.0, 0.21287191776400957]
[40.0, 0.0, 0.21287191776400957]
[40.0, 0.0, 0.21287191776400957]
[40.0, -0.8669840139434847, 0.21287191776400957]
[40.0, -0.8669840139434847, 0.21287191776400957]
[40.0, 0.0, 0.21287191776400957]
[40.0, 0.0, 0.21287191776400957]
[40.0, 0.0, 0.21287191776400957]
[40.0, 0.0, 0.21287191776400957]
[40.0, 0.0, 0.21287191776400957]
[40.0, 0.0, 0.20064381591268612]
[40.0, 0.0, 0.20064381591268612]
[40.0, 0.0, 0.20064381591268612]
[40.0, 0.0, 0.20064381591268612]
[40.0, 0.0, 0.20064381591268612]
[40.0, 0.0, 0.20064381591268612]
[40.0, 0.0, 0.20064381591268612]
[40.0, 0.0, 0.20064381591268612]
[40.0, 0.0, 0.20064381591268612]
[40.0, 0.0, 0.20064381591268612]
[40.0, 0.0, 0.20064381591268612]
[40.0, 0.0, 0.20064381591268612]
[40.0, 0.0, 0.20064381591268612]
[40.0, -0.8669840139434847, 0.20064381591268612]
[40.0, 0.0, 0.20064381591268612]
[40.0, 0.0, 0.20064381591268612]
[40.0, 0.0, 0.20064381591268612]
[40.0, 0.0, 0.20064381591268612]
[40.0, 0.0, 0.20064381591268612]
[40.0, 0.0, 0.20064381591268612]
[40.0, 0.0, 0.29698650692207085]
[40.0, 0.0, 0.29698650692207085]
[40.0, 0.0, 0.29698650692207085]
[40.0, 0.0, 0.29698650692207085]
[40.0, 0.0, 0.29698650692207085]
[40.0, 0.0, 0.29698650692207085]
[40.0, 0.0, 0.29698650692207085]
[40.0, 0.0, 0.29698650692207085]
[40.0, 0.0, 0.29698650692207085]
[40.0, 0.0, 0.29698650692207085]
[40.0, 0.0, 0.29698650692207085]
[40.0, 0.0, 0.29698650692207085]
[40.0, 0.0, 0.29698650692207085]
[40.0, 0.0, 0.29698650692207085]
[40.0, 0.0, 0.29698650692207085]
[40.0, 0.0, 0.29698650692207085]
[40.0, 0.0, 0.29698650692207085]
[40.0, 0.0, 0.29698650692207085]
[40.0, 0.0, 0.29698650692207085]
[40.0, 0.0, 0.29698650692207085]
[40.0, 0.0, 0.21464485949587314]
[40.0, 0.0, 0.21464485949587314]
[40.0, 0.0, 0.21464485949587314]
[40.0, 0.0, 0.21464485949587314]
[40.0, 0.0, 0.21464485949587314]
[40.0, 0.0, 0.21464485949587314]
[40.0, 0.0, 0.21464485949587314]
[40.0, 0.0, 0.21464485949587314]
[40.0, 0.0, 0.21464485949587314]
[40.0, 0.0, 0.21464485949587314]
[40.0, 0.0, 0.21464485949587314]
[40.0, 0.8669840139434847, 0.21464485949587314]
>>>> 
----------------------------
Path number   : 2
Path length   : 1148.719552852376
Time required : 56.45511603355408 s
>>>> Nodes
[1105.903250694389, 493.6141468229594, 0.7596419945769516]
[1102.8645068696185, 490.72803825001, 0.7596419945769516]
[1099.8257630448477, 487.84192967706065, 0.7596419945769516]
[1096.7870192200771, 484.95582110411124, 0.7596419945769516]
[1093.7482753953066, 482.0697125311618, 0.7596419945769516]
[1090.7095315705358, 479.1836039582124, 0.7596419945769516]
[1087.6707877457652, 476.29749538526306, 0.7596419945769516]
[1084.6320439209946, 473.41138681231365, 0.7596419945769516]
[1081.5933000962239, 470.52527823936424, 0.7596419945769516]
[1078.5545562714533, 467.6391696664149, 0.7596419945769516]
[1075.5158124466825, 464.7530610934655, 0.7596419945769516]
[1072.477068621912, 461.86695252051607, 0.7596419945769516]
[1069.4383247971414, 458.98084394756665, 0.7596419945769516]
[1066.3995809723706, 456.0947353746173, 0.7596419945769516]
[1063.3608371476, 453.2086268016679, 0.7596419945769516]
[1060.3220933228295, 450.3225182287185, 0.7596419945769516]
[1057.2833494980587, 447.4364096557691, 0.7596419945769516]
[1054.244605673288, 444.5503010828197, 0.7596419945769516]
[1054.244605673288, 444.5503010828197, 0.7596419945769517]
[1051.4680622265344, 441.6189177973963, 0.8653953487447987]
[1046.659596313121, 435.97228465984256, 0.865395348744799]
[1041.8511303997077, 430.3256515222888, 0.865395348744799]
[1037.0426644862946, 424.679018384735, 0.865395348744799]
[1032.2341985728813, 419.03238524718125, 0.865395348744799]
[1027.425732659468, 413.3857521096275, 0.865395348744799]
[1022.6172667460546, 407.7391189720737, 0.865395348744799]
[1017.8088008326414, 402.09248583451995, 0.865395348744799]
[1013.0003349192281, 396.4458526969662, 0.865395348744799]
[1008.1918690058147, 390.79921955941245, 0.865395348744799]
[1003.3834030924015, 385.15258642185864, 0.865395348744799]
[998.5749371789882, 379.5059532843049, 0.865395348744799]
[993.7664712655749, 373.85932014675114, 0.865395348744799]
[988.9580053521616, 368.2126870091974, 0.865395348744799]
[984.1495394387483, 362.5660538716436, 0.865395348744799]
[979.3410735253351, 356.91942073408984, 0.865395348744799]
[974.5326076119218, 351.2727875965361, 0.865395348744799]
[969.7241416985084, 345.62615445898234, 0.865395348744799]
[964.9156757850952, 339.97952132142854, 0.865395348744799]
[960.1072098716819, 334.3328881838748, 0.865395348744799]
[955.6360257235177, 329.6047832939937, 0.8012453135853508]
[952.812228561149, 326.69003898976587, 0.8012453135853508]
[949.9884313987803, 323.77529468553803, 0.8012453135853508]
[947.1646342364116, 320.8605503813102, 0.8012453135853508]
[944.3408370740428, 317.9458060770824, 0.8012453135853508]
[941.5170399116741, 315.03106177285457, 0.8012453135853508]
[938.6932427493055, 312.11631746862673, 0.8012453135853508]
[935.8694455869368, 309.2015731643989, 0.8012453135853508]
[933.0456484245681, 306.28682886017106, 0.8012453135853508]
[930.2218512621994, 303.3720845559432, 0.8012453135853508]
[927.3980540998307, 300.4573402517154, 0.8012453135853508]
[924.574256937462, 297.54259594748754, 0.8012453135853508]
[921.7504597750933, 294.6278516432597, 0.8012453135853508]
[918.9266626127246, 291.7131073390319, 0.8012453135853508]
[916.1028654503558, 288.7983630348041, 0.8012453135853508]
[913.2790682879871, 285.88361873057625, 0.8012453135853508]
[910.4552711256184, 282.9688744263484, 0.8012453135853508]
[907.6314739632497, 280.05413012212057, 0.8012453135853508]
[904.807676800881, 277.13938581789273, 0.8012453135853508]
[898.8130572705846, 271.5702270333745, 0.7398173081836571]
[894.5017940277864, 267.6351017576439, 0.7398173081836571]
[890.1905307849883, 263.69997648191327, 0.7398173081836571]
[885.8792675421901, 259.7648512061826, 0.7398173081836571]
[881.5680042993919, 255.82972593045193, 0.7398173081836571]
[877.2567410565937, 251.89460065472127, 0.7398173081836571]
[872.9454778137955, 247.95947537899062, 0.7398173081836571]
[868.6342145709973, 244.02435010325996, 0.7398173081836571]
[864.3229513281991, 240.0892248275293, 0.7398173081836571]
[860.0116880854009, 236.15409955179865, 0.7398173081836571]
[855.7004248426027, 232.218974276068, 0.7398173081836571]
[851.3891615998045, 228.28384900033734, 0.7398173081836571]
[847.0778983570063, 224.34872372460669, 0.7398173081836571]
[842.7666351142082, 220.41359844887603, 0.7398173081836571]
[842.7666351142082, 220.41359844887603, 0.739817308183658]
[837.0287453178338, 216.09096497432813, 0.5514647283410943]
[830.5829620202203, 212.91914890922834, 0.36311214849853046]
[823.6572850511164, 211.01034352620889, 0.17475956865596665]
[816.4966890081693, 210.43206696577465, -0.01359301118659717]
[807.1215396583331, 210.55951132515582, -0.013593011186597769]
[797.7463903084968, 210.68695568453697, -0.013593011186597769]
[788.3712409586606, 210.8144000439181, -0.013593011186597769]
[778.9960916088244, 210.94184440329926, -0.013593011186597769]
[769.6209422589881, 211.06928876268037, -0.013593011186597769]
[760.2457929091519, 211.19673312206152, -0.013593011186597769]
[750.8706435593157, 211.32417748144266, -0.013593011186597769]
[741.4954942094794, 211.4516218408238, -0.013593011186597769]
[732.1203448596432, 211.57906620020495, -0.013593011186597769]
[722.745195509807, 211.7065105595861, -0.013593011186597769]
[713.3700461599707, 211.83395491896724, -0.013593011186597769]
[703.9948968101345, 211.96139927834838, -0.013593011186597769]
[694.6197474602982, 212.0888436377295, -0.013593011186597769]
[685.244598110462, 212.21628799711064, -0.013593011186597769]
[675.8694487606258, 212.34373235649178, -0.013593011186597769]
[666.4942994107895, 212.47117671587293, -0.013593011186597769]
[657.1191500609533, 212.59862107525407, -0.013593011186597769]
[657.1191500609533, 212.59862107525407, -0.013593011186596948]
[646.3414025065179, 211.1988111322312, 0.27190629084260887]
[637.812195403186, 208.8207698926462, 0.27190629084260787]
[629.2829882998543, 206.44272865306124, 0.27190629084260787]
[620.7537811965226, 204.06468741347624, 0.27190629084260787]
[612.2245740931908, 201.68664617389123, 0.27190629084260787]
[603.6953669898589, 199.30860493430623, 0.27190629084260787]
[595.1661598865272, 196.93056369472126, 0.27190629084260787]
[586.6369527831955, 194.55252245513626, 0.27190629084260787]
[578.1077456798637, 192.17448121555125, 0.27190629084260787]
[569.5785385765319, 189.79643997596628, 0.27190629084260787]
[561.0493314732001, 187.41839873638128, 0.27190629084260787]
[552.5201243698684, 185.04035749679628, 0.27190629084260787]
[543.9909172665366, 182.66231625721127, 0.27190629084260787]
[535.4617101632048, 180.2842750176263, 0.27190629084260787]
[526.932503059873, 177.9062337780413, 0.27190629084260787]
[518.4032959565413, 175.5281925384563, 0.27190629084260787]
[509.8740888532095, 173.1501512988713, 0.27190629084260787]
[501.34488174987774, 170.77211005928632, 0.27190629084260787]
[492.815674646546, 168.39406881970132, 0.27190629084260787]
[491.72824299617616, 168.0734137369534, 0.3015881726371561]
[479.81051516372406, 164.3660797420096, 0.3015881726371565]
[467.8927873312719, 160.65874574706578, 0.3015881726371565]
[455.97505949881975, 156.95141175212197, 0.3015881726371565]
[444.05733166636765, 153.24407775717816, 0.3015881726371565]
[432.13960383391554, 149.53674376223435, 0.3015881726371565]
[420.2218760014634, 145.82940976729054, 0.3015881726371565]
[408.3041481690112, 142.12207577234676, 0.3015881726371565]
[396.3864203365591, 138.41474177740292, 0.3015881726371565]
[384.468692504107, 134.70740778245914, 0.3015881726371565]
[372.55096467165487, 131.0000737875153, 0.3015881726371565]
[360.63323683920277, 127.29273979257151, 0.3015881726371565]
[348.7155090067506, 123.5854057976277, 0.3015881726371565]
[336.7977811742985, 119.8780718026839, 0.3015881726371565]
[324.88005334184635, 116.1707378077401, 0.3015881726371565]
[312.96232550939425, 112.46340381279629, 0.3015881726371565]
[301.0445976769421, 108.75606981785248, 0.3015881726371565]
[289.12686984449, 105.04873582290867, 0.3015881726371565]
[277.20914201203783, 101.34140182796486, 0.3015881726371565]
[265.29141417958573, 97.63406783302105, 0.3015881726371565]
[256.30910207842277, 94.95257813899335, 0.2898257523215249]
[247.75657798025844, 92.40201847146997, 0.2898257523215249]
[239.20405388209417, 89.85145880394663, 0.2898257523215249]
[230.6515297839299, 87.30089913642325, 0.2898257523215249]
[222.0990056857656, 84.7503394688999, 0.2898257523215249]
[213.5464815876013, 82.19977980137654, 0.2898257523215249]
[204.99395748943704, 79.64922013385316, 0.2898257523215249]
[196.44143339127274, 77.09866046632982, 0.2898257523215249]
[187.88890929310844, 74.54810079880644, 0.2898257523215249]
[179.33638519494417, 71.99754113128309, 0.2898257523215249]
[170.7838610967799, 69.44698146375973, 0.2898257523215249]
[162.2313369986156, 66.89642179623637, 0.2898257523215249]
[153.6788129004513, 64.34586212871301, 0.2898257523215249]
[145.12628880228704, 61.795302461189635, 0.2898257523215249]
[136.57376470412274, 59.244742793666276, 0.2898257523215249]
[128.02124060595847, 56.69418312614292, 0.2898257523215249]
[119.46871650779417, 54.14362345861955, 0.2898257523215249]
[110.91619240962989, 51.59306379109619, 0.2898257523215249]
[100.0, 50.00000000000001, 0.0]
>>>> 
>>>> inputs
[40.0, 0.0, 0.09410583353559052]
[40.0, 0.0, 0.09410583353559052]
[40.0, 0.0, 0.09410583353559052]
[40.0, 0.0, 0.09410583353559052]
[40.0, 0.0, 0.09410583353559052]
[40.0, 0.0, 0.09410583353559052]
[40.0, 0.0, 0.09410583353559052]
[40.0, 0.0, 0.09410583353559052]
[40.0, 0.0, 0.09410583353559052]
[40.0, 0.0, 0.09410583353559052]
[40.0, 0.0, 0.09410583353559052]
[40.0, 0.0, 0.09410583353559052]
[40.0, 0.0, 0.09410583353559052]
[40.0, 0.0, 0.09410583353559052]
[40.0, 0.0, 0.09410583353559052]
[40.0, 0.0, 0.09410583353559052]
[40.0, 0.0, 0.09410583353559052]
[40.0, -0.8669840139434847, 0.09410583353559052]
[40.0, -0.8669840139434847, 0.09410583353559052]
[40.0, 0.0, 0.09410583353559052]
[40.0, 0.0, 0.17920695586593105]
[40.0, 0.0, 0.17920695586593105]
[40.0, 0.0, 0.17920695586593105]
[40.0, 0.0, 0.17920695586593105]
[40.0, 0.0, 0.17920695586593105]
[40.0, 0.0, 0.17920695586593105]
[40.0, 0.0, 0.17920695586593105]
[40.0, 0.0, 0.17920695586593105]
[40.0, 0.0, 0.17920695586593105]
[40.0, 0.0, 0.17920695586593105]
[40.0, 0.0, 0.17920695586593105]
[40.0, 0.0, 0.17920695586593105]
[40.0, 0.0, 0.17920695586593105]
[40.0, 0.0, 0.17920695586593105]
[40.0, 0.0, 0.17920695586593105]
[40.0, 0.0, 0.17920695586593105]
[40.0, 0.0, 0.17920695586593105]
[40.0, 0.0, 0.17920695586593105]
[40.0, 0.0, 0.17920695586593105]
[40.0, 0.0, 0.17920695586593105]
[40.0, 0.0, 0.09931691115918888]
[40.0, 0.0, 0.09931691115918888]
[40.0, 0.0, 0.09931691115918888]
[40.0, 0.0, 0.09931691115918888]
[40.0, 0.0, 0.09931691115918888]
[40.0, 0.0, 0.09931691115918888]
[40.0, 0.0, 0.09931691115918888]
[40.0, 0.0, 0.09931691115918888]
[40.0, 0.0, 0.09931691115918888]
[40.0, 0.0, 0.09931691115918888]
[40.0, 0.0, 0.09931691115918888]
[40.0, 0.0, 0.09931691115918888]
[40.0, 0.0, 0.09931691115918888]
[40.0, 0.0, 0.09931691115918888]
[40.0, 0.0, 0.09931691115918888]
[40.0, 0.0, 0.09931691115918888]
[40.0, 0.0, 0.09931691115918888]
[40.0, 0.0, 0.09931691115918888]
[40.0, 0.0, 0.09931691115918888]
[40.0, 0.0, 0.09931691115918888]
[40.0, 0.0, 0.13812264041011973]
[40.0, 0.0, 0.13812264041011973]
[40.0, 0.0, 0.13812264041011973]
[40.0, 0.0, 0.13812264041011973]
[40.0, 0.0, 0.13812264041011973]
[40.0, 0.0, 0.13812264041011973]
[40.0, 0.0, 0.13812264041011973]
[40.0, 0.0, 0.13812264041011973]
[40.0, 0.0, 0.13812264041011973]
[40.0, 0.0, 0.13812264041011973]
[40.0, 0.0, 0.13812264041011973]
[40.0, 0.8669840139434847, 0.13812264041011973]
[40.0, 0.8669840139434847, 0.13812264041011973]
[40.0, 0.8669840139434847, 0.13812264041011973]
[40.0, 0.8669840139434847, 0.13812264041011973]
[40.0, 0.8669840139434847, 0.13812264041011973]
[40.0, 0.0, 0.13812264041011973]
[40.0, 0.0, 0.13812264041011973]
[40.0, 0.0, 0.13812264041011973]
[40.0, 0.0, 0.13812264041011973]
[40.0, 0.0, 0.21287191776400957]
[40.0, 0.0, 0.21287191776400957]
[40.0, 0.0, 0.21287191776400957]
[40.0, 0.0, 0.21287191776400957]
[40.0, 0.0, 0.21287191776400957]
[40.0, 0.0, 0.21287191776400957]
[40.0, 0.0, 0.21287191776400957]
[40.0, 0.0, 0.21287191776400957]
[40.0, 0.0, 0.21287191776400957]
[40.0, 0.0, 0.21287191776400957]
[40.0, 0.0, 0.21287191776400957]
[40.0, 0.0, 0.21287191776400957]
[40.0, 0.0, 0.21287191776400957]
[40.0, -0.8669840139434847, 0.21287191776400957]
[40.0, -0.8669840139434847, 0.21287191776400957]
[40.0, 0.0, 0.21287191776400957]
[40.0, 0.0, 0.21287191776400957]
[40.0, 0.0, 0.21287191776400957]
[40.0, 0.0, 0.21287191776400957]
[40.0, 0.0, 0.21287191776400957]
[40.0, 0.0, 0.20064381591268612]
[40.0, 0.0, 0.20064381591268612]
[40.0, 0.0, 0.20064381591268612]
[40.0, 0.0, 0.20064381591268612]
[40.0, 0.0, 0.20064381591268612]
[40.0, 0.0, 0.20064381591268612]
[40.0, 0.0, 0.20064381591268612]
[40.0, 0.0, 0.20064381591268612]
[40.0, 0.0, 0.20064381591268612]
[40.0, 0.0, 0.20064381591268612]
[40.0, 0.0, 0.20064381591268612]
[40.0, 0.0, 0.20064381591268612]
[40.0, 0.0, 0.20064381591268612]
[40.0, -0.8669840139434847, 0.20064381591268612]
[40.0, 0.0, 0.20064381591268612]
[40.0, 0.0, 0.20064381591268612]
[40.0, 0.0, 0.20064381591268612]
[40.0, 0.0, 0.20064381591268612]
[40.0, 0.0, 0.20064381591268612]
[40.0, 0.0, 0.20064381591268612]
[40.0, 0.0, 0.29698650692207085]
[40.0, 0.0, 0.29698650692207085]
[40.0, 0.0, 0.29698650692207085]
[40.0, 0.0, 0.29698650692207085]
[40.0, 0.0, 0.29698650692207085]
[40.0, 0.0, 0.29698650692207085]
[40.0, 0.0, 0.29698650692207085]
[40.0, 0.0, 0.29698650692207085]
[40.0, 0.0, 0.29698650692207085]
[40.0, 0.0, 0.29698650692207085]
[40.0, 0.0, 0.29698650692207085]
[40.0, 0.0, 0.29698650692207085]
[40.0, 0.0, 0.29698650692207085]
[40.0, 0.0, 0.29698650692207085]
[40.0, 0.0, 0.29698650692207085]
[40.0, 0.0, 0.29698650692207085]
[40.0, 0.0, 0.29698650692207085]
[40.0, 0.0, 0.29698650692207085]
[40.0, 0.0, 0.29698650692207085]
[40.0, 0.0, 0.29698650692207085]
[40.0, 0.0, 0.21464485949587314]
[40.0, 0.0, 0.21464485949587314]
[40.0, 0.0, 0.21464485949587314]
[40.0, 0.0, 0.21464485949587314]
[40.0, 0.0, 0.21464485949587314]
[40.0, 0.0, 0.21464485949587314]
[40.0, 0.0, 0.21464485949587314]
[40.0, 0.0, 0.21464485949587314]
[40.0, 0.0, 0.21464485949587314]
[40.0, 0.0, 0.21464485949587314]
[40.0, 0.0, 0.21464485949587314]
[40.0, 0.8669840139434847, 0.21464485949587314]
>>>> 
