----------------------------
RRT search Summary          
----------------------------
Map Name               : Random
Total paths found      : 1
Total number of nodes  : 1439
Total elapsed time     : 84.59376907348633 s
Solver                 : RRTstar 
----------------------------
Path number   : 0
Path length   : 1150.003041519732
Time required : 7.569015026092529 s
>>>> Nodes
[1086.6162259211071, 488.0525569764835, 0.9541144397180982]
[1082.354885573749, 482.0414542602804, 0.9541144397180982]
[1078.093545226391, 476.0303515440772, 0.9541144397180982]
[1073.8322048790328, 470.019248827874, 0.9541144397180982]
[1069.5708645316747, 464.00814611167084, 0.9541144397180982]
[1065.3095241843166, 457.99704339546764, 0.9541144397180982]
[1061.0481838369587, 451.98594067926444, 0.9541144397180982]
[1056.7868434896006, 445.9748379630613, 0.9541144397180982]
[1052.5255031422425, 439.9637352468581, 0.9541144397180982]
[1048.2641627948844, 433.9526325306549, 0.9541144397180982]
[1044.0028224475263, 427.9415298144517, 0.9541144397180982]
[1039.7414821001682, 421.9304270982486, 0.9541144397180982]
[1035.4801417528101, 415.9193243820454, 0.9541144397180982]
[1031.218801405452, 409.9082216658422, 0.9541144397180982]
[1026.957461058094, 403.89711894963904, 0.9541144397180982]
[1022.6961207107358, 397.88601623343584, 0.9541144397180982]
[1018.4347803633779, 391.87491351723264, 0.9541144397180982]
[1014.1734400160198, 385.8638108010295, 0.9541144397180982]
[1009.9120996686617, 379.8527080848263, 0.9541144397180982]
[1007.7278942803036, 376.392689448339, 1.0612876936668458]
[1003.0252877335503, 367.9758458618652, 1.0612876936668454]
[998.3226811867971, 359.5590022753913, 1.0612876936668454]
[993.6200746400439, 351.14215868891745, 1.0612876936668454]
[988.9174680932907, 342.7253151024436, 1.0612876936668454]
[984.2148615465375, 334.3084715159697, 1.0612876936668454]
[979.5122549997842, 325.8916279294959, 1.0612876936668454]
[974.8096484530311, 317.474784343022, 1.0612876936668454]
[970.1070419062778, 309.05794075654813, 1.0612876936668454]
[965.4044353595247, 300.64109717007426, 1.0612876936668454]
[960.7018288127714, 292.2242535836004, 1.0612876936668454]
[955.9992222660181, 283.8074099971265, 1.0612876936668454]
[951.296615719265, 275.39056641065264, 1.0612876936668454]
[946.5940091725117, 266.97372282417876, 1.0612876936668454]
[941.8914026257586, 258.5568792377049, 1.0612876936668454]
[937.1887960790053, 250.14003565123105, 1.0612876936668454]
[937.1887960790053, 250.14003565123102, 1.061287693666845]
[929.6172639663505, 240.57977580742127, 0.7406422164846959]
[919.4184412831099, 233.89317108679168, 0.41999673930254655]
[907.6319516525226, 230.76182489031606, 0.09935126212039735]
[901.396184420641, 230.14024706795027, 0.09935126212039727]
[895.1604171887594, 229.5186692455845, 0.09935126212039727]
[888.9246499568778, 228.89709142321877, 0.09935126212039727]
[882.6888827249962, 228.275513600853, 0.09935126212039727]
[876.4531154931146, 227.65393577848724, 0.09935126212039727]
[870.217348261233, 227.03235795612147, 0.09935126212039727]
[863.9815810293514, 226.4107801337557, 0.09935126212039727]
[857.7458137974699, 225.78920231138997, 0.09935126212039727]
[851.5100465655883, 225.1676244890242, 0.09935126212039727]
[845.2742793337067, 224.54604666665844, 0.09935126212039727]
[839.0385121018251, 223.92446884429268, 0.09935126212039727]
[832.8027448699435, 223.30289102192694, 0.09935126212039727]
[826.5669776380619, 222.68131319956117, 0.09935126212039727]
[820.3312104061803, 222.0597353771954, 0.09935126212039727]
[814.0954431742987, 221.43815755482964, 0.09935126212039727]
[807.8596759424171, 220.81657973246388, 0.09935126212039727]
[801.6239087105355, 220.19500191009814, 0.09935126212039727]
[795.3881414786539, 219.57342408773238, 0.09935126212039727]
[789.1523742467723, 218.9518462653666, 0.09935126212039727]
[778.9915068892693, 218.20543851678985, 0.07191651349014254]
[769.8746970200629, 217.54865665761747, 0.07191651349014254]
[760.7578871508564, 216.89187479844506, 0.07191651349014254]
[751.6410772816499, 216.23509293927268, 0.07191651349014254]
[742.5242674124435, 215.57831108010026, 0.07191651349014254]
[733.407457543237, 214.92152922092788, 0.07191651349014254]
[724.2906476740305, 214.26474736175547, 0.07191651349014254]
[715.1738378048241, 213.60796550258308, 0.07191651349014254]
[706.0570279356175, 212.95118364341067, 0.07191651349014254]
[696.940218066411, 212.29440178423826, 0.07191651349014254]
[687.8234081972046, 211.63761992506588, 0.07191651349014254]
[678.7065983279981, 210.98083806589347, 0.07191651349014254]
[669.5897884587916, 210.32405620672108, 0.07191651349014254]
[660.4729785895852, 209.66727434754867, 0.07191651349014254]
[651.3561687203787, 209.0104924883763, 0.07191651349014254]
[642.2393588511723, 208.35371062920387, 0.07191651349014254]
[633.1225489819658, 207.6969287700315, 0.07191651349014254]
[624.0057391127593, 207.04014691085908, 0.07191651349014254]
[616.1139688316698, 205.6280936087254, 0.2821909421774942]
[611.4703515203364, 204.2817792509951, 0.2821909421774949]
[606.826734209003, 202.93546489326485, 0.2821909421774949]
[602.1831168976696, 201.5891505355346, 0.2821909421774949]
[597.5394995863362, 200.24283617780432, 0.2821909421774949]
[592.8958822750028, 198.89652182007404, 0.2821909421774949]
[588.2522649636694, 197.5502074623438, 0.2821909421774949]
[583.608647652336, 196.20389310461354, 0.2821909421774949]
[578.9650303410026, 194.85757874688326, 0.2821909421774949]
[574.3214130296692, 193.51126438915298, 0.2821909421774949]
[569.6777957183357, 192.16495003142273, 0.2821909421774949]
[565.0341784070023, 190.81863567369248, 0.2821909421774949]
[560.3905610956689, 189.4723213159622, 0.2821909421774949]
[555.7469437843355, 188.12600695823193, 0.2821909421774949]
[551.1033264730021, 186.77969260050168, 0.2821909421774949]
[546.4597091616687, 185.43337824277143, 0.2821909421774949]
[541.8160918503353, 184.08706388504115, 0.2821909421774949]
[537.1724745390019, 182.74074952731087, 0.2821909421774949]
[532.5288572276685, 181.39443516958062, 0.2821909421774949]
[531.9720449177935, 181.22839845755425, 0.2974026952622917]
[517.353210670224, 176.74783262675453, 0.29740269526229135]
[502.73437642265446, 172.2672667959548, 0.29740269526229135]
[488.115542175085, 167.7867009651551, 0.29740269526229135]
[473.4967079275155, 163.30613513435534, 0.29740269526229135]
[458.877873679946, 158.82556930355562, 0.29740269526229135]
[444.2590394323765, 154.34500347275588, 0.29740269526229135]
[429.640205184807, 149.86443764195616, 0.29740269526229135]
[415.0213709372375, 145.38387181115644, 0.29740269526229135]
[400.40253668966795, 140.90330598035672, 0.29740269526229135]
[385.7837024420985, 136.42274014955697, 0.29740269526229135]
[371.164868194529, 131.94217431875725, 0.29740269526229135]
[356.5460339469595, 127.4616084879575, 0.29740269526229135]
[341.92719969939, 122.98104265715779, 0.29740269526229135]
[327.30836545182046, 118.50047682635805, 0.29740269526229135]
[312.689531204251, 114.01991099555832, 0.29740269526229135]
[298.0706969566815, 109.5393451647586, 0.29740269526229135]
[283.451862709112, 105.05877933395887, 0.29740269526229135]
[268.8330284615425, 100.57821350315913, 0.29740269526229135]
[268.709037205282, 100.53998059361273, 0.3007995968666626]
[259.9650470834305, 97.82748489361984, 0.3007995968666625]
[251.22105696157885, 95.11498919362694, 0.3007995968666625]
[242.47706683972726, 92.40249349363404, 0.3007995968666625]
[233.7330767178757, 89.68999779364114, 0.3007995968666625]
[224.9890865960241, 86.97750209364824, 0.3007995968666625]
[216.2450964741725, 84.26500639365534, 0.3007995968666625]
[207.5011063523209, 81.55251069366244, 0.3007995968666625]
[198.75711623046934, 78.84001499366954, 0.3007995968666625]
[190.01312610861774, 76.12751929367664, 0.3007995968666625]
[181.26913598676617, 73.41502359368376, 0.3007995968666625]
[172.52514586491458, 70.70252789369086, 0.3007995968666625]
[163.78115574306298, 67.99003219369796, 0.3007995968666625]
[155.0371656212114, 65.27753649370506, 0.3007995968666625]
[146.29317549935982, 62.565040793712164, 0.3007995968666625]
[137.54918537750822, 59.852545093719264, 0.3007995968666625]
[128.80519525565663, 57.140049393726365, 0.3007995968666625]
[120.06120513380505, 54.42755369373347, 0.3007995968666625]
[111.31721501195346, 51.71505799374057, 0.3007995968666625]
[100.0, 50.00000000000001, 0.0]
>>>> 
>>>> inputs
[40.0, 0.0, 0.17090470901168744]
[40.0, 0.0, 0.17090470901168744]
[40.0, 0.0, 0.17090470901168744]
[40.0, 0.0, 0.17090470901168744]
[40.0, 0.0, 0.17090470901168744]
[40.0, 0.0, 0.17090470901168744]
[40.0, 0.0, 0.17090470901168744]
[40.0, 0.0, 0.17090470901168744]
[40.0, 0.0, 0.17090470901168744]
[40.0, 0.0, 0.17090470901168744]
[40.0, 0.0, 0.17090470901168744]
[40.0, 0.0, 0.17090470901168744]
[40.0, 0.0, 0.17090470901168744]
[40.0, 0.0, 0.17090470901168744]
[40.0, 0.0, 0.17090470901168744]
[40.0, 0.0, 0.17090470901168744]
[40.0, 0.0, 0.17090470901168744]
[40.0, 0.0, 0.17090470901168744]
[40.0, -0.8669840139434847, 0.17090470901168744]
[40.0, 0.0, 0.17090470901168744]
[40.0, 0.0, 0.22670646939811054]
[40.0, 0.0, 0.22670646939811054]
[40.0, 0.0, 0.22670646939811054]
[40.0, 0.0, 0.22670646939811054]
[40.0, 0.0, 0.22670646939811054]
[40.0, 0.0, 0.22670646939811054]
[40.0, 0.0, 0.22670646939811054]
[40.0, 0.0, 0.22670646939811054]
[40.0, 0.0, 0.22670646939811054]
[40.0, 0.0, 0.22670646939811054]
[40.0, 0.0, 0.22670646939811054]
[40.0, 0.0, 0.22670646939811054]
[40.0, 0.0, 0.22670646939811054]
[40.0, 0.0, 0.22670646939811054]
[40.0, 0.8669840139434847, 0.22670646939811054]
[40.0, 0.8669840139434847, 0.22670646939811054]
[40.0, 0.8669840139434847, 0.22670646939811054]
[40.0, 0.8669840139434847, 0.22670646939811054]
[40.0, 0.0, 0.22670646939811054]
[40.0, 0.0, 0.22670646939811054]
[40.0, 0.0, 0.15014332349586806]
[40.0, 0.0, 0.15014332349586806]
[40.0, 0.0, 0.15014332349586806]
[40.0, 0.0, 0.15014332349586806]
[40.0, 0.0, 0.15014332349586806]
[40.0, 0.0, 0.15014332349586806]
[40.0, 0.0, 0.15014332349586806]
[40.0, 0.0, 0.15014332349586806]
[40.0, 0.0, 0.15014332349586806]
[40.0, 0.0, 0.15014332349586806]
[40.0, 0.0, 0.15014332349586806]
[40.0, 0.0, 0.15014332349586806]
[40.0, 0.0, 0.15014332349586806]
[40.0, 0.0, 0.15014332349586806]
[40.0, 0.0, 0.15014332349586806]
[40.0, 0.0, 0.15014332349586806]
[40.0, 0.0, 0.15014332349586806]
[40.0, 0.0, 0.15014332349586806]
[40.0, 0.0, 0.15014332349586806]
[40.0, 0.0, 0.15014332349586806]
[40.0, 0.0, 0.21569969205880718]
[40.0, 0.0, 0.21569969205880718]
[40.0, 0.0, 0.21569969205880718]
[40.0, 0.0, 0.21569969205880718]
[40.0, 0.0, 0.21569969205880718]
[40.0, 0.0, 0.21569969205880718]
[40.0, 0.0, 0.21569969205880718]
[40.0, 0.0, 0.21569969205880718]
[40.0, 0.0, 0.21569969205880718]
[40.0, 0.0, 0.21569969205880718]
[40.0, 0.0, 0.21569969205880718]
[40.0, 0.0, 0.21569969205880718]
[40.0, 0.0, 0.21569969205880718]
[40.0, 0.0, 0.21569969205880718]
[40.0, 0.0, 0.21569969205880718]
[40.0, -0.8669840139434847, 0.21569969205880718]
[40.0, 0.0, 0.21569969205880718]
[40.0, 0.0, 0.21569969205880718]
[40.0, 0.0, 0.21569969205880718]
[40.0, 0.0, 0.21569969205880718]
[40.0, 0.0, 0.1095103618828048]
[40.0, 0.0, 0.1095103618828048]
[40.0, 0.0, 0.1095103618828048]
[40.0, 0.0, 0.1095103618828048]
[40.0, 0.0, 0.1095103618828048]
[40.0, 0.0, 0.1095103618828048]
[40.0, 0.0, 0.1095103618828048]
[40.0, 0.0, 0.1095103618828048]
[40.0, 0.0, 0.1095103618828048]
[40.0, 0.0, 0.1095103618828048]
[40.0, 0.0, 0.1095103618828048]
[40.0, 0.0, 0.1095103618828048]
[40.0, 0.0, 0.1095103618828048]
[40.0, 0.0, 0.1095103618828048]
[40.0, -0.8669840139434847, 0.1095103618828048]
[40.0, 0.0, 0.1095103618828048]
[40.0, 0.0, 0.1095103618828048]
[40.0, 0.0, 0.1095103618828048]
[40.0, 0.0, 0.1095103618828048]
[40.0, 0.0, 0.1095103618828048]
[40.0, 0.0, 0.34418842982576825]
[40.0, 0.0, 0.34418842982576825]
[40.0, 0.0, 0.34418842982576825]
[40.0, 0.0, 0.34418842982576825]
[40.0, 0.0, 0.34418842982576825]
[40.0, 0.0, 0.34418842982576825]
[40.0, 0.0, 0.34418842982576825]
[40.0, 0.0, 0.34418842982576825]
[40.0, 0.0, 0.34418842982576825]
[40.0, 0.0, 0.34418842982576825]
[40.0, 0.0, 0.34418842982576825]
[40.0, 0.0, 0.34418842982576825]
[40.0, 0.0, 0.34418842982576825]
[40.0, -0.8669840139434847, 0.34418842982576825]
[40.0, 0.0, 0.34418842982576825]
[40.0, 0.0, 0.34418842982576825]
[40.0, 0.0, 0.34418842982576825]
[40.0, 0.0, 0.34418842982576825]
[40.0, 0.0, 0.34418842982576825]
[40.0, 0.0, 0.34418842982576825]
[40.0, 0.0, 0.22035081622661884]
[40.0, 0.0, 0.22035081622661884]
[40.0, 0.0, 0.22035081622661884]
[40.0, 0.0, 0.22035081622661884]
[40.0, 0.0, 0.22035081622661884]
[40.0, 0.0, 0.22035081622661884]
[40.0, 0.0, 0.22035081622661884]
[40.0, 0.0, 0.22035081622661884]
[40.0, 0.0, 0.22035081622661884]
[40.0, 0.0, 0.22035081622661884]
[40.0, 0.0, 0.22035081622661884]
[40.0, 0.0, 0.22035081622661884]
[40.0, 0.8669840139434847, 0.22035081622661884]
>>>> 
