----------------------------
RRT search Summary          
----------------------------
Map Name               : Random
Total paths found      : 2
Total number of nodes  : 1335
Total elapsed time     : 82.14376211166382 s
Solver                 : RRTstar 
----------------------------
Path number   : 0
Path length   : 1182.5212208733196
Time required : 17.117764949798584 s
>>>> Nodes
[1103.504905314567, 497.1768427656206, 0.8926279932609215]
[1098.2003948881993, 490.59259404331834, 0.8926279932609215]
[1092.8958844618314, 484.00834532101607, 0.8926279932609215]
[1087.5913740354638, 477.4240965987138, 0.8926279932609215]
[1082.2868636090961, 470.8398478764115, 0.8926279932609215]
[1076.9823531827283, 464.25559915410923, 0.8926279932609215]
[1071.6778427563606, 457.67135043180696, 0.8926279932609215]
[1066.373332329993, 451.08710170950474, 0.8926279932609215]
[1061.0688219036251, 444.50285298720246, 0.8926279932609215]
[1055.7643114772575, 437.9186042649002, 0.8926279932609215]
[1050.4598010508898, 431.3343555425979, 0.8926279932609215]
[1045.155290624522, 424.7501068202956, 0.8926279932609215]
[1039.8507801981543, 418.16585809799335, 0.8926279932609215]
[1034.5462697717867, 411.5816093756911, 0.8926279932609215]
[1029.2417593454188, 404.9973606533888, 0.8926279932609215]
[1023.9372489190512, 398.4131119310865, 0.8926279932609215]
[1018.6327384926835, 391.82886320878424, 0.8926279932609215]
[1013.3282280663158, 385.24461448648196, 0.8926279932609215]
[1013.3282280663158, 385.2446144864819, 0.892627993260922]
[1007.6849137096837, 375.6576463602745, 1.184908875184754]
[1004.1173180116789, 366.8759927695202, 1.1849088751847536]
[1000.5497223136742, 358.09433917876584, 1.1849088751847536]
[996.9821266156696, 349.3126855880115, 1.1849088751847536]
[993.4145309176648, 340.5310319972572, 1.1849088751847536]
[989.8469352196602, 331.74937840650284, 1.1849088751847536]
[986.2793395216555, 322.9677248157485, 1.1849088751847536]
[982.7117438236509, 314.1860712249942, 1.1849088751847536]
[979.1441481256462, 305.40441763423985, 1.1849088751847536]
[975.5765524276416, 296.6227640434855, 1.1849088751847536]
[972.0089567296369, 287.84111045273113, 1.1849088751847536]
[968.4413610316323, 279.0594568619768, 1.1849088751847536]
[964.8737653336275, 270.27780327122247, 1.1849088751847536]
[961.3061696356228, 261.49614968046814, 1.1849088751847536]
[957.7385739376182, 252.71449608971378, 1.1849088751847536]
[954.1709782396135, 243.93284249895945, 1.1849088751847536]
[954.1709782396135, 243.93284249895945, 1.1849088751847536]
[946.4928936520199, 232.01951293366398, 0.8116923259645158]
[934.999625161779, 223.72582957361084, 0.43847577674427796]
[921.2735804386122, 220.19367718120088, 0.06525922752404001]
[915.3468564803492, 219.8063537577211, 0.06525922752404083]
[909.4201325220863, 219.4190303342413, 0.06525922752404083]
[903.4934085638233, 219.0317069107615, 0.06525922752404083]
[897.5666846055603, 218.6443834872817, 0.06525922752404083]
[891.6399606472974, 218.25706006380187, 0.06525922752404083]
[885.7132366890344, 217.8697366403221, 0.06525922752404083]
[879.7865127307715, 217.48241321684228, 0.06525922752404083]
[873.8597887725085, 217.09508979336246, 0.06525922752404083]
[867.9330648142455, 216.70776636988268, 0.06525922752404083]
[862.0063408559826, 216.32044294640286, 0.06525922752404083]
[856.0796168977197, 215.93311952292305, 0.06525922752404083]
[850.1528929394567, 215.54579609944324, 0.06525922752404083]
[844.2261689811937, 215.15847267596345, 0.06525922752404083]
[838.2994450229307, 214.77114925248364, 0.06525922752404083]
[832.3727210646678, 214.38382582900383, 0.06525922752404083]
[826.4459971064049, 213.996502405524, 0.06525922752404083]
[820.5192731481419, 213.60917898204423, 0.06525922752404083]
[814.5925491898789, 213.2218555585644, 0.06525922752404083]
[813.4702110841305, 213.13187842841538, 0.09473730978393657]
[801.6089670109363, 212.00480215913677, 0.09473730978393735]
[789.7477229377422, 210.87772588985817, 0.09473730978393735]
[777.886478864548, 209.75064962057957, 0.09473730978393735]
[766.0252347913539, 208.623573351301, 0.09473730978393735]
[754.1639907181598, 207.4964970820224, 0.09473730978393735]
[742.3027466449656, 206.36942081274378, 0.09473730978393735]
[730.4415025717715, 205.24234454346518, 0.09473730978393735]
[718.5802584985773, 204.11526827418658, 0.09473730978393735]
[706.7190144253832, 202.98819200490797, 0.09473730978393735]
[694.8577703521892, 201.86111573562937, 0.09473730978393735]
[682.9965262789949, 200.73403946635077, 0.09473730978393735]
[671.1352822058009, 199.60696319707216, 0.09473730978393735]
[659.2740381326067, 198.47988692779356, 0.09473730978393735]
[647.4127940594126, 197.35281065851498, 0.09473730978393735]
[635.5515499862184, 196.22573438923638, 0.09473730978393735]
[623.6903059130243, 195.09865811995778, 0.09473730978393735]
[611.8290618398302, 193.97158185067917, 0.09473730978393735]
[599.967817766636, 192.84450558140057, 0.09473730978393735]
[593.3205531147208, 191.6118927916662, 0.2719607549361651]
[582.5256088684758, 188.60150427374253, 0.27196075493616434]
[571.7306646222308, 185.59111575581886, 0.27196075493616434]
[560.9357203759857, 182.58072723789516, 0.27196075493616434]
[550.1407761297407, 179.5703387199715, 0.27196075493616434]
[539.3458318834957, 176.55995020204782, 0.27196075493616434]
[528.5508876372508, 173.54956168412411, 0.27196075493616434]
[517.7559433910058, 170.53917316620044, 0.27196075493616434]
[506.96099914476076, 167.52878464827677, 0.27196075493616434]
[496.1660548985157, 164.5183961303531, 0.27196075493616434]
[485.3711106522707, 161.50800761242942, 0.27196075493616434]
[474.57616640602566, 158.49761909450575, 0.27196075493616434]
[463.78122215978067, 155.48723057658205, 0.27196075493616434]
[452.9862779135357, 152.47684205865838, 0.27196075493616434]
[442.1913336672906, 149.4664535407347, 0.27196075493616434]
[431.3963894210456, 146.45606502281103, 0.27196075493616434]
[420.60144517480063, 143.44567650488733, 0.27196075493616434]
[409.8065009285556, 140.43528798696366, 0.27196075493616434]
[399.0115566823106, 137.42489946903999, 0.27196075493616434]
[398.3650951394635, 137.23846908053687, 0.289575020095038]
[383.23572246019955, 132.7306721763237, 0.2895750200950382]
[368.10634978093555, 128.2228752721105, 0.2895750200950382]
[352.9769771016716, 123.71507836789735, 0.2895750200950382]
[337.84760442240764, 119.20728146368417, 0.2895750200950382]
[322.71823174314363, 114.69948455947099, 0.2895750200950382]
[307.5888590638797, 110.19168765525782, 0.2895750200950382]
[292.45948638461573, 105.68389075104464, 0.2895750200950382]
[277.3301137053517, 101.17609384683146, 0.2895750200950382]
[262.20074102608777, 96.66829694261828, 0.2895750200950382]
[247.07136834682382, 92.1605000384051, 0.2895750200950382]
[231.9419956675598, 87.65270313419194, 0.2895750200950382]
[216.81262298829586, 83.14490622997876, 0.2895750200950382]
[201.68325030903188, 78.63710932576558, 0.2895750200950382]
[186.5538776297679, 74.1293124215524, 0.2895750200950382]
[171.42450495050394, 69.62151551733922, 0.2895750200950382]
[156.29513227123996, 65.11371861312605, 0.2895750200950382]
[141.16575959197598, 60.60592170891287, 0.2895750200950382]
[126.036386912712, 56.098124804699694, 0.2895750200950382]
[110.90701423344804, 51.590327900486514, 0.2895750200950382]
>>>> 
>>>> inputs
[40.0, 0.0, 0.19362807634202714]
[40.0, 0.0, 0.19362807634202714]
[40.0, 0.0, 0.19362807634202714]
[40.0, 0.0, 0.19362807634202714]
[40.0, 0.0, 0.19362807634202714]
[40.0, 0.0, 0.19362807634202714]
[40.0, 0.0, 0.19362807634202714]
[40.0, 0.0, 0.19362807634202714]
[40.0, 0.0, 0.19362807634202714]
[40.0, 0.0, 0.19362807634202714]
[40.0, 0.0, 0.19362807634202714]
[40.0, 0.0, 0.19362807634202714]
[40.0, 0.0, 0.19362807634202714]
[40.0, 0.0, 0.19362807634202714]
[40.0, 0.0, 0.19362807634202714]
[40.0, 0.0, 0.19362807634202714]
[40.0, 0.0, 0.19362807634202714]
[40.0, -0.8669840139434847, 0.19362807634202714]
[40.0, -0.8669840139434847, 0.19362807634202714]
[40.0, 0.0, 0.19362807634202714]
[40.0, 0.0, 0.23118438923731732]
[40.0, 0.0, 0.23118438923731732]
[40.0, 0.0, 0.23118438923731732]
[40.0, 0.0, 0.23118438923731732]
[40.0, 0.0, 0.23118438923731732]
[40.0, 0.0, 0.23118438923731732]
[40.0, 0.0, 0.23118438923731732]
[40.0, 0.0, 0.23118438923731732]
[40.0, 0.0, 0.23118438923731732]
[40.0, 0.0, 0.23118438923731732]
[40.0, 0.0, 0.23118438923731732]
[40.0, 0.0, 0.23118438923731732]
[40.0, 0.0, 0.23118438923731732]
[40.0, 0.0, 0.23118438923731732]
[40.0, 0.8669840139434847, 0.23118438923731732]
[40.0, 0.8669840139434847, 0.23118438923731732]
[40.0, 0.8669840139434847, 0.23118438923731732]
[40.0, 0.8669840139434847, 0.23118438923731732]
[40.0, 0.0, 0.23118438923731732]
[40.0, 0.0, 0.23118438923731732]
[40.0, 0.0, 0.1350432245822377]
[40.0, 0.0, 0.1350432245822377]
[40.0, 0.0, 0.1350432245822377]
[40.0, 0.0, 0.1350432245822377]
[40.0, 0.0, 0.1350432245822377]
[40.0, 0.0, 0.1350432245822377]
[40.0, 0.0, 0.1350432245822377]
[40.0, 0.0, 0.1350432245822377]
[40.0, 0.0, 0.1350432245822377]
[40.0, 0.0, 0.1350432245822377]
[40.0, 0.0, 0.1350432245822377]
[40.0, 0.0, 0.1350432245822377]
[40.0, 0.0, 0.1350432245822377]
[40.0, 0.0, 0.1350432245822377]
[40.0, 0.0, 0.1350432245822377]
[40.0, 0.0, 0.1350432245822377]
[40.0, -0.8669840139434847, 0.1350432245822377]
[40.0, 0.0, 0.1350432245822377]
[40.0, 0.0, 0.1350432245822377]
[40.0, 0.0, 0.1350432245822377]
[40.0, 0.0, 0.2765419190433086]
[40.0, 0.0, 0.2765419190433086]
[40.0, 0.0, 0.2765419190433086]
[40.0, 0.0, 0.2765419190433086]
[40.0, 0.0, 0.2765419190433086]
[40.0, 0.0, 0.2765419190433086]
[40.0, 0.0, 0.2765419190433086]
[40.0, 0.0, 0.2765419190433086]
[40.0, 0.0, 0.2765419190433086]
[40.0, 0.0, 0.2765419190433086]
[40.0, 0.0, 0.2765419190433086]
[40.0, 0.0, 0.2765419190433086]
[40.0, 0.0, 0.2765419190433086]
[40.0, 0.0, 0.2765419190433086]
[40.0, 0.0, 0.2765419190433086]
[40.0, -0.8669840139434847, 0.2765419190433086]
[40.0, 0.0, 0.2765419190433086]
[40.0, 0.0, 0.2765419190433086]
[40.0, 0.0, 0.2765419190433086]
[40.0, 0.0, 0.2765419190433086]
[40.0, 0.0, 0.2529949167239346]
[40.0, 0.0, 0.2529949167239346]
[40.0, 0.0, 0.2529949167239346]
[40.0, 0.0, 0.2529949167239346]
[40.0, 0.0, 0.2529949167239346]
[40.0, 0.0, 0.2529949167239346]
[40.0, 0.0, 0.2529949167239346]
[40.0, 0.0, 0.2529949167239346]
[40.0, 0.0, 0.2529949167239346]
[40.0, 0.0, 0.2529949167239346]
[40.0, 0.0, 0.2529949167239346]
[40.0, 0.0, 0.2529949167239346]
[40.0, 0.0, 0.2529949167239346]
[40.0, 0.0, 0.2529949167239346]
[40.0, -0.8669840139434847, 0.2529949167239346]
[40.0, 0.0, 0.2529949167239346]
[40.0, 0.0, 0.2529949167239346]
[40.0, 0.0, 0.2529949167239346]
[40.0, 0.0, 0.2529949167239346]
[40.0, 0.0, 0.2529949167239346]
[40.0, 0.0, 0.38875900016282416]
[40.0, 0.0, 0.38875900016282416]
[40.0, 0.0, 0.38875900016282416]
[40.0, 0.0, 0.38875900016282416]
[40.0, 0.0, 0.38875900016282416]
[40.0, 0.0, 0.38875900016282416]
[40.0, 0.0, 0.38875900016282416]
[40.0, 0.0, 0.38875900016282416]
[40.0, 0.0, 0.38875900016282416]
[40.0, 0.0, 0.38875900016282416]
[40.0, 0.0, 0.38875900016282416]
[40.0, 0.0, 0.38875900016282416]
[40.0, 0.0, 0.38875900016282416]
[40.0, 0.0, 0.38875900016282416]
>>>> 
----------------------------
Path number   : 1
Path length   : 1135.3457819487633
Time required : 56.15756797790527 s
>>>> Nodes
[1089.2720474331718, 493.80537859464187, 0.963598227812787]
[1086.709537190001, 490.1170207556348, 0.963598227812787]
[1084.14702694683, 486.4286629166278, 0.963598227812787]
[1081.5845167036591, 482.74030507762075, 0.963598227812787]
[1079.0220064604882, 479.0519472386137, 0.963598227812787]
[1076.459496217317, 475.36358939960667, 0.963598227812787]
[1073.8969859741462, 471.6752315605996, 0.963598227812787]
[1071.3344757309753, 467.9868737215926, 0.963598227812787]
[1068.7719654878044, 464.29851588258555, 0.963598227812787]
[1066.2094552446335, 460.6101580435785, 0.963598227812787]
[1063.6469450014627, 456.9218002045714, 0.963598227812787]
[1061.0844347582918, 453.2334423655644, 0.963598227812787]
[1058.5219245151209, 449.54508452655733, 0.963598227812787]
[1055.95941427195, 445.8567266875503, 0.963598227812787]
[1053.3969040287789, 442.16836884854325, 0.963598227812787]
[1050.834393785608, 438.4800110095362, 0.963598227812787]
[1048.271883542437, 434.7916531705292, 0.963598227812787]
[1045.7093732992662, 431.10329533152213, 0.963598227812787]
[1043.1468630560953, 427.4149374925151, 0.963598227812787]
[1043.0450914507073, 427.2677173262406, 0.9682837271357903]
[1040.5804853147874, 423.6845648246636, 0.9682837271357901]
[1038.1158791788673, 420.1014123230866, 0.9682837271357901]
[1035.6512730429474, 416.5182598215096, 0.9682837271357901]
[1033.1866669070273, 412.9351073199326, 0.9682837271357901]
[1030.7220607711074, 409.35195481835564, 0.9682837271357901]
[1028.2574546351873, 405.76880231677865, 0.9682837271357901]
[1025.7928484992674, 402.18564981520166, 0.9682837271357901]
[1023.3282423633473, 398.60249731362467, 0.9682837271357901]
[1020.8636362274274, 395.0193448120477, 0.9682837271357901]
[1018.3990300915074, 391.4361923104707, 0.9682837271357901]
[1015.9344239555874, 387.8530398088937, 0.9682837271357901]
[1013.4698178196674, 384.2698873073167, 0.9682837271357901]
[1011.0052116837473, 380.6867348057397, 0.9682837271357901]
[1008.5406055478273, 377.1035823041627, 0.9682837271357901]
[1006.0759994119073, 373.52042980258574, 0.9682837271357901]
[1003.6113932759873, 369.93727730100875, 0.9682837271357901]
[1001.1467871400673, 366.35412479943176, 0.9682837271357901]
[998.6821810041473, 362.77097229785477, 0.9682837271357901]
[996.2175748682273, 359.1878197962778, 0.9682837271357901]
[993.7333559626634, 355.72090087450636, 0.9470260307285763]
[991.7163760449171, 352.91804612628863, 0.9470260307285763]
[989.6993961271706, 350.1151913780709, 0.9470260307285763]
[987.6824162094243, 347.31233662985323, 0.9470260307285763]
[985.665436291678, 344.50948188163557, 0.9470260307285763]
[983.6484563739317, 341.70662713341784, 0.9470260307285763]
[981.6314764561854, 338.9037723852001, 0.9470260307285763]
[979.614496538439, 336.10091763698244, 0.9470260307285763]
[977.5975166206927, 333.2980628887648, 0.9470260307285763]
[975.5805367029463, 330.49520814054705, 0.9470260307285763]
[973.5635567852, 327.6923533923293, 0.9470260307285763]
[971.5465768674537, 324.88949864411165, 0.9470260307285763]
[969.5295969497074, 322.086643895894, 0.9470260307285763]
[967.512617031961, 319.28378914767626, 0.9470260307285763]
[965.4956371142147, 316.48093439945853, 0.9470260307285763]
[963.4786571964684, 313.67807965124086, 0.9470260307285763]
[963.4786571964684, 313.67807965124086, 0.9470260307285764]
[959.8457116161126, 309.3459899332387, 0.7988748102328158]
[955.6131033846146, 305.5976139551246, 0.6507235897370552]
[949.9618286243242, 301.2950340697254, 0.6507235897370548]
[944.3105538640339, 296.9924541843261, 0.6507235897370548]
[938.6592791037434, 292.6898742989269, 0.6507235897370548]
[933.0080043434531, 288.3872944135277, 0.6507235897370548]
[927.3567295831626, 284.0847145281284, 0.6507235897370548]
[921.7054548228722, 279.7821346427292, 0.6507235897370548]
[916.0541800625818, 275.47955475733, 0.6507235897370548]
[910.4029053022914, 271.1769748719307, 0.6507235897370548]
[904.7516305420011, 266.8743949865315, 0.6507235897370548]
[899.1003557817106, 262.5718151011323, 0.6507235897370548]
[893.4490810214202, 258.26923521573303, 0.6507235897370548]
[887.7978062611298, 253.96665533033382, 0.6507235897370548]
[882.1465315008394, 249.66407544493458, 0.6507235897370548]
[876.495256740549, 245.36149555953534, 0.6507235897370548]
[870.8439819802586, 241.0589156741361, 0.6507235897370548]
[865.1927072199683, 236.7563357887369, 0.6507235897370548]
[859.5414324596778, 232.45375590333765, 0.6507235897370548]
[859.5414324596778, 232.45375590333765, 0.6507235897370552]
[841.0520493300664, 224.93197160495518, 0.12201388632131493]
[829.2680559922047, 223.48698295198025, 0.12201388632131377]
[817.484062654343, 222.0419942990053, 0.12201388632131377]
[805.7000693164813, 220.59700564603037, 0.12201388632131377]
[793.9160759786196, 219.15201699305544, 0.12201388632131377]
[782.1320826407579, 217.7070283400805, 0.12201388632131377]
[770.3480893028961, 216.26203968710558, 0.12201388632131377]
[758.5640959650344, 214.81705103413063, 0.12201388632131377]
[746.7801026271727, 213.3720623811557, 0.12201388632131377]
[734.9961092893111, 211.92707372818077, 0.12201388632131377]
[723.2121159514493, 210.48208507520584, 0.12201388632131377]
[711.4281226135877, 209.0370964222309, 0.12201388632131377]
[699.644129275726, 207.59210776925596, 0.12201388632131377]
[687.8601359378642, 206.14711911628103, 0.12201388632131377]
[676.0761426000025, 204.7021304633061, 0.12201388632131377]
[664.2921492621408, 203.25714181033118, 0.12201388632131377]
[652.5081559242791, 201.81215315735622, 0.12201388632131377]
[640.7241625864174, 200.3671645043813, 0.12201388632131377]
[628.9401692485557, 198.92217585140637, 0.12201388632131377]
[622.7118248948087, 197.6246411773055, 0.288765484709677]
[616.9121418332254, 195.901736104926, 0.2887654847096783]
[611.1124587716421, 194.1788310325465, 0.2887654847096783]
[605.3127757100589, 192.45592596016698, 0.2887654847096783]
[599.5130926484755, 190.73302088778746, 0.2887654847096783]
[593.7134095868922, 189.01011581540797, 0.2887654847096783]
[587.9137265253089, 187.28721074302845, 0.2887654847096783]
[582.1140434637257, 185.56430567064893, 0.2887654847096783]
[576.3143604021424, 183.84140059826944, 0.2887654847096783]
[570.514677340559, 182.11849552588993, 0.2887654847096783]
[564.7149942789757, 180.3955904535104, 0.2887654847096783]
[558.9153112173924, 178.67268538113092, 0.2887654847096783]
[553.1156281558092, 176.9497803087514, 0.2887654847096783]
[547.3159450942259, 175.22687523637188, 0.2887654847096783]
[541.5162620326425, 173.50397016399236, 0.2887654847096783]
[535.7165789710592, 171.78106509161287, 0.2887654847096783]
[529.9168959094759, 170.05816001923336, 0.2887654847096783]
[524.1172128478927, 168.33525494685384, 0.2887654847096783]
[518.3175297863094, 166.61234987447435, 0.2887654847096783]
[512.517846724726, 164.88944480209483, 0.2887654847096783]
[497.399739494955, 160.58036455209182, 0.27751094820742356]
[482.69440491034953, 156.39138261391457, 0.27751094820742356]
[467.9890703257441, 152.20240067573735, 0.27751094820742356]
[453.2837357411386, 148.01341873756013, 0.27751094820742356]
[438.57840115653323, 143.82443679938288, 0.27751094820742356]
[423.8730665719278, 139.63545486120563, 0.27751094820742356]
[409.1677319873223, 135.4464729230284, 0.27751094820742356]
[394.4623974027169, 131.25749098485116, 0.27751094820742356]
[379.7570628181114, 127.06850904667391, 0.27751094820742356]
[365.051728233506, 122.87952710849667, 0.27751094820742356]
[350.3463936489006, 118.69054517031944, 0.27751094820742356]
[335.6410590642951, 114.5015632321422, 0.27751094820742356]
[320.9357244796897, 110.31258129396497, 0.27751094820742356]
[306.2303898950843, 106.12359935578772, 0.27751094820742356]
[291.5250553104788, 101.93461741761048, 0.27751094820742356]
[276.81972072587337, 97.74563547943325, 0.27751094820742356]
[262.1143861412679, 93.556653541256, 0.27751094820742356]
[247.40905155666252, 89.36767160307876, 0.27751094820742356]
[232.70371697205707, 85.17868966490153, 0.27751094820742356]
[225.6047114321464, 83.21917843987283, 0.269138170508782]
[218.81364957093888, 81.34599634575393, 0.269138170508782]
[212.02258770973134, 79.47281425163501, 0.269138170508782]
[205.2315258485238, 77.59963215751611, 0.269138170508782]
[198.44046398731632, 75.72645006339721, 0.269138170508782]
[191.64940212610878, 73.8532679692783, 0.269138170508782]
[184.85834026490124, 71.9800858751594, 0.269138170508782]
[178.06727840369376, 70.1069037810405, 0.269138170508782]
[171.27621654248622, 68.2337216869216, 0.269138170508782]
[164.4851546812787, 66.36053959280268, 0.269138170508782]
[157.69409282007118, 64.48735749868378, 0.269138170508782]
[150.90303095886367, 62.614175404564875, 0.269138170508782]
[144.11196909765613, 60.74099331044597, 0.269138170508782]
[137.32090723644862, 58.86781121632706, 0.269138170508782]
[130.5298453752411, 56.99462912220816, 0.269138170508782]
[123.73878351403357, 55.12144702808926, 0.269138170508782]
[116.94772165282606, 53.24826493397035, 0.269138170508782]
[110.15665979161854, 51.375082839851444, 0.269138170508782]
[100.0, 50.00000000000001, 0.0]
>>>> 
>>>> inputs
[40.0, 0.0, 0.10127462611331137]
[40.0, 0.0, 0.10127462611331137]
[40.0, 0.0, 0.10127462611331137]
[40.0, 0.0, 0.10127462611331137]
[40.0, 0.0, 0.10127462611331137]
[40.0, 0.0, 0.10127462611331137]
[40.0, 0.0, 0.10127462611331137]
[40.0, 0.0, 0.10127462611331137]
[40.0, 0.0, 0.10127462611331137]
[40.0, 0.0, 0.10127462611331137]
[40.0, 0.0, 0.10127462611331137]
[40.0, 0.0, 0.10127462611331137]
[40.0, 0.0, 0.10127462611331137]
[40.0, 0.0, 0.10127462611331137]
[40.0, 0.0, 0.10127462611331137]
[40.0, 0.0, 0.10127462611331137]
[40.0, 0.0, 0.10127462611331137]
[40.0, 0.0, 0.10127462611331137]
[40.0, -0.8669840139434847, 0.10127462611331137]
[40.0, 0.0, 0.10127462611331137]
[40.0, 0.0, 0.1043022673690451]
[40.0, 0.0, 0.1043022673690451]
[40.0, 0.0, 0.1043022673690451]
[40.0, 0.0, 0.1043022673690451]
[40.0, 0.0, 0.1043022673690451]
[40.0, 0.0, 0.1043022673690451]
[40.0, 0.0, 0.1043022673690451]
[40.0, 0.0, 0.1043022673690451]
[40.0, 0.0, 0.1043022673690451]
[40.0, 0.0, 0.1043022673690451]
[40.0, 0.0, 0.1043022673690451]
[40.0, 0.0, 0.1043022673690451]
[40.0, 0.0, 0.1043022673690451]
[40.0, 0.0, 0.1043022673690451]
[40.0, 0.0, 0.1043022673690451]
[40.0, 0.0, 0.1043022673690451]
[40.0, 0.0, 0.1043022673690451]
[40.0, 0.0, 0.1043022673690451]
[40.0, 0.0, 0.1043022673690451]
[40.0, 0.0, 0.1043022673690451]
[40.0, 0.0, 0.08321027724933275]
[40.0, 0.0, 0.08321027724933275]
[40.0, 0.0, 0.08321027724933275]
[40.0, 0.0, 0.08321027724933275]
[40.0, 0.0, 0.08321027724933275]
[40.0, 0.0, 0.08321027724933275]
[40.0, 0.0, 0.08321027724933275]
[40.0, 0.0, 0.08321027724933275]
[40.0, 0.0, 0.08321027724933275]
[40.0, 0.0, 0.08321027724933275]
[40.0, 0.0, 0.08321027724933275]
[40.0, 0.0, 0.08321027724933275]
[40.0, 0.0, 0.08321027724933275]
[40.0, 0.0, 0.08321027724933275]
[40.0, 0.8669840139434847, 0.08321027724933275]
[40.0, 0.8669840139434847, 0.08321027724933275]
[40.0, 0.8669840139434847, 0.08321027724933275]
[40.0, 0.0, 0.08321027724933275]
[40.0, 0.0, 0.08321027724933275]
[40.0, 0.0, 0.08321027724933275]
[40.0, 0.0, 0.17617752993945135]
[40.0, 0.0, 0.17617752993945135]
[40.0, 0.0, 0.17617752993945135]
[40.0, 0.0, 0.17617752993945135]
[40.0, 0.0, 0.17617752993945135]
[40.0, 0.0, 0.17617752993945135]
[40.0, 0.0, 0.17617752993945135]
[40.0, 0.0, 0.17617752993945135]
[40.0, 0.0, 0.17617752993945135]
[40.0, 0.0, 0.17617752993945135]
[40.0, 0.0, 0.17617752993945135]
[40.0, 0.0, 0.17617752993945135]
[40.0, 0.0, 0.17617752993945135]
[40.0, 0.0, 0.17617752993945135]
[40.0, 0.8669840139434847, 0.17617752993945135]
[40.0, 0.8669840139434847, 0.17617752993945135]
[40.0, 0.0, 0.17617752993945135]
[40.0, 0.0, 0.17617752993945135]
[40.0, 0.0, 0.17617752993945135]
[40.0, 0.0, 0.17617752993945135]
[40.0, 0.0, 0.2750875895076735]
[40.0, 0.0, 0.2750875895076735]
[40.0, 0.0, 0.2750875895076735]
[40.0, 0.0, 0.2750875895076735]
[40.0, 0.0, 0.2750875895076735]
[40.0, 0.0, 0.2750875895076735]
[40.0, 0.0, 0.2750875895076735]
[40.0, 0.0, 0.2750875895076735]
[40.0, 0.0, 0.2750875895076735]
[40.0, 0.0, 0.2750875895076735]
[40.0, 0.0, 0.2750875895076735]
[40.0, 0.0, 0.2750875895076735]
[40.0, 0.0, 0.2750875895076735]
[40.0, 0.0, 0.2750875895076735]
[40.0, -0.8669840139434847, 0.2750875895076735]
[40.0, 0.0, 0.2750875895076735]
[40.0, 0.0, 0.2750875895076735]
[40.0, 0.0, 0.2750875895076735]
[40.0, 0.0, 0.2750875895076735]
[40.0, 0.0, 0.2750875895076735]
[40.0, 0.0, 0.1442292327084102]
[40.0, 0.0, 0.1442292327084102]
[40.0, 0.0, 0.1442292327084102]
[40.0, 0.0, 0.1442292327084102]
[40.0, 0.0, 0.1442292327084102]
[40.0, 0.0, 0.1442292327084102]
[40.0, 0.0, 0.1442292327084102]
[40.0, 0.0, 0.1442292327084102]
[40.0, 0.0, 0.1442292327084102]
[40.0, 0.0, 0.1442292327084102]
[40.0, 0.0, 0.1442292327084102]
[40.0, 0.0, 0.1442292327084102]
[40.0, 0.0, 0.1442292327084102]
[40.0, 0.0, 0.1442292327084102]
[40.0, 0.0, 0.1442292327084102]
[40.0, 0.0, 0.1442292327084102]
[40.0, 0.0, 0.1442292327084102]
[40.0, 0.0, 0.1442292327084102]
[40.0, 0.0, 0.1442292327084102]
[40.0, 0.0, 0.1442292327084102]
[40.0, 0.0, 0.3635452972316594]
[40.0, 0.0, 0.3635452972316594]
[40.0, 0.0, 0.3635452972316594]
[40.0, 0.0, 0.3635452972316594]
[40.0, 0.0, 0.3635452972316594]
[40.0, 0.0, 0.3635452972316594]
[40.0, 0.0, 0.3635452972316594]
[40.0, 0.0, 0.3635452972316594]
[40.0, 0.0, 0.3635452972316594]
[40.0, 0.0, 0.3635452972316594]
[40.0, 0.0, 0.3635452972316594]
[40.0, 0.0, 0.3635452972316594]
[40.0, 0.0, 0.3635452972316594]
[40.0, 0.0, 0.3635452972316594]
[40.0, 0.0, 0.3635452972316594]
[40.0, 0.0, 0.3635452972316594]
[40.0, 0.0, 0.3635452972316594]
[40.0, 0.0, 0.3635452972316594]
[40.0, 0.0, 0.3635452972316594]
[40.0, 0.0, 0.3635452972316594]
[40.0, 0.0, 0.1713554073170704]
[40.0, 0.0, 0.1713554073170704]
[40.0, 0.0, 0.1713554073170704]
[40.0, 0.0, 0.1713554073170704]
[40.0, 0.0, 0.1713554073170704]
[40.0, 0.0, 0.1713554073170704]
[40.0, 0.0, 0.1713554073170704]
[40.0, 0.0, 0.1713554073170704]
[40.0, 0.0, 0.1713554073170704]
[40.0, 0.0, 0.1713554073170704]
[40.0, 0.0, 0.1713554073170704]
[40.0, 0.8669840139434847, 0.1713554073170704]
>>>> 
