----------------------------
RRT search Summary          
----------------------------
Map Name               : Random
Total paths found      : 1
Total number of nodes  : 1320
Total elapsed time     : 82.08364081382751 s
Solver                 : RRTstar 
----------------------------
Path number   : 0
Path length   : 1169.5743366542924
Time required : 9.961543798446655 s
>>>> Nodes
[1109.9056093395332, 501.664766915899, 0.9426335620712474]
[1107.251409629272, 498.01037750997983, 0.9426335620712474]
[1104.5972099190108, 494.35598810406066, 0.9426335620712474]
[1101.9430102087497, 490.7015986981414, 0.9426335620712474]
[1099.2888104984884, 487.04720929222225, 0.9426335620712474]
[1096.6346107882273, 483.3928198863031, 0.9426335620712474]
[1093.980411077966, 479.7384304803839, 0.9426335620712474]
[1091.326211367705, 476.0840410744647, 0.9426335620712474]
[1088.6720116574436, 472.42965166854555, 0.9426335620712474]
[1086.0178119471825, 468.77526226262637, 0.9426335620712474]
[1083.3636122369214, 465.12087285670714, 0.9426335620712474]
[1080.7094125266601, 461.46648345078796, 0.9426335620712474]
[1078.055212816399, 457.8120940448688, 0.9426335620712474]
[1075.4010131061377, 454.1577046389496, 0.9426335620712474]
[1072.7468133958766, 450.50331523303043, 0.9426335620712474]
[1070.0926136856153, 446.8489258271112, 0.9426335620712474]
[1067.4384139753543, 443.194536421192, 0.9426335620712474]
[1064.784214265093, 439.54014701527285, 0.9426335620712474]
[1062.1300145548319, 435.8857576093537, 0.9426335620712474]
[1057.379565237668, 430.49513126006093, 0.7542497213170665]
[1049.7678659057535, 423.3434374050359, 0.754249721317067]
[1042.1561665738388, 416.19174355001087, 0.754249721317067]
[1034.5444672419244, 409.0400496949859, 0.754249721317067]
[1026.9327679100097, 401.88835583996087, 0.754249721317067]
[1019.3210685780953, 394.73666198493584, 0.754249721317067]
[1011.7093692461807, 387.58496812991086, 0.754249721317067]
[1004.0976699142661, 380.43327427488583, 0.754249721317067]
[996.4859705823516, 373.2815804198608, 0.754249721317067]
[988.874271250437, 366.12988656483583, 0.754249721317067]
[981.2625719185224, 358.9781927098108, 0.754249721317067]
[973.6508725866079, 351.82649885478577, 0.754249721317067]
[966.0391732546933, 344.67480499976074, 0.754249721317067]
[958.4274739227787, 337.52311114473576, 0.754249721317067]
[950.8157745908643, 330.37141728971073, 0.754249721317067]
[943.2040752589497, 323.2197234346857, 0.754249721317067]
[935.5923759270352, 316.0680295796607, 0.754249721317067]
[927.9806765951206, 308.9163357246357, 0.754249721317067]
[920.368977263206, 301.76464186961067, 0.754249721317067]
[917.0237090448157, 298.1911796086819, 0.8824868390926452]
[911.2198887621327, 291.13484606131726, 0.8824868390926455]
[905.4160684794496, 284.07851251395266, 0.8824868390926455]
[899.6122481967665, 277.02217896658794, 0.8824868390926455]
[893.8084279140834, 269.96584541922334, 0.8824868390926455]
[888.0046076314003, 262.9095118718587, 0.8824868390926455]
[882.2007873487172, 255.85317832449402, 0.8824868390926455]
[876.3969670660341, 248.79684477712937, 0.8824868390926455]
[870.593146783351, 241.74051122976473, 0.8824868390926455]
[864.789326500668, 234.68417768240008, 0.8824868390926455]
[858.985506217985, 227.62784413503545, 0.8824868390926455]
[853.1816859353019, 220.5715105876708, 0.8824868390926455]
[847.3778656526188, 213.51517704030613, 0.8824868390926455]
[841.5740453699357, 206.4588434929415, 0.8824868390926455]
[835.7702250872526, 199.40250994557684, 0.8824868390926455]
[829.9664048045695, 192.34617639821218, 0.8824868390926455]
[824.1625845218864, 185.28984285084755, 0.8824868390926455]
[818.3587642392033, 178.2335093034829, 0.8824868390926455]
[818.3587642392033, 178.2335093034829, 0.8824868390926451]
[797.0814912475652, 165.19607740062096, 0.21698190461484756]
[787.0612349883231, 162.9870865363994, 0.2169819046148491]
[777.0409787290812, 160.77809567217787, 0.2169819046148491]
[767.0207224698393, 158.5691048079563, 0.2169819046148491]
[757.0004662105972, 156.36011394373475, 0.2169819046148491]
[746.9802099513552, 154.1511230795132, 0.2169819046148491]
[736.9599536921132, 151.94213221529165, 0.2169819046148491]
[726.9396974328712, 149.73314135107012, 0.2169819046148491]
[716.9194411736293, 147.52415048684855, 0.2169819046148491]
[706.8991849143872, 145.315159622627, 0.2169819046148491]
[696.8789286551453, 143.10616875840546, 0.2169819046148491]
[686.8586723959032, 140.8971778941839, 0.2169819046148491]
[676.8384161366613, 138.68818702996234, 0.2169819046148491]
[666.8181598774192, 136.4791961657408, 0.2169819046148491]
[656.7979036181773, 134.27020530151924, 0.2169819046148491]
[646.7776473589353, 132.06121443729768, 0.2169819046148491]
[636.7573910996933, 129.85222357307615, 0.2169819046148491]
[626.7371348404513, 127.64323270885458, 0.2169819046148491]
[616.7168785812094, 125.43424184463304, 0.2169819046148491]
[606.6966223219673, 123.22525098041149, 0.2169819046148491]
[593.3737509960902, 121.62583915585296, 0.10003257304542618]
[584.459501711294, 120.7311375886591, 0.10003257304542618]
[575.5452524264978, 119.83643602146523, 0.10003257304542618]
[566.6310031417016, 118.94173445427137, 0.10003257304542618]
[557.7167538569055, 118.0470328870775, 0.10003257304542618]
[548.8025045721092, 117.15233131988364, 0.10003257304542618]
[539.8882552873131, 116.25762975268978, 0.10003257304542618]
[530.974006002517, 115.36292818549592, 0.10003257304542618]
[522.0597567177208, 114.46822661830205, 0.10003257304542618]
[513.1455074329247, 113.57352505110819, 0.10003257304542618]
[504.2312581481284, 112.67882348391433, 0.10003257304542618]
[495.31700886333226, 111.78412191672047, 0.10003257304542618]
[486.4027595785361, 110.8894203495266, 0.10003257304542618]
[477.4885102937399, 109.99471878233274, 0.10003257304542618]
[468.5742610089437, 109.10001721513888, 0.10003257304542618]
[459.6600117241476, 108.20531564794501, 0.10003257304542618]
[450.74576243935144, 107.31061408075115, 0.10003257304542618]
[441.83151315455524, 106.41591251355729, 0.10003257304542618]
[438.23628459900607, 105.88126086858384, 0.19522645219841994]
[427.12741461874236, 103.68453623313334, 0.1952264521984198]
[416.0185446384786, 101.48781159768284, 0.1952264521984198]
[404.90967465821484, 99.29108696223233, 0.1952264521984198]
[393.8008046779511, 97.09436232678183, 0.1952264521984198]
[382.6919346976873, 94.89763769133134, 0.1952264521984198]
[371.58306471742355, 92.70091305588083, 0.1952264521984198]
[360.4741947371598, 90.50418842043032, 0.1952264521984198]
[349.36532475689603, 88.30746378497983, 0.1952264521984198]
[338.25645477663227, 86.11073914952932, 0.1952264521984198]
[327.1475847963685, 83.91401451407883, 0.1952264521984198]
[316.03871481610474, 81.71728987862832, 0.1952264521984198]
[304.929844835841, 79.52056524317783, 0.1952264521984198]
[293.8209748555772, 77.32384060772732, 0.1952264521984198]
[282.71210487531346, 75.12711597227683, 0.1952264521984198]
[271.60323489504975, 72.93039133682632, 0.1952264521984198]
[260.494364914786, 70.73366670137582, 0.1952264521984198]
[249.38549493452223, 68.53694206592532, 0.1952264521984198]
[238.27662495425847, 66.34021743047482, 0.1952264521984198]
[227.1677549739947, 64.14349279502432, 0.1952264521984198]
[217.70795198847253, 62.94920289633316, 0.1115764308278565]
[211.40490289274774, 62.2429981548872, 0.1115764308278565]
[205.10185379702295, 61.53679341344123, 0.1115764308278565]
[198.79880470129817, 60.83058867199527, 0.1115764308278565]
[192.49575560557338, 60.124383930549314, 0.1115764308278565]
[186.1927065098486, 59.41817918910335, 0.1115764308278565]
[179.8896574141238, 58.71197444765738, 0.1115764308278565]
[173.58660831839904, 58.005769706211424, 0.1115764308278565]
[167.28355922267423, 57.29956496476546, 0.1115764308278565]
[160.98051012694947, 56.5933602233195, 0.1115764308278565]
[154.67746103122465, 55.887155481873535, 0.1115764308278565]
[148.3744119354999, 55.180950740427576, 0.1115764308278565]
[142.07136283977508, 54.47474599898161, 0.1115764308278565]
[135.76831374405032, 53.76854125753565, 0.1115764308278565]
[129.46526464832553, 53.06233651608969, 0.1115764308278565]
[123.16221555260074, 52.35613177464373, 0.1115764308278565]
[116.85916645687595, 51.64992703319776, 0.1115764308278565]
[110.55611736115117, 50.943722291751804, 0.1115764308278565]
[104.25306826542638, 50.23751755030584, 0.1115764308278565]
>>>> 
>>>> inputs
[40.0, 0.0, 0.11061732511435136]
[40.0, 0.0, 0.11061732511435136]
[40.0, 0.0, 0.11061732511435136]
[40.0, 0.0, 0.11061732511435136]
[40.0, 0.0, 0.11061732511435136]
[40.0, 0.0, 0.11061732511435136]
[40.0, 0.0, 0.11061732511435136]
[40.0, 0.0, 0.11061732511435136]
[40.0, 0.0, 0.11061732511435136]
[40.0, 0.0, 0.11061732511435136]
[40.0, 0.0, 0.11061732511435136]
[40.0, 0.0, 0.11061732511435136]
[40.0, 0.0, 0.11061732511435136]
[40.0, 0.0, 0.11061732511435136]
[40.0, 0.0, 0.11061732511435136]
[40.0, 0.0, 0.11061732511435136]
[40.0, 0.0, 0.11061732511435136]
[40.0, 0.0, 0.11061732511435136]
[40.0, 0.8669840139434847, 0.11061732511435136]
[40.0, 0.0, 0.11061732511435136]
[40.0, 0.0, 0.24112101003006856]
[40.0, 0.0, 0.24112101003006856]
[40.0, 0.0, 0.24112101003006856]
[40.0, 0.0, 0.24112101003006856]
[40.0, 0.0, 0.24112101003006856]
[40.0, 0.0, 0.24112101003006856]
[40.0, 0.0, 0.24112101003006856]
[40.0, 0.0, 0.24112101003006856]
[40.0, 0.0, 0.24112101003006856]
[40.0, 0.0, 0.24112101003006856]
[40.0, 0.0, 0.24112101003006856]
[40.0, 0.0, 0.24112101003006856]
[40.0, 0.0, 0.24112101003006856]
[40.0, 0.0, 0.24112101003006856]
[40.0, 0.0, 0.24112101003006856]
[40.0, 0.0, 0.24112101003006856]
[40.0, 0.0, 0.24112101003006856]
[40.0, -0.8669840139434847, 0.24112101003006856]
[40.0, 0.0, 0.24112101003006856]
[40.0, 0.0, 0.24112101003006856]
[40.0, 0.0, 0.2259267738453472]
[40.0, 0.0, 0.2259267738453472]
[40.0, 0.0, 0.2259267738453472]
[40.0, 0.0, 0.2259267738453472]
[40.0, 0.0, 0.2259267738453472]
[40.0, 0.0, 0.2259267738453472]
[40.0, 0.0, 0.2259267738453472]
[40.0, 0.0, 0.2259267738453472]
[40.0, 0.0, 0.2259267738453472]
[40.0, 0.0, 0.2259267738453472]
[40.0, 0.0, 0.2259267738453472]
[40.0, 0.0, 0.2259267738453472]
[40.0, 0.0, 0.2259267738453472]
[40.0, 0.0, 0.2259267738453472]
[40.0, 0.0, 0.2259267738453472]
[40.0, 0.8669840139434847, 0.2259267738453472]
[40.0, 0.8669840139434847, 0.2259267738453472]
[40.0, 0.0, 0.2259267738453472]
[40.0, 0.0, 0.2259267738453472]
[40.0, 0.0, 0.2259267738453472]
[40.0, 0.0, 0.24927926116768173]
[40.0, 0.0, 0.24927926116768173]
[40.0, 0.0, 0.24927926116768173]
[40.0, 0.0, 0.24927926116768173]
[40.0, 0.0, 0.24927926116768173]
[40.0, 0.0, 0.24927926116768173]
[40.0, 0.0, 0.24927926116768173]
[40.0, 0.0, 0.24927926116768173]
[40.0, 0.0, 0.24927926116768173]
[40.0, 0.0, 0.24927926116768173]
[40.0, 0.0, 0.24927926116768173]
[40.0, 0.0, 0.24927926116768173]
[40.0, 0.0, 0.24927926116768173]
[40.0, 0.0, 0.24927926116768173]
[40.0, 0.0, 0.24927926116768173]
[40.0, 0.0, 0.24927926116768173]
[40.0, 0.0, 0.24927926116768173]
[40.0, 0.0, 0.24927926116768173]
[40.0, 0.0, 0.24927926116768173]
[40.0, 0.0, 0.24927926116768173]
[40.0, 0.0, 0.20612348940092445]
[40.0, 0.0, 0.20612348940092445]
[40.0, 0.0, 0.20612348940092445]
[40.0, 0.0, 0.20612348940092445]
[40.0, 0.0, 0.20612348940092445]
[40.0, 0.0, 0.20612348940092445]
[40.0, 0.0, 0.20612348940092445]
[40.0, 0.0, 0.20612348940092445]
[40.0, 0.0, 0.20612348940092445]
[40.0, 0.0, 0.20612348940092445]
[40.0, 0.0, 0.20612348940092445]
[40.0, 0.0, 0.20612348940092445]
[40.0, 0.0, 0.20612348940092445]
[40.0, 0.0, 0.20612348940092445]
[40.0, -0.8669840139434847, 0.20612348940092445]
[40.0, 0.0, 0.20612348940092445]
[40.0, 0.0, 0.20612348940092445]
[40.0, 0.0, 0.20612348940092445]
[40.0, 0.0, 0.20612348940092445]
[40.0, 0.0, 0.20612348940092445]
[40.0, 0.0, 0.2729385909637704]
[40.0, 0.0, 0.2729385909637704]
[40.0, 0.0, 0.2729385909637704]
[40.0, 0.0, 0.2729385909637704]
[40.0, 0.0, 0.2729385909637704]
[40.0, 0.0, 0.2729385909637704]
[40.0, 0.0, 0.2729385909637704]
[40.0, 0.0, 0.2729385909637704]
[40.0, 0.0, 0.2729385909637704]
[40.0, 0.0, 0.2729385909637704]
[40.0, 0.0, 0.2729385909637704]
[40.0, 0.0, 0.2729385909637704]
[40.0, 0.0, 0.2729385909637704]
[40.0, 0.0, 0.2729385909637704]
[40.0, 0.0, 0.2729385909637704]
[40.0, 0.0, 0.2729385909637704]
[40.0, 0.0, 0.2729385909637704]
[40.0, 0.0, 0.2729385909637704]
[40.0, 0.0, 0.2729385909637704]
[40.0, 0.0, 0.2729385909637704]
[40.0, 0.0, 0.155961470295722]
[40.0, 0.0, 0.155961470295722]
[40.0, 0.0, 0.155961470295722]
[40.0, 0.0, 0.155961470295722]
[40.0, 0.0, 0.155961470295722]
[40.0, 0.0, 0.155961470295722]
[40.0, 0.0, 0.155961470295722]
[40.0, 0.0, 0.155961470295722]
[40.0, 0.0, 0.155961470295722]
[40.0, 0.0, 0.155961470295722]
[40.0, 0.0, 0.155961470295722]
[40.0, 0.0, 0.155961470295722]
[40.0, 0.0, 0.155961470295722]
>>>> 
