----------------------------
RRT search Summary          
----------------------------
Map Name               : Random
Total paths found      : 1
Total number of nodes  : 1097
Total elapsed time     : 68.3918719291687 s
Solver                 : RRTstar 
----------------------------
Path number   : 0
Path length   : 1161.4265695503766
Time required : 30.62032723426819 s
>>>> Nodes
[1099.56259205913, 494.36087454740124, 0.988511144502727]
[1095.605174951358, 488.3505767502861, 0.988511144502727]
[1091.6477578435859, 482.34027895317104, 0.988511144502727]
[1087.6903407358138, 476.3299811560559, 0.988511144502727]
[1083.7329236280416, 470.3196833589408, 0.988511144502727]
[1079.7755065202696, 464.3093855618257, 0.988511144502727]
[1075.8180894124976, 458.2990877647106, 0.988511144502727]
[1071.8606723047253, 452.28878996759545, 0.988511144502727]
[1067.9032551969533, 446.2784921704804, 0.988511144502727]
[1063.945838089181, 440.26819437336525, 0.988511144502727]
[1059.988420981409, 434.2578965762501, 0.988511144502727]
[1056.0310038736368, 428.24759877913505, 0.988511144502727]
[1052.0735867658648, 422.2373009820199, 0.988511144502727]
[1048.1161696580928, 416.2270031849048, 0.988511144502727]
[1044.1587525503205, 410.21670538778966, 0.988511144502727]
[1040.2013354425485, 404.2064075906746, 0.988511144502727]
[1036.2439183347763, 398.19610979355946, 0.988511144502727]
[1032.2865012270042, 392.18581199644433, 0.988511144502727]
[1028.329084119232, 386.17551419932926, 0.988511144502727]
[1024.37166701146, 380.1652164022141, 0.988511144502727]
[1017.1120916975397, 371.60438428143544, 0.8182252456006636]
[1013.8736957094144, 368.14607603343075, 0.8182252456006636]
[1010.6352997212891, 364.687767785426, 0.8182252456006636]
[1007.3969037331638, 361.22945953742123, 0.8182252456006636]
[1004.1585077450385, 357.77115128941654, 0.8182252456006636]
[1000.9201117569132, 354.3128430414118, 0.8182252456006636]
[997.681715768788, 350.8545347934071, 0.8182252456006636]
[994.4433197806627, 347.3962265454023, 0.8182252456006636]
[991.2049237925374, 343.9379182973976, 0.8182252456006636]
[987.9665278044122, 340.4796100493929, 0.8182252456006636]
[984.7281318162869, 337.0213018013881, 0.8182252456006636]
[981.4897358281617, 333.5629935533834, 0.8182252456006636]
[978.2513398400364, 330.10468530537867, 0.8182252456006636]
[975.012943851911, 326.6463770573739, 0.8182252456006636]
[971.7745478637858, 323.1880688093692, 0.8182252456006636]
[968.5361518756605, 319.72976056136446, 0.8182252456006636]
[965.2977558875352, 316.27145231335976, 0.8182252456006636]
[962.05935989941, 312.813144065355, 0.8182252456006636]
[961.5665640875352, 312.2767222020316, 0.8372955333303271]
[956.4476025229447, 306.5968245592222, 0.837295533330327]
[951.3286409583543, 300.9169269164129, 0.837295533330327]
[946.2096793937637, 295.23702927360347, 0.837295533330327]
[941.0907178291733, 289.5571316307941, 0.837295533330327]
[935.9717562645828, 283.87723398798477, 0.837295533330327]
[930.8527946999923, 278.1973363451754, 0.837295533330327]
[925.7338331354018, 272.517438702366, 0.837295533330327]
[920.6148715708114, 266.83754105955666, 0.837295533330327]
[915.4959100062208, 261.1576434167473, 0.837295533330327]
[910.3769484416304, 255.47774577393795, 0.837295533330327]
[905.2579868770399, 249.7978481311286, 0.837295533330327]
[900.1390253124493, 244.11795048831922, 0.837295533330327]
[895.0200637478589, 238.43805284550987, 0.837295533330327]
[889.9011021832684, 232.7581552027005, 0.837295533330327]
[884.782140618678, 227.07825755989114, 0.837295533330327]
[879.6631790540874, 221.39835991708176, 0.837295533330327]
[874.544217489497, 215.7184622742724, 0.837295533330327]
[874.544217489497, 215.7184622742724, 0.8372955333303269]
[860.7827860423193, 205.99897257076117, 0.39256746944560095]
[856.6643299660976, 204.2936872118603, 0.3925674694456022]
[852.5458738898759, 202.5884018529594, 0.3925674694456022]
[848.4274178136542, 200.8831164940585, 0.3925674694456022]
[844.3089617374325, 199.1778311351576, 0.3925674694456022]
[840.1905056612108, 197.47254577625668, 0.3925674694456022]
[836.072049584989, 195.7672604173558, 0.3925674694456022]
[831.9535935087673, 194.0619750584549, 0.3925674694456022]
[827.8351374325456, 192.35668969955398, 0.3925674694456022]
[823.7166813563238, 190.65140434065307, 0.3925674694456022]
[819.598225280102, 188.9461189817522, 0.3925674694456022]
[815.4797692038803, 187.24083362285128, 0.3925674694456022]
[811.3613131276586, 185.53554826395037, 0.3925674694456022]
[807.2428570514369, 183.8302629050495, 0.3925674694456022]
[803.1244009752152, 182.12497754614859, 0.3925674694456022]
[799.0059448989934, 180.41969218724768, 0.3925674694456022]
[794.8874888227717, 178.71440682834677, 0.3925674694456022]
[790.76903274655, 177.0091214694459, 0.3925674694456022]
[786.6505766703283, 175.30383611054498, 0.3925674694456022]
[785.5520318214078, 174.8286769811712, 0.4239036009030257]
[777.5060404342285, 171.1978201305759, 0.423903600903025]
[769.4600490470492, 167.56696327998057, 0.423903600903025]
[761.4140576598699, 163.93610642938526, 0.423903600903025]
[753.3680662726906, 160.30524957878993, 0.423903600903025]
[745.3220748855113, 156.67439272819462, 0.423903600903025]
[737.2760834983319, 153.0435358775993, 0.423903600903025]
[729.2300921111527, 149.412679027004, 0.423903600903025]
[721.1841007239733, 145.78182217640867, 0.423903600903025]
[713.1381093367941, 142.15096532581336, 0.423903600903025]
[705.0921179496147, 138.52010847521802, 0.423903600903025]
[697.0461265624353, 134.88925162462272, 0.423903600903025]
[689.0001351752561, 131.2583947740274, 0.423903600903025]
[680.9541437880767, 127.62753792343207, 0.423903600903025]
[672.9081524008974, 123.99668107283676, 0.423903600903025]
[664.8621610137182, 120.36582422224144, 0.423903600903025]
[656.8161696265388, 116.73496737164612, 0.423903600903025]
[648.7701782393596, 113.10411052105081, 0.423903600903025]
[640.7241868521802, 109.47325367045549, 0.423903600903025]
[631.7783773707208, 106.6963624267838, 0.17806035212054216]
[622.8604133852825, 105.09142892490357, 0.17806035212054344]
[613.9424493998443, 103.48649542302336, 0.17806035212054344]
[605.0244854144061, 101.88156192114315, 0.17806035212054344]
[596.1065214289678, 100.27662841926292, 0.17806035212054344]
[587.1885574435296, 98.67169491738271, 0.17806035212054344]
[578.2705934580913, 97.0667614155025, 0.17806035212054344]
[569.352629472653, 95.46182791362227, 0.17806035212054344]
[560.4346654872148, 93.85689441174206, 0.17806035212054344]
[551.5167015017765, 92.25196090986184, 0.17806035212054344]
[542.5987375163382, 90.64702740798162, 0.17806035212054344]
[533.6807735309001, 89.0420939061014, 0.17806035212054344]
[524.7628095454618, 87.43716040422119, 0.17806035212054344]
[515.8448455600235, 85.83222690234098, 0.17806035212054344]
[506.9268815745853, 84.22729340046075, 0.17806035212054344]
[498.008917589147, 82.62235989858054, 0.17806035212054344]
[489.0909536037088, 81.01742639670032, 0.17806035212054344]
[480.17298961827055, 79.4124928948201, 0.17806035212054344]
[471.25502563283226, 77.80755939293988, 0.17806035212054344]
[462.337061647394, 76.20262589105967, 0.17806035212054344]
[446.8082188234628, 75.02117571130489, 0.058393467790590625]
[435.81569825927386, 74.37855374621323, 0.058393467790590625]
[424.82317769508484, 73.73593178112156, 0.058393467790590625]
[413.8306571308958, 73.0933098160299, 0.058393467790590625]
[402.8381365667068, 72.45068785093824, 0.058393467790590625]
[391.84561600251783, 71.80806588584657, 0.058393467790590625]
[380.8530954383288, 71.16544392075491, 0.058393467790590625]
[369.86057487413984, 70.52282195566325, 0.058393467790590625]
[358.8680543099508, 69.88019999057158, 0.058393467790590625]
[347.8755337457618, 69.23757802547993, 0.058393467790590625]
[336.8830131815728, 68.59495606038827, 0.058393467790590625]
[325.8904926173838, 67.9523340952966, 0.058393467790590625]
[314.8979720531948, 67.30971213020494, 0.058393467790590625]
[303.9054514890058, 66.66709016511328, 0.058393467790590625]
[292.9129309248168, 66.02446820002162, 0.058393467790590625]
[281.9204103606278, 65.38184623492995, 0.058393467790590625]
[270.9278897964388, 64.73922426983829, 0.058393467790590625]
[259.9353692322498, 64.09660230474663, 0.058393467790590625]
[258.7708667315964, 64.01064752531678, 0.08896419931485067]
[250.5931211833156, 63.28119547684105, 0.08896419931485029]
[242.41537563503476, 62.55174342836531, 0.08896419931485029]
[234.23763008675394, 61.822291379889585, 0.08896419931485029]
[226.0598845384731, 61.09283933141385, 0.08896419931485029]
[217.8821389901923, 60.36338728293811, 0.08896419931485029]
[209.70439344191146, 59.63393523446238, 0.08896419931485029]
[201.52664789363064, 58.90448318598665, 0.08896419931485029]
[193.3489023453498, 58.17503113751091, 0.08896419931485029]
[185.17115679706902, 57.44557908903518, 0.08896419931485029]
[176.9934112487882, 56.71612704055944, 0.08896419931485029]
[168.81566570050737, 55.98667499208371, 0.08896419931485029]
[160.63792015222654, 55.25722294360798, 0.08896419931485029]
[152.46017460394572, 54.52777089513224, 0.08896419931485029]
[144.28242905566492, 53.79831884665651, 0.08896419931485029]
[136.1046835073841, 53.06886679818077, 0.08896419931485029]
[127.92693795910326, 52.339414749705035, 0.08896419931485029]
[119.74919241082245, 51.60996270122931, 0.08896419931485029]
[111.57144686254162, 50.88051065275357, 0.08896419931485029]
[103.3937013142608, 50.151058604277836, 0.08896419931485029]
>>>> 
>>>> inputs
[40.0, 0.0, 0.1790395359835833]
[40.0, 0.0, 0.1790395359835833]
[40.0, 0.0, 0.1790395359835833]
[40.0, 0.0, 0.1790395359835833]
[40.0, 0.0, 0.1790395359835833]
[40.0, 0.0, 0.1790395359835833]
[40.0, 0.0, 0.1790395359835833]
[40.0, 0.0, 0.1790395359835833]
[40.0, 0.0, 0.1790395359835833]
[40.0, 0.0, 0.1790395359835833]
[40.0, 0.0, 0.1790395359835833]
[40.0, 0.0, 0.1790395359835833]
[40.0, 0.0, 0.1790395359835833]
[40.0, 0.0, 0.1790395359835833]
[40.0, 0.0, 0.1790395359835833]
[40.0, 0.0, 0.1790395359835833]
[40.0, 0.0, 0.1790395359835833]
[40.0, 0.0, 0.1790395359835833]
[40.0, 0.0, 0.1790395359835833]
[40.0, 0.0, 0.1790395359835833]
[40.0, 0.0, 0.10751188371941807]
[40.0, 0.0, 0.10751188371941807]
[40.0, 0.0, 0.10751188371941807]
[40.0, 0.0, 0.10751188371941807]
[40.0, 0.0, 0.10751188371941807]
[40.0, 0.0, 0.10751188371941807]
[40.0, 0.0, 0.10751188371941807]
[40.0, 0.0, 0.10751188371941807]
[40.0, 0.0, 0.10751188371941807]
[40.0, 0.0, 0.10751188371941807]
[40.0, 0.0, 0.10751188371941807]
[40.0, 0.0, 0.10751188371941807]
[40.0, 0.0, 0.10751188371941807]
[40.0, 0.0, 0.10751188371941807]
[40.0, 0.0, 0.10751188371941807]
[40.0, 0.0, 0.10751188371941807]
[40.0, 0.0, 0.10751188371941807]
[40.0, -0.8669840139434847, 0.10751188371941807]
[40.0, 0.0, 0.10751188371941807]
[40.0, 0.0, 0.10751188371941807]
[40.0, 0.0, 0.18371682674869452]
[40.0, 0.0, 0.18371682674869452]
[40.0, 0.0, 0.18371682674869452]
[40.0, 0.0, 0.18371682674869452]
[40.0, 0.0, 0.18371682674869452]
[40.0, 0.0, 0.18371682674869452]
[40.0, 0.0, 0.18371682674869452]
[40.0, 0.0, 0.18371682674869452]
[40.0, 0.0, 0.18371682674869452]
[40.0, 0.0, 0.18371682674869452]
[40.0, 0.0, 0.18371682674869452]
[40.0, 0.0, 0.18371682674869452]
[40.0, 0.0, 0.18371682674869452]
[40.0, 0.0, 0.18371682674869452]
[40.0, 0.0, 0.18371682674869452]
[40.0, 0.8669840139434847, 0.18371682674869452]
[40.0, 0.8669840139434847, 0.18371682674869452]
[40.0, 0.0, 0.18371682674869452]
[40.0, 0.0, 0.18371682674869452]
[40.0, 0.0, 0.18371682674869452]
[40.0, 0.0, 0.10179087982945723]
[40.0, 0.0, 0.10179087982945723]
[40.0, 0.0, 0.10179087982945723]
[40.0, 0.0, 0.10179087982945723]
[40.0, 0.0, 0.10179087982945723]
[40.0, 0.0, 0.10179087982945723]
[40.0, 0.0, 0.10179087982945723]
[40.0, 0.0, 0.10179087982945723]
[40.0, 0.0, 0.10179087982945723]
[40.0, 0.0, 0.10179087982945723]
[40.0, 0.0, 0.10179087982945723]
[40.0, 0.0, 0.10179087982945723]
[40.0, 0.0, 0.10179087982945723]
[40.0, 0.0, 0.10179087982945723]
[40.0, 0.0, 0.10179087982945723]
[40.0, -0.8669840139434847, 0.10179087982945723]
[40.0, 0.0, 0.10179087982945723]
[40.0, 0.0, 0.10179087982945723]
[40.0, 0.0, 0.10179087982945723]
[40.0, 0.0, 0.10179087982945723]
[40.0, 0.0, 0.2103522393667851]
[40.0, 0.0, 0.2103522393667851]
[40.0, 0.0, 0.2103522393667851]
[40.0, 0.0, 0.2103522393667851]
[40.0, 0.0, 0.2103522393667851]
[40.0, 0.0, 0.2103522393667851]
[40.0, 0.0, 0.2103522393667851]
[40.0, 0.0, 0.2103522393667851]
[40.0, 0.0, 0.2103522393667851]
[40.0, 0.0, 0.2103522393667851]
[40.0, 0.0, 0.2103522393667851]
[40.0, 0.0, 0.2103522393667851]
[40.0, 0.0, 0.2103522393667851]
[40.0, 0.0, 0.2103522393667851]
[40.0, 0.8669840139434847, 0.2103522393667851]
[40.0, 0.0, 0.2103522393667851]
[40.0, 0.0, 0.2103522393667851]
[40.0, 0.0, 0.2103522393667851]
[40.0, 0.0, 0.2103522393667851]
[40.0, 0.0, 0.2103522393667851]
[40.0, 0.0, 0.22091789069416246]
[40.0, 0.0, 0.22091789069416246]
[40.0, 0.0, 0.22091789069416246]
[40.0, 0.0, 0.22091789069416246]
[40.0, 0.0, 0.22091789069416246]
[40.0, 0.0, 0.22091789069416246]
[40.0, 0.0, 0.22091789069416246]
[40.0, 0.0, 0.22091789069416246]
[40.0, 0.0, 0.22091789069416246]
[40.0, 0.0, 0.22091789069416246]
[40.0, 0.0, 0.22091789069416246]
[40.0, 0.0, 0.22091789069416246]
[40.0, 0.0, 0.22091789069416246]
[40.0, 0.0, 0.22091789069416246]
[40.0, 0.0, 0.22091789069416246]
[40.0, 0.0, 0.22091789069416246]
[40.0, 0.0, 0.22091789069416246]
[40.0, 0.0, 0.22091789069416246]
[40.0, 0.0, 0.22091789069416246]
[40.0, 0.0, 0.22091789069416246]
[40.0, 0.0, 0.24921363300780758]
[40.0, 0.0, 0.24921363300780758]
[40.0, 0.0, 0.24921363300780758]
[40.0, 0.0, 0.24921363300780758]
[40.0, 0.0, 0.24921363300780758]
[40.0, 0.0, 0.24921363300780758]
[40.0, 0.0, 0.24921363300780758]
[40.0, 0.0, 0.24921363300780758]
[40.0, 0.0, 0.24921363300780758]
[40.0, 0.0, 0.24921363300780758]
[40.0, 0.0, 0.24921363300780758]
[40.0, 0.0, 0.24921363300780758]
[40.0, -0.8669840139434847, 0.24921363300780758]
[40.0, 0.0, 0.24921363300780758]
[40.0, 0.0, 0.24921363300780758]
[40.0, 0.0, 0.24921363300780758]
[40.0, 0.0, 0.24921363300780758]
[40.0, 0.0, 0.24921363300780758]
[40.0, 0.0, 0.24921363300780758]
[40.0, 0.0, 0.24921363300780758]
[40.0, 0.0, 0.1992403225880628]
[40.0, 0.0, 0.1992403225880628]
[40.0, 0.0, 0.1992403225880628]
[40.0, 0.0, 0.1992403225880628]
[40.0, 0.0, 0.1992403225880628]
[40.0, 0.0, 0.1992403225880628]
[40.0, 0.0, 0.1992403225880628]
[40.0, 0.0, 0.1992403225880628]
[40.0, 0.0, 0.1992403225880628]
[40.0, 0.0, 0.1992403225880628]
[40.0, 0.0, 0.1992403225880628]
[40.0, 0.0, 0.1992403225880628]
>>>> 
