----------------------------
RRT search Summary          
----------------------------
Map Name               : Random
Total paths found      : 2
Total number of nodes  : 1459
Total elapsed time     : 90.12805390357971 s
Solver                 : RRTstar 
----------------------------
Path number   : 0
Path length   : 1159.280136179474
Time required : 6.661994934082031 s
>>>> Nodes
[1085.2241892953773, 498.67324106323747, 1.0031149847198924]
[1083.4377130308517, 495.87181365238825, 1.0031149847198924]
[1081.651236766326, 493.07038624153904, 1.0031149847198924]
[1079.8647605018004, 490.2689588306898, 1.0031149847198924]
[1078.0782842372748, 487.46753141984055, 1.0031149847198924]
[1076.2918079727492, 484.66610400899134, 1.0031149847198924]
[1074.5053317082236, 481.8646765981421, 1.0031149847198924]
[1072.718855443698, 479.0632491872929, 1.0031149847198924]
[1070.9323791791724, 476.2618217764437, 1.0031149847198924]
[1069.1459029146467, 473.4603943655945, 1.0031149847198924]
[1067.3594266501213, 470.6589669547452, 1.0031149847198924]
[1065.5729503855957, 467.857539543896, 1.0031149847198924]
[1063.7864741210701, 465.0561121330468, 1.0031149847198924]
[1061.9999978565445, 462.25468472219757, 1.0031149847198924]
[1060.2135215920189, 459.45325731134835, 1.0031149847198924]
[1058.4270453274933, 456.65182990049914, 1.0031149847198924]
[1056.6405690629676, 453.85040248964987, 1.0031149847198924]
[1054.854092798442, 451.04897507880065, 1.0031149847198924]
[1053.0676165339164, 448.24754766795144, 1.0031149847198924]
[1051.2811402693908, 445.4461202571022, 1.0031149847198924]
[1045.719170131157, 436.87774863383356, 0.9949084263416903]
[1040.326827300741, 428.5729825125138, 0.9949084263416903]
[1034.9344844703246, 420.2682163911942, 0.9949084263416903]
[1029.5421416399083, 411.96345026987444, 0.9949084263416903]
[1024.149798809492, 403.65868414855476, 0.9949084263416903]
[1018.7574559790759, 395.35391802723507, 0.9949084263416903]
[1013.3651131486597, 387.0491519059153, 0.9949084263416903]
[1007.9727703182434, 378.7443857845957, 0.9949084263416903]
[1002.5804274878273, 370.43961966327595, 0.9949084263416903]
[997.188084657411, 362.13485354195626, 0.9949084263416903]
[991.7957418269948, 353.8300874206366, 0.9949084263416903]
[986.4033989965785, 345.52532129931683, 0.9949084263416903]
[981.0110561661623, 337.22055517799714, 0.9949084263416903]
[975.6187133357461, 328.91578905667745, 0.9949084263416903]
[970.2263705053299, 320.61102293535777, 0.9949084263416903]
[964.8340276749136, 312.3062568140381, 0.9949084263416903]
[959.4416848444974, 304.00149069271833, 0.9949084263416903]
[954.0493420140812, 295.69672457139865, 0.9949084263416903]
[948.656999183665, 287.39195845007896, 0.9949084263416903]
[937.9555116006277, 275.46645896666587, 0.7891199199657777]
[932.1805268801878, 269.64832728991075, 0.7891199199657777]
[926.4055421597478, 263.8301956131557, 0.7891199199657777]
[920.630557439308, 258.01206393640064, 0.7891199199657777]
[914.855572718868, 252.19393225964552, 0.7891199199657777]
[909.080587998428, 246.37580058289046, 0.7891199199657777]
[903.3056032779881, 240.55766890613538, 0.7891199199657777]
[897.5306185575481, 234.7395372293803, 0.7891199199657777]
[891.7556338371082, 228.92140555262523, 0.7891199199657777]
[885.9806491166682, 223.10327387587014, 0.7891199199657777]
[880.2056643962283, 217.28514219911506, 0.7891199199657777]
[874.4306796757884, 211.46701052236, 0.7891199199657777]
[868.6556949553484, 205.6488788456049, 0.7891199199657777]
[862.8807102349085, 199.83074716884983, 0.7891199199657777]
[857.1057255144685, 194.01261549209474, 0.7891199199657777]
[851.3307407940287, 188.19448381533968, 0.7891199199657777]
[845.5557560735887, 182.3763521385846, 0.7891199199657777]
[845.5557560735887, 182.37635213858456, 0.7891199199657767]
[828.276610981257, 172.37466228556227, 0.26029600459835134]
[817.8095796328656, 169.58688866012875, 0.26029600459835106]
[807.3425482844742, 166.79911503469526, 0.26029600459835106]
[796.8755169360828, 164.01134140926175, 0.26029600459835106]
[786.4084855876914, 161.22356778382823, 0.26029600459835106]
[775.9414542393, 158.43579415839474, 0.26029600459835106]
[765.4744228909087, 155.64802053296123, 0.26029600459835106]
[755.0073915425173, 152.8602469075277, 0.26029600459835106]
[744.5403601941259, 150.07247328209422, 0.26029600459835106]
[734.0733288457345, 147.2846996566607, 0.26029600459835106]
[723.6062974973431, 144.4969260312272, 0.26029600459835106]
[713.1392661489517, 141.7091524057937, 0.26029600459835106]
[702.6722348005603, 138.9213787803602, 0.26029600459835106]
[692.2052034521689, 136.13360515492667, 0.26029600459835106]
[681.7381721037775, 133.34583152949315, 0.26029600459835106]
[671.2711407553861, 130.55805790405967, 0.26029600459835106]
[660.8041094069947, 127.77028427862615, 0.26029600459835106]
[650.3370780586033, 124.98251065319265, 0.26029600459835106]
[639.8700467102119, 122.19473702775913, 0.26029600459835106]
[629.4030153618205, 119.40696340232563, 0.26029600459835106]
[610.2540230493596, 117.25991862603944, 0.0792530126418013]
[597.9116365327116, 116.27969417519674, 0.0792530126418013]
[585.5692500160635, 115.29946972435403, 0.0792530126418013]
[573.2268634994155, 114.31924527351133, 0.0792530126418013]
[560.8844769827674, 113.33902082266863, 0.0792530126418013]
[548.5420904661194, 112.35879637182593, 0.0792530126418013]
[536.1997039494713, 111.37857192098322, 0.0792530126418013]
[523.8573174328233, 110.39834747014052, 0.0792530126418013]
[511.5149309161752, 109.41812301929782, 0.0792530126418013]
[499.17254439952717, 108.43789856845513, 0.0792530126418013]
[486.8301578828791, 107.45767411761241, 0.0792530126418013]
[474.4877713662311, 106.47744966676972, 0.0792530126418013]
[462.1453848495831, 105.49722521592702, 0.0792530126418013]
[449.80299833293503, 104.51700076508432, 0.0792530126418013]
[437.460611816287, 103.53677631424162, 0.0792530126418013]
[425.11822529963894, 102.55655186339891, 0.0792530126418013]
[412.7758387829909, 101.57632741255621, 0.0792530126418013]
[400.43345226634284, 100.59610296171351, 0.0792530126418013]
[397.0276143341192, 100.17092139654085, 0.16914001858622463]
[381.7329984208102, 97.55903489236806, 0.1691400185862239]
[366.43838250750116, 94.9471483881953, 0.1691400185862239]
[351.14376659419213, 92.33526188402251, 0.1691400185862239]
[335.8491506808831, 89.72337537984976, 0.1691400185862239]
[320.55453476757407, 87.11148887567697, 0.1691400185862239]
[305.25991885426504, 84.4996023715042, 0.1691400185862239]
[289.965302940956, 81.88771586733142, 0.1691400185862239]
[274.6706870276469, 79.27582936315865, 0.1691400185862239]
[259.3760711143379, 76.66394285898588, 0.1691400185862239]
[244.08145520102886, 74.05205635481309, 0.1691400185862239]
[228.78683928771983, 71.44016985064033, 0.1691400185862239]
[213.4922233744108, 68.82828334646754, 0.1691400185862239]
[198.19760746110177, 66.21639684229477, 0.1691400185862239]
[182.90299154779274, 63.604510338122, 0.1691400185862239]
[167.6083756344837, 60.992623833949224, 0.1691400185862239]
[152.31375972117468, 58.38073732977645, 0.1691400185862239]
[137.01914380786565, 55.76885082560368, 0.1691400185862239]
[121.7245278945566, 53.1569643214309, 0.1691400185862239]
[106.42991198124757, 50.545077817258125, 0.1691400185862239]
>>>> 
>>>> inputs
[40.0, 0.0, 0.0793029489167877]
[40.0, 0.0, 0.0793029489167877]
[40.0, 0.0, 0.0793029489167877]
[40.0, 0.0, 0.0793029489167877]
[40.0, 0.0, 0.0793029489167877]
[40.0, 0.0, 0.0793029489167877]
[40.0, 0.0, 0.0793029489167877]
[40.0, 0.0, 0.0793029489167877]
[40.0, 0.0, 0.0793029489167877]
[40.0, 0.0, 0.0793029489167877]
[40.0, 0.0, 0.0793029489167877]
[40.0, 0.0, 0.0793029489167877]
[40.0, 0.0, 0.0793029489167877]
[40.0, 0.0, 0.0793029489167877]
[40.0, 0.0, 0.0793029489167877]
[40.0, 0.0, 0.0793029489167877]
[40.0, 0.0, 0.0793029489167877]
[40.0, 0.0, 0.0793029489167877]
[40.0, 0.0, 0.0793029489167877]
[40.0, 0.0, 0.0793029489167877]
[40.0, 0.0, 0.24499445673215692]
[40.0, 0.0, 0.24499445673215692]
[40.0, 0.0, 0.24499445673215692]
[40.0, 0.0, 0.24499445673215692]
[40.0, 0.0, 0.24499445673215692]
[40.0, 0.0, 0.24499445673215692]
[40.0, 0.0, 0.24499445673215692]
[40.0, 0.0, 0.24499445673215692]
[40.0, 0.0, 0.24499445673215692]
[40.0, 0.0, 0.24499445673215692]
[40.0, 0.0, 0.24499445673215692]
[40.0, 0.0, 0.24499445673215692]
[40.0, 0.0, 0.24499445673215692]
[40.0, 0.0, 0.24499445673215692]
[40.0, 0.0, 0.24499445673215692]
[40.0, 0.0, 0.24499445673215692]
[40.0, 0.0, 0.24499445673215692]
[40.0, 0.0, 0.24499445673215692]
[40.0, 0.0, 0.24499445673215692]
[40.0, 0.0, 0.24499445673215692]
[40.0, 0.0, 0.1994490769210476]
[40.0, 0.0, 0.1994490769210476]
[40.0, 0.0, 0.1994490769210476]
[40.0, 0.0, 0.1994490769210476]
[40.0, 0.0, 0.1994490769210476]
[40.0, 0.0, 0.1994490769210476]
[40.0, 0.0, 0.1994490769210476]
[40.0, 0.0, 0.1994490769210476]
[40.0, 0.0, 0.1994490769210476]
[40.0, 0.0, 0.1994490769210476]
[40.0, 0.0, 0.1994490769210476]
[40.0, 0.0, 0.1994490769210476]
[40.0, 0.0, 0.1994490769210476]
[40.0, 0.0, 0.1994490769210476]
[40.0, 0.0, 0.1994490769210476]
[40.0, 0.8669840139434847, 0.1994490769210476]
[40.0, 0.8669840139434847, 0.1994490769210476]
[40.0, 0.0, 0.1994490769210476]
[40.0, 0.0, 0.1994490769210476]
[40.0, 0.0, 0.1994490769210476]
[40.0, 0.0, 0.2659021961243683]
[40.0, 0.0, 0.2659021961243683]
[40.0, 0.0, 0.2659021961243683]
[40.0, 0.0, 0.2659021961243683]
[40.0, 0.0, 0.2659021961243683]
[40.0, 0.0, 0.2659021961243683]
[40.0, 0.0, 0.2659021961243683]
[40.0, 0.0, 0.2659021961243683]
[40.0, 0.0, 0.2659021961243683]
[40.0, 0.0, 0.2659021961243683]
[40.0, 0.0, 0.2659021961243683]
[40.0, 0.0, 0.2659021961243683]
[40.0, 0.0, 0.2659021961243683]
[40.0, 0.0, 0.2659021961243683]
[40.0, 0.0, 0.2659021961243683]
[40.0, 0.0, 0.2659021961243683]
[40.0, 0.0, 0.2659021961243683]
[40.0, 0.0, 0.2659021961243683]
[40.0, 0.0, 0.2659021961243683]
[40.0, 0.0, 0.2659021961243683]
[40.0, 0.0, 0.2828699073413068]
[40.0, 0.0, 0.2828699073413068]
[40.0, 0.0, 0.2828699073413068]
[40.0, 0.0, 0.2828699073413068]
[40.0, 0.0, 0.2828699073413068]
[40.0, 0.0, 0.2828699073413068]
[40.0, 0.0, 0.2828699073413068]
[40.0, 0.0, 0.2828699073413068]
[40.0, 0.0, 0.2828699073413068]
[40.0, 0.0, 0.2828699073413068]
[40.0, 0.0, 0.2828699073413068]
[40.0, 0.0, 0.2828699073413068]
[40.0, 0.0, 0.2828699073413068]
[40.0, 0.0, 0.2828699073413068]
[40.0, -0.8669840139434847, 0.2828699073413068]
[40.0, 0.0, 0.2828699073413068]
[40.0, 0.0, 0.2828699073413068]
[40.0, 0.0, 0.2828699073413068]
[40.0, 0.0, 0.2828699073413068]
[40.0, 0.0, 0.2828699073413068]
[40.0, 0.0, 0.37658158418867516]
[40.0, 0.0, 0.37658158418867516]
[40.0, 0.0, 0.37658158418867516]
[40.0, 0.0, 0.37658158418867516]
[40.0, 0.0, 0.37658158418867516]
[40.0, 0.0, 0.37658158418867516]
[40.0, 0.0, 0.37658158418867516]
[40.0, 0.0, 0.37658158418867516]
[40.0, 0.0, 0.37658158418867516]
[40.0, 0.0, 0.37658158418867516]
[40.0, 0.0, 0.37658158418867516]
[40.0, 0.0, 0.37658158418867516]
[40.0, 0.0, 0.37658158418867516]
[40.0, 0.0, 0.37658158418867516]
>>>> 
----------------------------
Path number   : 1
Path length   : 1144.660417445652
Time required : 46.57936191558838 s
>>>> Nodes
[1092.6639758732167, 487.1789696896277, 1.1415299939152201]
[1091.0438258526092, 483.6394634357686, 1.1415299939152201]
[1089.4236758320017, 480.09995718190953, 1.1415299939152201]
[1087.8035258113941, 476.5604509280504, 1.1415299939152201]
[1086.1833757907868, 473.0209446741913, 1.1415299939152201]
[1084.5632257701793, 469.4814384203322, 1.1415299939152201]
[1082.9430757495718, 465.9419321664731, 1.1415299939152201]
[1081.3229257289643, 462.40242591261404, 1.1415299939152201]
[1079.7027757083567, 458.8629196587549, 1.1415299939152201]
[1078.0826256877492, 455.3234134048958, 1.1415299939152201]
[1076.4624756671417, 451.7839071510367, 1.1415299939152201]
[1074.8423256465342, 448.2444008971776, 1.1415299939152201]
[1073.2221756259269, 444.70489464331854, 1.1415299939152201]
[1071.6020256053193, 441.1653883894594, 1.1415299939152201]
[1069.9818755847118, 437.6258821356003, 1.1415299939152201]
[1068.3617255641043, 434.0863758817412, 1.1415299939152201]
[1068.3617255641043, 434.0863758817412, 1.1415299939152197]
[1066.0486506478294, 429.78360107227206, 1.0135510959508445]
[1063.2053299301733, 425.81123226690545, 0.8855721979864692]
[1059.8782694916936, 422.23424254536496, 0.757593300022094]
[1055.5291283615952, 418.1204721723569, 0.7575933000220956]
[1051.1799872314969, 414.0067017993488, 0.7575933000220956]
[1046.8308461013985, 409.8929314263407, 0.7575933000220956]
[1042.4817049713001, 405.7791610533326, 0.7575933000220956]
[1038.1325638412018, 401.6653906803245, 0.7575933000220956]
[1033.7834227111034, 397.55162030731634, 0.7575933000220956]
[1029.434281581005, 393.43784993430825, 0.7575933000220956]
[1025.0851404509067, 389.32407956130015, 0.7575933000220956]
[1020.7359993208083, 385.21030918829206, 0.7575933000220956]
[1016.38685819071, 381.0965388152839, 0.7575933000220956]
[1012.0377170606116, 376.9827684422758, 0.7575933000220956]
[1007.6885759305133, 372.8689980692677, 0.7575933000220956]
[1003.3394348004149, 368.75522769625957, 0.7575933000220956]
[998.9902936703165, 364.6414573232515, 0.7575933000220956]
[994.6411525402182, 360.5276869502434, 0.7575933000220956]
[990.2920114101198, 356.4139165772353, 0.7575933000220956]
[985.9428702800215, 352.30014620422713, 0.7575933000220956]
[981.5937291499231, 348.18637583121904, 0.7575933000220956]
[975.8422442724186, 343.70417024519753, 0.5664044461818032]
[973.3064199045084, 342.0916206623086, 0.5664044461818049]
[970.7705955365982, 340.4790710794198, 0.5664044461818049]
[968.234771168688, 338.8665214965309, 0.5664044461818049]
[965.6989468007778, 337.25397191364203, 0.5664044461818049]
[963.1631224328676, 335.64142233075313, 0.5664044461818049]
[960.6272980649574, 334.0288727478642, 0.5664044461818049]
[958.0914736970473, 332.4163231649754, 0.5664044461818049]
[955.555649329137, 330.8037735820865, 0.5664044461818049]
[953.0198249612268, 329.1912239991976, 0.5664044461818049]
[950.4840005933166, 327.57867441630873, 0.5664044461818049]
[947.9481762254064, 325.9661248334198, 0.5664044461818049]
[945.4123518574962, 324.353575250531, 0.5664044461818049]
[942.876527489586, 322.7410256676421, 0.5664044461818049]
[942.876527489586, 322.7410256676421, 0.5664044461818065]
[940.2045196751714, 320.87723710257114, 0.6517196148740281]
[937.7010469156949, 318.7925410292449, 0.7370347835662496]
[935.3843201333028, 316.50210207757436, 0.8223499522584712]
[933.2711918105749, 314.0225815055146, 0.9076651209506927]
[931.3770334011145, 311.37201600067357, 0.9929802896429143]
[927.8828635281484, 306.01328289855365, 0.9929802896429136]
[924.3886936551822, 300.6545497964337, 0.9929802896429136]
[920.8945237822161, 295.29581669431366, 0.9929802896429136]
[917.4003539092499, 289.9370835921937, 0.9929802896429136]
[913.9061840362838, 284.5783504900737, 0.9929802896429136]
[910.4120141633176, 279.21961738795375, 0.9929802896429136]
[906.9178442903515, 273.8608842858338, 0.9929802896429136]
[903.4236744173854, 268.50215118371375, 0.9929802896429136]
[899.9295045444193, 263.1434180815938, 0.9929802896429136]
[896.4353346714531, 257.7846849794738, 0.9929802896429136]
[892.941164798487, 252.4259518773538, 0.9929802896429136]
[889.4469949255208, 247.06721877523384, 0.9929802896429136]
[885.9528250525547, 241.70848567311384, 0.9929802896429136]
[882.4586551795885, 236.34975257099387, 0.9929802896429136]
[882.4586551795885, 236.3497525709939, 0.9929802896429141]
[876.3714288759164, 229.14597309545488, 0.7454388058936898]
[868.7046768238683, 223.6532801514855, 0.49789732214446536]
[859.9257988890953, 220.20653313282173, 0.2503558383952411]
[850.5699951588599, 219.01586132009243, 0.00281435464601687]
[843.0257758483382, 218.99462915536813, 0.002814354646018509]
[835.4815565378165, 218.97339699064386, 0.002814354646018509]
[827.9373372272947, 218.95216482591957, 0.002814354646018509]
[820.393117916773, 218.9309326611953, 0.002814354646018509]
[812.8488986062513, 218.909700496471, 0.002814354646018509]
[805.3046792957296, 218.8884683317467, 0.002814354646018509]
[797.7604599852078, 218.86723616702244, 0.002814354646018509]
[790.2162406746861, 218.84600400229814, 0.002814354646018509]
[782.6720213641643, 218.82477183757388, 0.002814354646018509]
[775.1278020536425, 218.80353967284958, 0.002814354646018509]
[767.5835827431208, 218.7823075081253, 0.002814354646018509]
[760.0393634325991, 218.76107534340102, 0.002814354646018509]
[752.4951441220774, 218.73984317867672, 0.002814354646018509]
[744.9509248115556, 218.71861101395245, 0.002814354646018509]
[737.4067055010339, 218.69737884922816, 0.002814354646018509]
[729.8624861905122, 218.6761466845039, 0.002814354646018509]
[722.3182668799905, 218.6549145197796, 0.002814354646018509]
[722.3182668799905, 218.65491451977962, 0.002814354646017092]
[714.6870759111436, 217.86292860224245, 0.20401068764305386]
[705.0165529870187, 215.8622042912877, 0.20401068764305488]
[695.346030062894, 213.86147998033297, 0.20401068764305488]
[685.6755071387693, 211.86075566937825, 0.20401068764305488]
[676.0049842146444, 209.8600313584235, 0.20401068764305488]
[666.3344612905197, 207.85930704746875, 0.20401068764305488]
[656.6639383663949, 205.85858273651402, 0.20401068764305488]
[646.9934154422701, 203.8578584255593, 0.20401068764305488]
[637.3228925181453, 201.85713411460455, 0.20401068764305488]
[627.6523695940206, 199.8564098036498, 0.20401068764305488]
[617.9818466698957, 197.85568549269507, 0.20401068764305488]
[608.311323745771, 195.85496118174035, 0.20401068764305488]
[598.6408008216463, 193.8542368707856, 0.20401068764305488]
[588.9702778975214, 191.85351255983085, 0.20401068764305488]
[579.2997549733967, 189.85278824887612, 0.20401068764305488]
[569.6292320492719, 187.8520639379214, 0.20401068764305488]
[559.9587091251472, 185.85133962696665, 0.20401068764305488]
[550.2881862010223, 183.8506153160119, 0.20401068764305488]
[540.6176632768976, 181.84989100505717, 0.20401068764305488]
[536.9113672735324, 180.88708809357698, 0.30430383306103637]
[525.2831865015207, 177.23516225171954, 0.30430383306103553]
[513.655005729509, 173.58323640986205, 0.30430383306103553]
[502.0268249574972, 169.93131056800456, 0.30430383306103553]
[490.3986441854854, 166.2793847261471, 0.30430383306103553]
[478.7704634134737, 162.6274588842896, 0.30430383306103553]
[467.142282641462, 158.97553304243212, 0.30430383306103553]
[455.5141018694502, 155.32360720057466, 0.30430383306103553]
[443.8859210974385, 151.67168135871717, 0.30430383306103553]
[432.25774032542677, 148.01975551685968, 0.30430383306103553]
[420.629559553415, 144.3678296750022, 0.30430383306103553]
[409.0013787814033, 140.71590383314472, 0.30430383306103553]
[397.37319800939156, 137.06397799128726, 0.30430383306103553]
[385.7450172373798, 133.41205214942977, 0.30430383306103553]
[374.11683646536807, 129.7601263075723, 0.30430383306103553]
[362.48865569335635, 126.10820046571482, 0.30430383306103553]
[350.8604749213446, 122.45627462385734, 0.30430383306103553]
[339.23229414933286, 118.80434878199985, 0.30430383306103553]
[327.6041133773211, 115.15242294014237, 0.30430383306103553]
[315.97593260530937, 111.5004970982849, 0.30430383306103553]
[304.47635416624325, 108.13331488504043, 0.28420273809608737]
[293.71156756907686, 104.98881188518772, 0.28420273809608737]
[282.94678097191047, 101.84430888533498, 0.28420273809608737]
[272.181994374744, 98.69980588548228, 0.28420273809608737]
[261.4172077775776, 95.55530288562954, 0.28420273809608737]
[250.6524211804112, 92.41079988577683, 0.28420273809608737]
[239.8876345832448, 89.2662968859241, 0.28420273809608737]
[229.12284798607837, 86.12179388607137, 0.28420273809608737]
[218.35806138891195, 82.97729088621867, 0.28420273809608737]
[207.59327479174556, 79.83278788636594, 0.28420273809608737]
[196.8284881945791, 76.68828488651322, 0.28420273809608737]
[186.06370159741272, 73.5437818866605, 0.28420273809608737]
[175.2989150002463, 70.39927888680778, 0.28420273809608737]
[164.53412840307988, 67.25477588695506, 0.28420273809608737]
[153.76934180591346, 64.11027288710234, 0.28420273809608737]
[143.00455520874704, 60.965769887249614, 0.28420273809608737]
[132.23976861158064, 57.821266887396895, 0.28420273809608737]
[121.47498201441422, 54.67676388754417, 0.28420273809608737]
[110.7101954172478, 51.53226088769145, 0.28420273809608737]
>>>> 
>>>> inputs
[40.0, 0.0, 0.09131945634367675]
[40.0, 0.0, 0.09131945634367675]
[40.0, 0.0, 0.09131945634367675]
[40.0, 0.0, 0.09131945634367675]
[40.0, 0.0, 0.09131945634367675]
[40.0, 0.0, 0.09131945634367675]
[40.0, 0.0, 0.09131945634367675]
[40.0, 0.0, 0.09131945634367675]
[40.0, 0.0, 0.09131945634367675]
[40.0, 0.0, 0.09131945634367675]
[40.0, 0.0, 0.09131945634367675]
[40.0, 0.0, 0.09131945634367675]
[40.0, 0.0, 0.09131945634367675]
[40.0, 0.0, 0.09131945634367675]
[40.0, 0.0, 0.09131945634367675]
[40.0, 0.8669840139434847, 0.09131945634367675]
[40.0, 0.8669840139434847, 0.09131945634367675]
[40.0, 0.8669840139434847, 0.09131945634367675]
[40.0, 0.8669840139434847, 0.09131945634367675]
[40.0, 0.0, 0.09131945634367675]
[40.0, 0.0, 0.14382475702461125]
[40.0, 0.0, 0.14382475702461125]
[40.0, 0.0, 0.14382475702461125]
[40.0, 0.0, 0.14382475702461125]
[40.0, 0.0, 0.14382475702461125]
[40.0, 0.0, 0.14382475702461125]
[40.0, 0.0, 0.14382475702461125]
[40.0, 0.0, 0.14382475702461125]
[40.0, 0.0, 0.14382475702461125]
[40.0, 0.0, 0.14382475702461125]
[40.0, 0.0, 0.14382475702461125]
[40.0, 0.0, 0.14382475702461125]
[40.0, 0.0, 0.14382475702461125]
[40.0, 0.0, 0.14382475702461125]
[40.0, 0.0, 0.14382475702461125]
[40.0, 0.0, 0.14382475702461125]
[40.0, 0.0, 0.14382475702461125]
[40.0, 0.8669840139434847, 0.14382475702461125]
[40.0, 0.0, 0.14382475702461125]
[40.0, 0.0, 0.14382475702461125]
[40.0, 0.0, 0.06920062908769017]
[40.0, 0.0, 0.06920062908769017]
[40.0, 0.0, 0.06920062908769017]
[40.0, 0.0, 0.06920062908769017]
[40.0, 0.0, 0.06920062908769017]
[40.0, 0.0, 0.06920062908769017]
[40.0, 0.0, 0.06920062908769017]
[40.0, 0.0, 0.06920062908769017]
[40.0, 0.0, 0.06920062908769017]
[40.0, 0.0, 0.06920062908769017]
[40.0, 0.0, 0.06920062908769017]
[40.0, -0.8669840139434847, 0.06920062908769017]
[40.0, -0.8669840139434847, 0.06920062908769017]
[40.0, -0.8669840139434847, 0.06920062908769017]
[40.0, -0.8669840139434847, 0.06920062908769017]
[40.0, -0.8669840139434847, 0.06920062908769017]
[40.0, -0.8669840139434847, 0.06920062908769017]
[40.0, 0.0, 0.06920062908769017]
[40.0, 0.0, 0.06920062908769017]
[40.0, 0.0, 0.06920062908769017]
[40.0, 0.0, 0.1592294122570077]
[40.0, 0.0, 0.1592294122570077]
[40.0, 0.0, 0.1592294122570077]
[40.0, 0.0, 0.1592294122570077]
[40.0, 0.0, 0.1592294122570077]
[40.0, 0.0, 0.1592294122570077]
[40.0, 0.0, 0.1592294122570077]
[40.0, 0.0, 0.1592294122570077]
[40.0, 0.0, 0.1592294122570077]
[40.0, 0.0, 0.1592294122570077]
[40.0, 0.0, 0.1592294122570077]
[40.0, 0.8669840139434847, 0.1592294122570077]
[40.0, 0.8669840139434847, 0.1592294122570077]
[40.0, 0.8669840139434847, 0.1592294122570077]
[40.0, 0.8669840139434847, 0.1592294122570077]
[40.0, 0.8669840139434847, 0.1592294122570077]
[40.0, 0.0, 0.1592294122570077]
[40.0, 0.0, 0.1592294122570077]
[40.0, 0.0, 0.1592294122570077]
[40.0, 0.0, 0.1592294122570077]
[40.0, 0.0, 0.16992171252272859]
[40.0, 0.0, 0.16992171252272859]
[40.0, 0.0, 0.16992171252272859]
[40.0, 0.0, 0.16992171252272859]
[40.0, 0.0, 0.16992171252272859]
[40.0, 0.0, 0.16992171252272859]
[40.0, 0.0, 0.16992171252272859]
[40.0, 0.0, 0.16992171252272859]
[40.0, 0.0, 0.16992171252272859]
[40.0, 0.0, 0.16992171252272859]
[40.0, 0.0, 0.16992171252272859]
[40.0, 0.0, 0.16992171252272859]
[40.0, 0.0, 0.16992171252272859]
[40.0, -0.8669840139434847, 0.16992171252272859]
[40.0, -0.8669840139434847, 0.16992171252272859]
[40.0, 0.0, 0.16992171252272859]
[40.0, 0.0, 0.16992171252272859]
[40.0, 0.0, 0.16992171252272859]
[40.0, 0.0, 0.16992171252272859]
[40.0, 0.0, 0.16992171252272859]
[40.0, 0.0, 0.2269833065552515]
[40.0, 0.0, 0.2269833065552515]
[40.0, 0.0, 0.2269833065552515]
[40.0, 0.0, 0.2269833065552515]
[40.0, 0.0, 0.2269833065552515]
[40.0, 0.0, 0.2269833065552515]
[40.0, 0.0, 0.2269833065552515]
[40.0, 0.0, 0.2269833065552515]
[40.0, 0.0, 0.2269833065552515]
[40.0, 0.0, 0.2269833065552515]
[40.0, 0.0, 0.2269833065552515]
[40.0, 0.0, 0.2269833065552515]
[40.0, 0.0, 0.2269833065552515]
[40.0, -0.8669840139434847, 0.2269833065552515]
[40.0, 0.0, 0.2269833065552515]
[40.0, 0.0, 0.2269833065552515]
[40.0, 0.0, 0.2269833065552515]
[40.0, 0.0, 0.2269833065552515]
[40.0, 0.0, 0.2269833065552515]
[40.0, 0.0, 0.2269833065552515]
[40.0, 0.0, 0.2904284652321324]
[40.0, 0.0, 0.2904284652321324]
[40.0, 0.0, 0.2904284652321324]
[40.0, 0.0, 0.2904284652321324]
[40.0, 0.0, 0.2904284652321324]
[40.0, 0.0, 0.2904284652321324]
[40.0, 0.0, 0.2904284652321324]
[40.0, 0.0, 0.2904284652321324]
[40.0, 0.0, 0.2904284652321324]
[40.0, 0.0, 0.2904284652321324]
[40.0, 0.0, 0.2904284652321324]
[40.0, 0.0, 0.2904284652321324]
[40.0, 0.0, 0.2904284652321324]
[40.0, 0.0, 0.2904284652321324]
[40.0, 0.0, 0.2904284652321324]
[40.0, 0.0, 0.2904284652321324]
[40.0, 0.0, 0.2904284652321324]
[40.0, 0.0, 0.2904284652321324]
[40.0, 0.0, 0.2904284652321324]
[40.0, 0.0, 0.2904284652321324]
[40.0, 0.0, 0.27991778278396684]
[40.0, 0.0, 0.27991778278396684]
[40.0, 0.0, 0.27991778278396684]
[40.0, 0.0, 0.27991778278396684]
[40.0, 0.0, 0.27991778278396684]
[40.0, 0.0, 0.27991778278396684]
[40.0, 0.0, 0.27991778278396684]
[40.0, 0.0, 0.27991778278396684]
[40.0, 0.0, 0.27991778278396684]
[40.0, 0.0, 0.27991778278396684]
[40.0, 0.0, 0.27991778278396684]
[40.0, 0.0, 0.27991778278396684]
>>>> 
