----------------------------
RRT search Summary          
----------------------------
Map Name               : Random
Total paths found      : 2
Total number of nodes  : 1368
Total elapsed time     : 81.0326840877533 s
Solver                 : RRTstar 
----------------------------
Path number   : 0
Path length   : 1200.6515891217307
Time required : 11.38969612121582 s
>>>> Nodes
[1099.6642831956333, 503.13743255994075, 1.1212093029738501]
[1097.719339379739, 499.10684373256163, 1.1212093029738501]
[1095.7743955638448, 495.0762549051825, 1.1212093029738501]
[1093.8294517479508, 491.0456660778034, 1.1212093029738501]
[1091.8845079320565, 487.01507725042427, 1.1212093029738501]
[1089.9395641161623, 482.98448842304515, 1.1212093029738501]
[1087.994620300268, 478.953899595666, 1.1212093029738501]
[1086.049676484374, 474.92331076828685, 1.1212093029738501]
[1084.1047326684798, 470.89272194090773, 1.1212093029738501]
[1082.1597888525855, 466.8621331135286, 1.1212093029738501]
[1080.2148450366913, 462.8315442861495, 1.1212093029738501]
[1078.2699012207972, 458.8009554587704, 1.1212093029738501]
[1076.324957404903, 454.77036663139125, 1.1212093029738501]
[1074.3800135890087, 450.7397778040121, 1.1212093029738501]
[1072.4350697731145, 446.70918897663296, 1.1212093029738501]
[1070.4901259572205, 442.67860014925384, 1.1212093029738501]
[1068.5451821413262, 438.6480113218747, 1.1212093029738501]
[1066.600238325432, 434.6174224944956, 1.1212093029738501]
[1066.600238325432, 434.6174224944956, 1.1212093029738486]
[1064.4720001826747, 429.1800657103428, 1.2742239264610906]
[1061.6726107041727, 420.01929908083554, 1.2742239264610904]
[1058.8732212256707, 410.8585324513283, 1.2742239264610904]
[1056.0738317471687, 401.69776582182106, 1.2742239264610904]
[1053.274442268667, 392.53699919231383, 1.2742239264610904]
[1050.475052790165, 383.3762325628066, 1.2742239264610904]
[1047.675663311663, 374.21546593329936, 1.2742239264610904]
[1044.876273833161, 365.05469930379206, 1.2742239264610904]
[1042.076884354659, 355.8939326742849, 1.2742239264610904]
[1039.2774948761569, 346.7331660447776, 1.2742239264610904]
[1036.4781053976549, 337.57239941527035, 1.2742239264610904]
[1033.6787159191529, 328.4116327857631, 1.2742239264610904]
[1030.8793264406509, 319.2508661562559, 1.2742239264610904]
[1028.079936962149, 310.09009952674865, 1.2742239264610904]
[1025.280547483647, 300.9293328972414, 1.2742239264610904]
[1022.4811580051451, 291.7685662677342, 1.2742239264610904]
[1019.681768526643, 282.60779963822694, 1.2742239264610904]
[1019.681768526643, 282.60779963822694, 1.2742239264610904]
[1013.1641379607441, 270.14223535690985, 0.9038473073935088]
[1002.5763436767152, 260.88111159981264, 0.5334706883259273]
[996.2167620394426, 257.12521453108104, 0.5334706883259277]
[989.8571804021701, 253.36931746234944, 0.5334706883259277]
[983.4975987648976, 249.61342039361784, 0.5334706883259277]
[977.1380171276251, 245.85752332488624, 0.5334706883259277]
[970.7784354903526, 242.10162625615465, 0.5334706883259277]
[964.4188538530801, 238.34572918742305, 0.5334706883259277]
[958.0592722158076, 234.58983211869145, 0.5334706883259277]
[951.6996905785351, 230.83393504995985, 0.5334706883259277]
[945.3401089412625, 227.07803798122825, 0.5334706883259277]
[938.98052730399, 223.32214091249665, 0.5334706883259277]
[932.6209456667175, 219.56624384376505, 0.5334706883259277]
[926.261364029445, 215.81034677503345, 0.5334706883259277]
[919.9017823921724, 212.05444970630185, 0.5334706883259277]
[913.5422007549, 208.29855263757025, 0.5334706883259277]
[907.1826191176275, 204.54265556883865, 0.5334706883259277]
[900.823037480355, 200.78675850010706, 0.5334706883259277]
[894.4634558430824, 197.03086143137546, 0.5334706883259277]
[888.1038742058099, 193.27496436264386, 0.5334706883259277]
[878.0439917471431, 189.13301882614553, 0.2476823717133585]
[868.8673405079217, 186.81247644371965, 0.24768237171335916]
[859.6906892687001, 184.49193406129376, 0.24768237171335916]
[850.5140380294787, 182.17139167886785, 0.24768237171335916]
[841.3373867902571, 179.85084929644194, 0.24768237171335916]
[832.1607355510357, 177.53030691401605, 0.24768237171335916]
[822.9840843118143, 175.20976453159014, 0.24768237171335916]
[813.8074330725929, 172.88922214916425, 0.24768237171335916]
[804.6307818333713, 170.56867976673834, 0.24768237171335916]
[795.4541305941499, 168.24813738431243, 0.24768237171335916]
[786.2774793549285, 165.92759500188654, 0.24768237171335916]
[777.1008281157069, 163.60705261946063, 0.24768237171335916]
[767.9241768764855, 161.28651023703475, 0.24768237171335916]
[758.7475256372641, 158.96596785460883, 0.24768237171335916]
[749.5708743980425, 156.64542547218292, 0.24768237171335916]
[740.3942231588211, 154.32488308975704, 0.24768237171335916]
[731.2175719195997, 152.00434070733112, 0.24768237171335916]
[722.0409206803781, 149.68379832490524, 0.24768237171335916]
[712.8642694411567, 147.36325594247933, 0.24768237171335916]
[709.1507955418052, 146.22038571255973, 0.34944482386083653]
[705.291387023749, 144.81401928939067, 0.34944482386083736]
[701.4319785056928, 143.40765286622164, 0.34944482386083736]
[697.5725699876366, 142.0012864430526, 0.34944482386083736]
[693.7131614695804, 140.59492001988355, 0.34944482386083736]
[689.8537529515243, 139.1885535967145, 0.34944482386083736]
[685.9943444334681, 137.78218717354548, 0.34944482386083736]
[682.1349359154118, 136.37582075037645, 0.34944482386083736]
[678.2755273973556, 134.96945432720742, 0.34944482386083736]
[674.4161188792995, 133.56308790403838, 0.34944482386083736]
[670.5567103612433, 132.15672148086935, 0.34944482386083736]
[666.697301843187, 130.7503550577003, 0.34944482386083736]
[662.8378933251308, 129.34398863453126, 0.34944482386083736]
[658.9784848070747, 127.93762221136222, 0.34944482386083736]
[655.1190762890185, 126.53125578819319, 0.34944482386083736]
[651.2596677709622, 125.12488936502416, 0.34944482386083736]
[647.400259252906, 123.71852294185511, 0.34944482386083736]
[643.5408507348499, 122.31215651868608, 0.34944482386083736]
[643.5408507348499, 122.31215651868607, 0.3494448238608363]
[633.9591096112333, 120.16395925439822, 0.09165511465326226]
[624.6854159023532, 119.31158963398516, 0.09165511465326301]
[615.411722193473, 118.45922001357211, 0.09165511465326301]
[606.1380284845928, 117.60685039315905, 0.09165511465326301]
[596.8643347757127, 116.75448077274598, 0.09165511465326301]
[587.5906410668325, 115.9021111523329, 0.09165511465326301]
[578.3169473579524, 115.04974153191985, 0.09165511465326301]
[569.0432536490722, 114.19737191150679, 0.09165511465326301]
[559.769559940192, 113.34500229109372, 0.09165511465326301]
[550.4958662313119, 112.49263267068065, 0.09165511465326301]
[541.2221725224317, 111.64026305026759, 0.09165511465326301]
[531.9484788135516, 110.78789342985453, 0.09165511465326301]
[522.6747851046714, 109.93552380944146, 0.09165511465326301]
[513.4010913957912, 109.08315418902839, 0.09165511465326301]
[504.1273976869111, 108.23078456861533, 0.09165511465326301]
[494.8537039780309, 107.37841494820228, 0.09165511465326301]
[485.58001026915076, 106.5260453277892, 0.09165511465326301]
[476.3063165602706, 105.67367570737613, 0.09165511465326301]
[467.03262285139044, 104.82130608696308, 0.09165511465326301]
[460.95220436144933, 103.76168387360713, 0.2534154948232583]
[456.5930683792389, 102.63274047594253, 0.2534154948232584]
[452.2339323970285, 101.50379707827793, 0.2534154948232584]
[447.8747964148181, 100.37485368061334, 0.2534154948232584]
[443.51566043260766, 99.24591028294874, 0.2534154948232584]
[439.1565244503973, 98.11696688528414, 0.2534154948232584]
[434.79738846818685, 96.98802348761956, 0.2534154948232584]
[430.4382524859765, 95.85908008995496, 0.2534154948232584]
[426.07911650376604, 94.73013669229036, 0.2534154948232584]
[421.7199805215556, 93.60119329462577, 0.2534154948232584]
[417.36084453934524, 92.47224989696117, 0.2534154948232584]
[413.0017085571348, 91.34330649929657, 0.2534154948232584]
[408.64257257492443, 90.21436310163197, 0.2534154948232584]
[404.283436592714, 89.08541970396739, 0.2534154948232584]
[399.92430061050356, 87.95647630630279, 0.2534154948232584]
[395.5651646282932, 86.82753290863819, 0.2534154948232584]
[391.20602864608276, 85.69858951097359, 0.2534154948232584]
[386.8468926638724, 84.569646113309, 0.2534154948232584]
[382.48775668166195, 83.4407027156444, 0.2534154948232584]
[377.6977698892403, 82.52183739601065, 0.12564055419450249]
[368.7766627008533, 81.39504930646761, 0.12564055419450204]
[359.85555551246637, 80.26826121692457, 0.12564055419450204]
[350.9344483240793, 79.14147312738153, 0.12564055419450204]
[342.0133411356924, 78.01468503783849, 0.12564055419450204]
[333.0922339473054, 76.88789694829545, 0.12564055419450204]
[324.1711267589184, 75.76110885875241, 0.12564055419450204]
[315.2500195705314, 74.63432076920937, 0.12564055419450204]
[306.3289123821444, 73.50753267966633, 0.12564055419450204]
[297.40780519375744, 72.38074459012329, 0.12564055419450204]
[288.4866980053704, 71.25395650058024, 0.12564055419450204]
[279.56559081698344, 70.1271684110372, 0.12564055419450204]
[270.64448362859645, 69.00038032149416, 0.12564055419450204]
[261.72337644020945, 67.87359223195112, 0.12564055419450204]
[252.80226925182245, 66.74680414240808, 0.12564055419450204]
[243.88116206343548, 65.62001605286504, 0.12564055419450204]
[234.96005487504848, 64.493227963322, 0.12564055419450204]
[226.0389476866615, 63.366439873778965, 0.12564055419450204]
[217.11784049827452, 62.239651784235924, 0.12564055419450204]
[208.19673330988752, 61.112863694692884, 0.12564055419450204]
[201.93954371465333, 60.44981144446727, 0.10417382402774021]
[196.49689983044823, 59.88077048139419, 0.10417382402774021]
[191.0542559462432, 59.3117295183211, 0.10417382402774021]
[185.6116120620381, 58.742688555248016, 0.10417382402774021]
[180.16896817783302, 58.17364759217494, 0.10417382402774021]
[174.72632429362795, 57.60460662910185, 0.10417382402774021]
[169.28368040942289, 57.035565666028766, 0.10417382402774021]
[163.84103652521782, 56.46652470295568, 0.10417382402774021]
[158.39839264101272, 55.8974837398826, 0.10417382402774021]
[152.95574875680768, 55.32844277680952, 0.10417382402774021]
[147.51310487260258, 54.75940181373643, 0.10417382402774021]
[142.0704609883975, 54.19036085066335, 0.10417382402774021]
[136.62781710419245, 53.62131988759027, 0.10417382402774021]
[131.18517321998738, 53.05227892451718, 0.10417382402774021]
[125.7425293357823, 52.483237961444104, 0.10417382402774021]
[120.29988545157723, 51.91419699837102, 0.10417382402774021]
[114.85724156737216, 51.34515603529793, 0.10417382402774021]
[109.41459768316707, 50.776115072224854, 0.10417382402774021]
[103.971953798962, 50.20707410915177, 0.10417382402774021]
>>>> 
>>>> inputs
[40.0, 0.0, 0.10240637378447566]
[40.0, 0.0, 0.10240637378447566]
[40.0, 0.0, 0.10240637378447566]
[40.0, 0.0, 0.10240637378447566]
[40.0, 0.0, 0.10240637378447566]
[40.0, 0.0, 0.10240637378447566]
[40.0, 0.0, 0.10240637378447566]
[40.0, 0.0, 0.10240637378447566]
[40.0, 0.0, 0.10240637378447566]
[40.0, 0.0, 0.10240637378447566]
[40.0, 0.0, 0.10240637378447566]
[40.0, 0.0, 0.10240637378447566]
[40.0, 0.0, 0.10240637378447566]
[40.0, 0.0, 0.10240637378447566]
[40.0, 0.0, 0.10240637378447566]
[40.0, 0.0, 0.10240637378447566]
[40.0, 0.0, 0.10240637378447566]
[40.0, -0.8669840139434847, 0.10240637378447566]
[40.0, -0.8669840139434847, 0.10240637378447566]
[40.0, 0.0, 0.10240637378447566]
[40.0, 0.0, 0.22694730294875565]
[40.0, 0.0, 0.22694730294875565]
[40.0, 0.0, 0.22694730294875565]
[40.0, 0.0, 0.22694730294875565]
[40.0, 0.0, 0.22694730294875565]
[40.0, 0.0, 0.22694730294875565]
[40.0, 0.0, 0.22694730294875565]
[40.0, 0.0, 0.22694730294875565]
[40.0, 0.0, 0.22694730294875565]
[40.0, 0.0, 0.22694730294875565]
[40.0, 0.0, 0.22694730294875565]
[40.0, 0.0, 0.22694730294875565]
[40.0, 0.0, 0.22694730294875565]
[40.0, 0.0, 0.22694730294875565]
[40.0, 0.0, 0.22694730294875565]
[40.0, 0.8669840139434847, 0.22694730294875565]
[40.0, 0.8669840139434847, 0.22694730294875565]
[40.0, 0.8669840139434847, 0.22694730294875565]
[40.0, 0.0, 0.22694730294875565]
[40.0, 0.0, 0.22694730294875565]
[40.0, 0.0, 0.17982740978852738]
[40.0, 0.0, 0.17982740978852738]
[40.0, 0.0, 0.17982740978852738]
[40.0, 0.0, 0.17982740978852738]
[40.0, 0.0, 0.17982740978852738]
[40.0, 0.0, 0.17982740978852738]
[40.0, 0.0, 0.17982740978852738]
[40.0, 0.0, 0.17982740978852738]
[40.0, 0.0, 0.17982740978852738]
[40.0, 0.0, 0.17982740978852738]
[40.0, 0.0, 0.17982740978852738]
[40.0, 0.0, 0.17982740978852738]
[40.0, 0.0, 0.17982740978852738]
[40.0, 0.0, 0.17982740978852738]
[40.0, 0.0, 0.17982740978852738]
[40.0, 0.0, 0.17982740978852738]
[40.0, 0.8669840139434847, 0.17982740978852738]
[40.0, 0.0, 0.17982740978852738]
[40.0, 0.0, 0.17982740978852738]
[40.0, 0.0, 0.17982740978852738]
[40.0, 0.0, 0.21783273300746667]
[40.0, 0.0, 0.21783273300746667]
[40.0, 0.0, 0.21783273300746667]
[40.0, 0.0, 0.21783273300746667]
[40.0, 0.0, 0.21783273300746667]
[40.0, 0.0, 0.21783273300746667]
[40.0, 0.0, 0.21783273300746667]
[40.0, 0.0, 0.21783273300746667]
[40.0, 0.0, 0.21783273300746667]
[40.0, 0.0, 0.21783273300746667]
[40.0, 0.0, 0.21783273300746667]
[40.0, 0.0, 0.21783273300746667]
[40.0, 0.0, 0.21783273300746667]
[40.0, 0.0, 0.21783273300746667]
[40.0, 0.0, 0.21783273300746667]
[40.0, -0.8669840139434847, 0.21783273300746667]
[40.0, 0.0, 0.21783273300746667]
[40.0, 0.0, 0.21783273300746667]
[40.0, 0.0, 0.21783273300746667]
[40.0, 0.0, 0.21783273300746667]
[40.0, 0.0, 0.09959640441878438]
[40.0, 0.0, 0.09959640441878438]
[40.0, 0.0, 0.09959640441878438]
[40.0, 0.0, 0.09959640441878438]
[40.0, 0.0, 0.09959640441878438]
[40.0, 0.0, 0.09959640441878438]
[40.0, 0.0, 0.09959640441878438]
[40.0, 0.0, 0.09959640441878438]
[40.0, 0.0, 0.09959640441878438]
[40.0, 0.0, 0.09959640441878438]
[40.0, 0.0, 0.09959640441878438]
[40.0, 0.0, 0.09959640441878438]
[40.0, 0.0, 0.09959640441878438]
[40.0, 0.8669840139434847, 0.09959640441878438]
[40.0, 0.8669840139434847, 0.09959640441878438]
[40.0, 0.0, 0.09959640441878438]
[40.0, 0.0, 0.09959640441878438]
[40.0, 0.0, 0.09959640441878438]
[40.0, 0.0, 0.09959640441878438]
[40.0, 0.0, 0.09959640441878438]
[40.0, 0.0, 0.21726110886934552]
[40.0, 0.0, 0.21726110886934552]
[40.0, 0.0, 0.21726110886934552]
[40.0, 0.0, 0.21726110886934552]
[40.0, 0.0, 0.21726110886934552]
[40.0, 0.0, 0.21726110886934552]
[40.0, 0.0, 0.21726110886934552]
[40.0, 0.0, 0.21726110886934552]
[40.0, 0.0, 0.21726110886934552]
[40.0, 0.0, 0.21726110886934552]
[40.0, 0.0, 0.21726110886934552]
[40.0, 0.0, 0.21726110886934552]
[40.0, 0.0, 0.21726110886934552]
[40.0, -0.8669840139434847, 0.21726110886934552]
[40.0, 0.0, 0.21726110886934552]
[40.0, 0.0, 0.21726110886934552]
[40.0, 0.0, 0.21726110886934552]
[40.0, 0.0, 0.21726110886934552]
[40.0, 0.0, 0.21726110886934552]
[40.0, 0.0, 0.21726110886934552]
[40.0, 0.0, 0.10741723149696766]
[40.0, 0.0, 0.10741723149696766]
[40.0, 0.0, 0.10741723149696766]
[40.0, 0.0, 0.10741723149696766]
[40.0, 0.0, 0.10741723149696766]
[40.0, 0.0, 0.10741723149696766]
[40.0, 0.0, 0.10741723149696766]
[40.0, 0.0, 0.10741723149696766]
[40.0, 0.0, 0.10741723149696766]
[40.0, 0.0, 0.10741723149696766]
[40.0, 0.0, 0.10741723149696766]
[40.0, 0.0, 0.10741723149696766]
[40.0, 0.8669840139434847, 0.10741723149696766]
[40.0, 0.0, 0.10741723149696766]
[40.0, 0.0, 0.10741723149696766]
[40.0, 0.0, 0.10741723149696766]
[40.0, 0.0, 0.10741723149696766]
[40.0, 0.0, 0.10741723149696766]
[40.0, 0.0, 0.10741723149696766]
[40.0, 0.0, 0.10741723149696766]
[40.0, 0.0, 0.21458461864727624]
[40.0, 0.0, 0.21458461864727624]
[40.0, 0.0, 0.21458461864727624]
[40.0, 0.0, 0.21458461864727624]
[40.0, 0.0, 0.21458461864727624]
[40.0, 0.0, 0.21458461864727624]
[40.0, 0.0, 0.21458461864727624]
[40.0, 0.0, 0.21458461864727624]
[40.0, 0.0, 0.21458461864727624]
[40.0, 0.0, 0.21458461864727624]
[40.0, 0.0, 0.21458461864727624]
[40.0, 0.0, 0.21458461864727624]
[40.0, 0.0, 0.21458461864727624]
[40.0, 0.0, 0.21458461864727624]
[40.0, 0.0, 0.21458461864727624]
[40.0, 0.0, 0.21458461864727624]
[40.0, 0.0, 0.21458461864727624]
[40.0, 0.0, 0.21458461864727624]
[40.0, 0.0, 0.21458461864727624]
[40.0, 0.0, 0.21458461864727624]
[40.0, 0.0, 0.13494130344056413]
[40.0, 0.0, 0.13494130344056413]
[40.0, 0.0, 0.13494130344056413]
[40.0, 0.0, 0.13494130344056413]
[40.0, 0.0, 0.13494130344056413]
[40.0, 0.0, 0.13494130344056413]
[40.0, 0.0, 0.13494130344056413]
[40.0, 0.0, 0.13494130344056413]
[40.0, 0.0, 0.13494130344056413]
[40.0, 0.0, 0.13494130344056413]
[40.0, 0.0, 0.13494130344056413]
>>>> 
----------------------------
Path number   : 1
Path length   : 1146.367253334541
Time required : 25.28344202041626 s
>>>> Nodes
[1090.864206682603, 486.4067776339053, 1.0545030155233863]
[1087.1554096194395, 479.87318384121585, 1.0545030155233863]
[1083.4466125562758, 473.3395900485264, 1.0545030155233863]
[1079.7378154931123, 466.805996255837, 1.0545030155233863]
[1076.0290184299486, 460.27240246314756, 1.0545030155233863]
[1072.320221366785, 453.7388086704581, 1.0545030155233863]
[1068.6114243036216, 447.2052148777687, 1.0545030155233863]
[1064.9026272404578, 440.67162108507927, 1.0545030155233863]
[1061.1938301772943, 434.1380272923898, 1.0545030155233863]
[1057.4850331141306, 427.60443349970035, 1.0545030155233863]
[1053.776236050967, 421.0708397070109, 1.0545030155233863]
[1050.0674389878036, 414.5372459143215, 1.0545030155233863]
[1046.3586419246399, 408.00365212163206, 1.0545030155233863]
[1042.6498448614764, 401.4700583289426, 1.0545030155233863]
[1038.9410477983129, 394.9364645362532, 1.0545030155233863]
[1035.2322507351491, 388.40287074356377, 1.0545030155233863]
[1031.5234536719856, 381.86927695087434, 1.0545030155233863]
[1027.814656608822, 375.3356831581849, 1.0545030155233863]
[1024.1058595456584, 368.8020893654955, 1.0545030155233863]
[1017.9779687200066, 360.7302598917072, 0.7884013843616191]
[1015.7085077570077, 358.44712644061696, 0.7884013843616196]
[1013.4390467940088, 356.1639929895267, 0.7884013843616196]
[1011.1695858310101, 353.8808595384365, 0.7884013843616196]
[1008.9001248680112, 351.59772608734625, 0.7884013843616196]
[1006.6306639050123, 349.31459263625595, 0.7884013843616196]
[1004.3612029420134, 347.0314591851657, 0.7884013843616196]
[1002.0917419790145, 344.7483257340755, 0.7884013843616196]
[999.8222810160157, 342.46519228298524, 0.7884013843616196]
[997.5528200530168, 340.182058831895, 0.7884013843616196]
[995.2833590900179, 337.89892538080477, 0.7884013843616196]
[993.013898127019, 335.61579192971453, 0.7884013843616196]
[990.7444371640203, 333.3326584786243, 0.7884013843616196]
[988.4749762010214, 331.04952502753406, 0.7884013843616196]
[986.2055152380225, 328.76639157644377, 0.7884013843616196]
[983.9360542750236, 326.48325812535353, 0.7884013843616196]
[981.6665933120247, 324.2001246742633, 0.7884013843616196]
[979.3971323490259, 321.91699122317306, 0.7884013843616196]
[977.127671386027, 319.6338577720828, 0.7884013843616196]
[974.8582104230281, 317.3507243209926, 0.7884013843616196]
[969.1231890894683, 311.7664876062395, 0.7713872112777542]
[963.8502286075794, 306.6392532914848, 0.7713872112777542]
[958.5772681256905, 301.51201897673013, 0.7713872112777542]
[953.3043076438015, 296.38478466197546, 0.7713872112777542]
[948.0313471619127, 291.25755034722073, 0.7713872112777542]
[942.7583866800237, 286.13031603246606, 0.7713872112777542]
[937.4854261981347, 281.0030817177114, 0.7713872112777542]
[932.2124657162459, 275.8758474029567, 0.7713872112777542]
[926.939505234357, 270.74861308820203, 0.7713872112777542]
[921.666544752468, 265.62137877344736, 0.7713872112777542]
[916.3935842705791, 260.49414445869263, 0.7713872112777542]
[911.1206237886902, 255.366910143938, 0.7713872112777542]
[905.8476633068012, 250.23967582918328, 0.7713872112777542]
[900.5747028249124, 245.1124415144286, 0.7713872112777542]
[895.3017423430234, 239.98520719967394, 0.7713872112777542]
[890.0287818611345, 234.85797288491926, 0.7713872112777542]
[884.7558213792456, 229.73073857016456, 0.7713872112777542]
[879.4828608973567, 224.6035042554099, 0.7713872112777542]
[870.7132491268952, 218.2235707740836, 0.48650872890736707]
[863.6373737167797, 214.48105595210652, 0.4865087289073667]
[856.5614983066641, 210.73854113012942, 0.4865087289073667]
[849.4856228965486, 206.99602630815235, 0.4865087289073667]
[842.409747486433, 203.25351148617526, 0.4865087289073667]
[835.3338720763176, 199.51099666419816, 0.4865087289073667]
[828.257996666202, 195.7684818422211, 0.4865087289073667]
[821.1821212560865, 192.025967020244, 0.4865087289073667]
[814.106245845971, 188.2834521982669, 0.4865087289073667]
[807.0303704358554, 184.54093737628983, 0.4865087289073667]
[799.9544950257399, 180.79842255431274, 0.4865087289073667]
[792.8786196156243, 177.05590773233564, 0.4865087289073667]
[785.8027442055088, 173.31339291035854, 0.4865087289073667]
[778.7268687953932, 169.57087808838148, 0.4865087289073667]
[771.6509933852777, 165.82836326640438, 0.4865087289073667]
[764.5751179751621, 162.08584844442728, 0.4865087289073667]
[757.4992425650466, 158.3433336224502, 0.4865087289073667]
[750.423367154931, 154.60081880047312, 0.4865087289073667]
[743.3474917448156, 150.85830397849602, 0.4865087289073667]
[732.2318132929261, 147.0262154884024, 0.17746482174407663]
[724.639647454783, 145.66454835412378, 0.17746482174407716]
[717.0474816166399, 144.30288121984518, 0.17746482174407716]
[709.4553157784967, 142.94121408556654, 0.17746482174407716]
[701.8631499403537, 141.57954695128794, 0.17746482174407716]
[694.2709841022105, 140.2178798170093, 0.17746482174407716]
[686.6788182640673, 138.8562126827307, 0.17746482174407716]
[679.0866524259243, 137.49454554845207, 0.17746482174407716]
[671.4944865877811, 136.13287841417343, 0.17746482174407716]
[663.9023207496381, 134.77121127989483, 0.17746482174407716]
[656.3101549114949, 133.4095441456162, 0.17746482174407716]
[648.7179890733519, 132.0478770113376, 0.17746482174407716]
[641.1258232352087, 130.68620987705896, 0.17746482174407716]
[633.5336573970656, 129.32454274278035, 0.17746482174407716]
[625.9414915589225, 127.96287560850172, 0.17746482174407716]
[618.3493257207793, 126.6012084742231, 0.17746482174407716]
[610.7571598826363, 125.23954133994448, 0.17746482174407716]
[603.1649940444931, 123.87787420566585, 0.17746482174407716]
[595.5728282063501, 122.51620707138723, 0.17746482174407716]
[587.9806623682069, 121.15453993710861, 0.17746482174407716]
[582.6475386429258, 120.44341198031461, 0.12140797451172758]
[579.431488020087, 120.05102799137, 0.12140797451172758]
[576.2154373972481, 119.65864400242539, 0.12140797451172758]
[572.9993867744092, 119.26626001348079, 0.12140797451172758]
[569.7833361515704, 118.87387602453617, 0.12140797451172758]
[566.5672855287315, 118.48149203559157, 0.12140797451172758]
[563.3512349058927, 118.08910804664696, 0.12140797451172758]
[560.1351842830538, 117.69672405770235, 0.12140797451172758]
[556.919133660215, 117.30434006875774, 0.12140797451172758]
[553.7030830373761, 116.91195607981312, 0.12140797451172758]
[550.4870324145372, 116.51957209086852, 0.12140797451172758]
[547.2709817916984, 116.1271881019239, 0.12140797451172758]
[544.0549311688595, 115.7348041129793, 0.12140797451172758]
[540.8388805460206, 115.34242012403469, 0.12140797451172758]
[537.6228299231818, 114.95003613509009, 0.12140797451172758]
[534.4067793003429, 114.55765214614547, 0.12140797451172758]
[531.1907286775041, 114.16526815720087, 0.12140797451172758]
[527.9746780546652, 113.77288416825625, 0.12140797451172758]
[525.4816960178914, 113.38477712000375, 0.18747227185210602]
[515.8515673373201, 111.55794282068705, 0.18747227185210488]
[506.2214386567488, 109.73110852137034, 0.18747227185210488]
[496.5913099761775, 107.90427422205366, 0.18747227185210488]
[486.96118129560614, 106.07743992273696, 0.18747227185210488]
[477.3310526150349, 104.25060562342026, 0.18747227185210488]
[467.70092393446356, 102.42377132410357, 0.18747227185210488]
[458.07079525389224, 100.59693702478687, 0.18747227185210488]
[448.4406665733209, 98.77010272547017, 0.18747227185210488]
[438.8105378927496, 96.94326842615347, 0.18747227185210488]
[429.1804092121783, 95.11643412683677, 0.18747227185210488]
[419.550280531607, 93.28959982752008, 0.18747227185210488]
[409.92015185103565, 91.46276552820338, 0.18747227185210488]
[400.29002317046434, 89.63593122888668, 0.18747227185210488]
[390.6598944898931, 87.80909692956999, 0.18747227185210488]
[381.02976580932176, 85.98226263025329, 0.18747227185210488]
[371.39963712875044, 84.15542833093659, 0.18747227185210488]
[361.7695084481791, 82.32859403161989, 0.18747227185210488]
[352.1393797676078, 80.5017597323032, 0.18747227185210488]
[342.5092510870365, 78.6749254329865, 0.18747227185210488]
[333.3783892891394, 77.42078361565801, 0.1295467876730456]
[326.4320747416267, 76.51584285663628, 0.1295467876730456]
[319.48576019411405, 75.61090209761454, 0.1295467876730456]
[312.5394456466014, 74.70596133859281, 0.1295467876730456]
[305.59313109908874, 73.80102057957109, 0.1295467876730456]
[298.6468165515761, 72.89607982054936, 0.1295467876730456]
[291.70050200406337, 71.99113906152763, 0.1295467876730456]
[284.7541874565507, 71.08619830250589, 0.1295467876730456]
[277.80787290903805, 70.18125754348416, 0.1295467876730456]
[270.8615583615254, 69.27631678446244, 0.1295467876730456]
[263.9152438140127, 68.37137602544071, 0.1295467876730456]
[256.9689292665, 67.46643526641898, 0.1295467876730456]
[250.02261471898737, 66.56149450739726, 0.1295467876730456]
[243.07630017147468, 65.65655374837552, 0.1295467876730456]
[236.12998562396203, 64.75161298935379, 0.1295467876730456]
[229.18367107644934, 63.84667223033206, 0.1295467876730456]
[222.2373565289367, 62.941731471310334, 0.1295467876730456]
[215.291041981424, 62.0367907122886, 0.1295467876730456]
[208.34472743391134, 61.13184995326687, 0.1295467876730456]
[201.93954371465333, 60.44981144446727, 0.10417382402774021]
[196.49689983044823, 59.88077048139419, 0.10417382402774021]
[191.0542559462432, 59.3117295183211, 0.10417382402774021]
[185.6116120620381, 58.742688555248016, 0.10417382402774021]
[180.16896817783302, 58.17364759217494, 0.10417382402774021]
[174.72632429362795, 57.60460662910185, 0.10417382402774021]
[169.28368040942289, 57.035565666028766, 0.10417382402774021]
[163.84103652521782, 56.46652470295568, 0.10417382402774021]
[158.39839264101272, 55.8974837398826, 0.10417382402774021]
[152.95574875680768, 55.32844277680952, 0.10417382402774021]
[147.51310487260258, 54.75940181373643, 0.10417382402774021]
[142.0704609883975, 54.19036085066335, 0.10417382402774021]
[136.62781710419245, 53.62131988759027, 0.10417382402774021]
[131.18517321998738, 53.05227892451718, 0.10417382402774021]
[125.7425293357823, 52.483237961444104, 0.10417382402774021]
[120.29988545157723, 51.91419699837102, 0.10417382402774021]
[114.85724156737216, 51.34515603529793, 0.10417382402774021]
[109.41459768316707, 50.776115072224854, 0.10417382402774021]
[103.971953798962, 50.20707410915177, 0.10417382402774021]
>>>> 
>>>> inputs
[40.0, 0.0, 0.1817447042827737]
[40.0, 0.0, 0.1817447042827737]
[40.0, 0.0, 0.1817447042827737]
[40.0, 0.0, 0.1817447042827737]
[40.0, 0.0, 0.1817447042827737]
[40.0, 0.0, 0.1817447042827737]
[40.0, 0.0, 0.1817447042827737]
[40.0, 0.0, 0.1817447042827737]
[40.0, 0.0, 0.1817447042827737]
[40.0, 0.0, 0.1817447042827737]
[40.0, 0.0, 0.1817447042827737]
[40.0, 0.0, 0.1817447042827737]
[40.0, 0.0, 0.1817447042827737]
[40.0, 0.0, 0.1817447042827737]
[40.0, 0.0, 0.1817447042827737]
[40.0, 0.0, 0.1817447042827737]
[40.0, 0.0, 0.1817447042827737]
[40.0, 0.0, 0.1817447042827737]
[40.0, 0.8669840139434847, 0.1817447042827737]
[40.0, 0.0, 0.1817447042827737]
[40.0, 0.0, 0.07726800829109885]
[40.0, 0.0, 0.07726800829109885]
[40.0, 0.0, 0.07726800829109885]
[40.0, 0.0, 0.07726800829109885]
[40.0, 0.0, 0.07726800829109885]
[40.0, 0.0, 0.07726800829109885]
[40.0, 0.0, 0.07726800829109885]
[40.0, 0.0, 0.07726800829109885]
[40.0, 0.0, 0.07726800829109885]
[40.0, 0.0, 0.07726800829109885]
[40.0, 0.0, 0.07726800829109885]
[40.0, 0.0, 0.07726800829109885]
[40.0, 0.0, 0.07726800829109885]
[40.0, 0.0, 0.07726800829109885]
[40.0, 0.0, 0.07726800829109885]
[40.0, 0.0, 0.07726800829109885]
[40.0, 0.0, 0.07726800829109885]
[40.0, 0.0, 0.07726800829109885]
[40.0, 0.0, 0.07726800829109885]
[40.0, 0.0, 0.07726800829109885]
[40.0, 0.0, 0.1790842739739509]
[40.0, 0.0, 0.1790842739739509]
[40.0, 0.0, 0.1790842739739509]
[40.0, 0.0, 0.1790842739739509]
[40.0, 0.0, 0.1790842739739509]
[40.0, 0.0, 0.1790842739739509]
[40.0, 0.0, 0.1790842739739509]
[40.0, 0.0, 0.1790842739739509]
[40.0, 0.0, 0.1790842739739509]
[40.0, 0.0, 0.1790842739739509]
[40.0, 0.0, 0.1790842739739509]
[40.0, 0.0, 0.1790842739739509]
[40.0, 0.0, 0.1790842739739509]
[40.0, 0.0, 0.1790842739739509]
[40.0, 0.0, 0.1790842739739509]
[40.0, 0.0, 0.1790842739739509]
[40.0, 0.8669840139434847, 0.1790842739739509]
[40.0, 0.0, 0.1790842739739509]
[40.0, 0.0, 0.1790842739739509]
[40.0, 0.0, 0.1790842739739509]
[40.0, 0.0, 0.19486039642839703]
[40.0, 0.0, 0.19486039642839703]
[40.0, 0.0, 0.19486039642839703]
[40.0, 0.0, 0.19486039642839703]
[40.0, 0.0, 0.19486039642839703]
[40.0, 0.0, 0.19486039642839703]
[40.0, 0.0, 0.19486039642839703]
[40.0, 0.0, 0.19486039642839703]
[40.0, 0.0, 0.19486039642839703]
[40.0, 0.0, 0.19486039642839703]
[40.0, 0.0, 0.19486039642839703]
[40.0, 0.0, 0.19486039642839703]
[40.0, 0.0, 0.19486039642839703]
[40.0, 0.0, 0.19486039642839703]
[40.0, 0.0, 0.19486039642839703]
[40.0, 0.8669840139434847, 0.19486039642839703]
[40.0, 0.0, 0.19486039642839703]
[40.0, 0.0, 0.19486039642839703]
[40.0, 0.0, 0.19486039642839703]
[40.0, 0.0, 0.19486039642839703]
[40.0, 0.0, 0.185867581060907]
[40.0, 0.0, 0.185867581060907]
[40.0, 0.0, 0.185867581060907]
[40.0, 0.0, 0.185867581060907]
[40.0, 0.0, 0.185867581060907]
[40.0, 0.0, 0.185867581060907]
[40.0, 0.0, 0.185867581060907]
[40.0, 0.0, 0.185867581060907]
[40.0, 0.0, 0.185867581060907]
[40.0, 0.0, 0.185867581060907]
[40.0, 0.0, 0.185867581060907]
[40.0, 0.0, 0.185867581060907]
[40.0, 0.0, 0.185867581060907]
[40.0, 0.0, 0.185867581060907]
[40.0, 0.0, 0.185867581060907]
[40.0, 0.0, 0.185867581060907]
[40.0, 0.0, 0.185867581060907]
[40.0, 0.0, 0.185867581060907]
[40.0, 0.0, 0.185867581060907]
[40.0, 0.0, 0.185867581060907]
[40.0, 0.0, 0.0760520697661987]
[40.0, 0.0, 0.0760520697661987]
[40.0, 0.0, 0.0760520697661987]
[40.0, 0.0, 0.0760520697661987]
[40.0, 0.0, 0.0760520697661987]
[40.0, 0.0, 0.0760520697661987]
[40.0, 0.0, 0.0760520697661987]
[40.0, 0.0, 0.0760520697661987]
[40.0, 0.0, 0.0760520697661987]
[40.0, 0.0, 0.0760520697661987]
[40.0, 0.0, 0.0760520697661987]
[40.0, 0.0, 0.0760520697661987]
[40.0, 0.0, 0.0760520697661987]
[40.0, -0.8669840139434847, 0.0760520697661987]
[40.0, 0.0, 0.0760520697661987]
[40.0, 0.0, 0.0760520697661987]
[40.0, 0.0, 0.0760520697661987]
[40.0, 0.0, 0.0760520697661987]
[40.0, 0.0, 0.0760520697661987]
[40.0, 0.0, 0.0760520697661987]
[40.0, 0.0, 0.23556020693347302]
[40.0, 0.0, 0.23556020693347302]
[40.0, 0.0, 0.23556020693347302]
[40.0, 0.0, 0.23556020693347302]
[40.0, 0.0, 0.23556020693347302]
[40.0, 0.0, 0.23556020693347302]
[40.0, 0.0, 0.23556020693347302]
[40.0, 0.0, 0.23556020693347302]
[40.0, 0.0, 0.23556020693347302]
[40.0, 0.0, 0.23556020693347302]
[40.0, 0.0, 0.23556020693347302]
[40.0, 0.0, 0.23556020693347302]
[40.0, 0.0, 0.23556020693347302]
[40.0, 0.0, 0.23556020693347302]
[40.0, 0.0, 0.23556020693347302]
[40.0, 0.0, 0.23556020693347302]
[40.0, 0.0, 0.23556020693347302]
[40.0, 0.0, 0.23556020693347302]
[40.0, 0.0, 0.23556020693347302]
[40.0, 0.0, 0.23556020693347302]
[40.0, 0.0, 0.16758052249081287]
[40.0, 0.0, 0.16758052249081287]
[40.0, 0.0, 0.16758052249081287]
[40.0, 0.0, 0.16758052249081287]
[40.0, 0.0, 0.16758052249081287]
[40.0, 0.0, 0.16758052249081287]
[40.0, 0.0, 0.16758052249081287]
[40.0, 0.0, 0.16758052249081287]
[40.0, 0.0, 0.16758052249081287]
[40.0, 0.0, 0.16758052249081287]
[40.0, 0.0, 0.16758052249081287]
[40.0, 0.0, 0.16758052249081287]
[40.0, 0.0, 0.16758052249081287]
[40.0, 0.0, 0.16758052249081287]
[40.0, 0.0, 0.16758052249081287]
[40.0, 0.0, 0.16758052249081287]
[40.0, 0.0, 0.16758052249081287]
[40.0, 0.0, 0.16758052249081287]
[40.0, 0.0, 0.16758052249081287]
[40.0, 0.0, 0.16758052249081287]
[40.0, 0.0, 0.13494130344056413]
[40.0, 0.0, 0.13494130344056413]
[40.0, 0.0, 0.13494130344056413]
[40.0, 0.0, 0.13494130344056413]
[40.0, 0.0, 0.13494130344056413]
[40.0, 0.0, 0.13494130344056413]
[40.0, 0.0, 0.13494130344056413]
[40.0, 0.0, 0.13494130344056413]
[40.0, 0.0, 0.13494130344056413]
[40.0, 0.0, 0.13494130344056413]
[40.0, 0.0, 0.13494130344056413]
>>>> 
