----------------------------
RRT search Summary          
----------------------------
Map Name               : Random
Total paths found      : 1
Total number of nodes  : 805
Total elapsed time     : 55.503681659698486 s
Solver                 : RRTstar 
----------------------------
Path number   : 0
Path length   : 1277.5207011181058
Time required : 24.310428857803345 s
>>>> Nodes
[1088.1457994700693, 510.5148765178762, 1.1005554884492794]
[1084.300918079379, 502.95021680686534, 1.1005554884492794]
[1080.456036688689, 495.38555709585444, 1.1005554884492794]
[1076.6111552979987, 487.82089738484353, 1.1005554884492794]
[1072.7662739073085, 480.25623767383263, 1.1005554884492794]
[1068.9213925166182, 472.6915779628218, 1.1005554884492794]
[1065.076511125928, 465.1269182518109, 1.1005554884492794]
[1061.231629735238, 457.56225854080003, 1.1005554884492794]
[1057.3867483445476, 449.9975988297891, 1.1005554884492794]
[1053.5418669538574, 442.4329391187782, 1.1005554884492794]
[1049.6969855631673, 434.8682794077674, 1.1005554884492794]
[1045.852104172477, 427.30361969675647, 1.1005554884492794]
[1042.0072227817868, 419.7389599857456, 1.1005554884492794]
[1038.1623413910966, 412.1743002747347, 1.1005554884492794]
[1034.3174600004063, 404.6096405637238, 1.1005554884492794]
[1030.4725786097163, 397.04498085271297, 1.1005554884492794]
[1026.627697219026, 389.48032114170206, 1.1005554884492794]
[1022.7828158283357, 381.9156614306912, 1.1005554884492794]
[1018.9379344376456, 374.3510017196803, 1.1005554884492794]
[1016.3700075146455, 367.9094609973205, 1.2823512813627373]
[1014.1358382940226, 360.37991087130695, 1.2823512813627382]
[1011.9016690733996, 352.8503607452934, 1.2823512813627382]
[1009.6674998527766, 345.3208106192799, 1.2823512813627382]
[1007.4333306321536, 337.79126049326635, 1.2823512813627382]
[1005.1991614115304, 330.2617103672529, 1.2823512813627382]
[1002.9649921909074, 322.73216024123934, 1.2823512813627382]
[1000.7308229702844, 315.20261011522587, 1.2823512813627382]
[998.4966537496614, 307.67305998921233, 1.2823512813627382]
[996.2624845290384, 300.1435098631988, 1.2823512813627382]
[994.0283153084154, 292.6139597371853, 1.2823512813627382]
[991.7941460877923, 285.0844096111718, 1.2823512813627382]
[989.5599768671693, 277.5548594851583, 1.2823512813627382]
[987.3258076465463, 270.0253093591448, 1.2823512813627382]
[985.0916384259232, 262.49575923313125, 1.2823512813627382]
[982.8574692053002, 254.96620910711778, 1.2823512813627382]
[980.6232999846771, 247.43665898110424, 1.2823512813627382]
[978.3891307640541, 239.90710885509074, 1.2823512813627382]
[976.1549615434311, 232.37755872907724, 1.2823512813627382]
[970.8542648263801, 221.375898660919, 0.9612633031897674]
[965.1408967132904, 213.19318350162322, 0.9612633031897677]
[959.4275286002008, 205.01046834232744, 0.9612633031897677]
[953.7141604871111, 196.82775318303166, 0.9612633031897677]
[948.0007923740216, 188.64503802373588, 0.9612633031897677]
[942.2874242609319, 180.46232286444007, 0.9612633031897677]
[936.5740561478423, 172.27960770514431, 0.9612633031897677]
[930.8606880347526, 164.0968925458485, 0.9612633031897677]
[925.147319921663, 155.91417738655275, 0.9612633031897677]
[919.4339518085733, 147.73146222725694, 0.9612633031897677]
[913.7205836954836, 139.5487470679612, 0.9612633031897677]
[908.007215582394, 131.36603190866538, 0.9612633031897677]
[902.2938474693043, 123.1833167493696, 0.9612633031897677]
[896.5804793562147, 115.00060159007381, 0.9612633031897677]
[890.867111243125, 106.81788643077803, 0.9612633031897677]
[885.1537431300354, 98.63517127148225, 0.9612633031897677]
[879.4403750169457, 90.45245611218647, 0.9612633031897677]
[879.4403750169457, 90.45245611218647, 0.9612633031897677]
[866.9163168918345, 79.06625671880838, 0.5144273199951053]
[850.7017454888875, 74.20979270003335, 0.06759133680044282]
[843.3490939120295, 73.71205893966905, 0.06759133680044221]
[835.9964423351714, 73.21432517930477, 0.06759133680044221]
[828.6437907583133, 72.71659141894047, 0.06759133680044221]
[821.2911391814553, 72.21885765857618, 0.06759133680044221]
[813.9384876045973, 71.72112389821189, 0.06759133680044221]
[806.5858360277392, 71.22339013784759, 0.06759133680044221]
[799.2331844508813, 70.7256563774833, 0.06759133680044221]
[791.8805328740232, 70.227922617119, 0.06759133680044221]
[784.5278812971651, 69.73018885675471, 0.06759133680044221]
[777.1752297203071, 69.23245509639042, 0.06759133680044221]
[769.822578143449, 68.73472133602613, 0.06759133680044221]
[762.469926566591, 68.23698757566183, 0.06759133680044221]
[755.117274989733, 67.73925381529754, 0.06759133680044221]
[747.7646234128749, 67.24152005493325, 0.06759133680044221]
[740.411971836017, 66.74378629456896, 0.06759133680044221]
[733.0593202591589, 66.24605253420467, 0.06759133680044221]
[725.7066686823008, 65.74831877384037, 0.06759133680044221]
[718.3540171054428, 65.25058501347608, 0.06759133680044221]
[711.0013655285848, 64.75285125311179, 0.06759133680044221]
[699.8744301023428, 65.34865534512866, -0.10365775291589331]
[695.2796758205195, 65.82665048486398, -0.10365775291589331]
[690.6849215386964, 66.3046456245993, -0.10365775291589331]
[686.0901672568731, 66.78264076433463, -0.10365775291589331]
[681.4954129750498, 67.26063590406994, -0.10365775291589331]
[676.9006586932265, 67.73863104380527, -0.10365775291589331]
[672.3059044114034, 68.2166261835406, -0.10365775291589331]
[667.7111501295801, 68.69462132327591, -0.10365775291589331]
[663.1163958477568, 69.17261646301124, -0.10365775291589331]
[658.5216415659336, 69.65061160274657, -0.10365775291589331]
[653.9268872841103, 70.12860674248188, -0.10365775291589331]
[649.3321330022872, 70.6066018822172, -0.10365775291589331]
[644.7373787204639, 71.08459702195253, -0.10365775291589331]
[640.1426244386406, 71.56259216168785, -0.10365775291589331]
[635.5478701568173, 72.04058730142317, -0.10365775291589331]
[630.9531158749942, 72.5185824411585, -0.10365775291589331]
[626.3583615931709, 72.99657758089381, -0.10365775291589331]
[621.7636073113476, 73.47457272062914, -0.10365775291589331]
[615.0475843958438, 74.78961267733786, -0.2830621964818776]
[603.8239287363585, 78.05426725269784, -0.28306219648187675]
[592.6002730768732, 81.31892182805782, -0.28306219648187675]
[581.376617417388, 84.58357640341781, -0.28306219648187675]
[570.1529617579027, 87.84823097877779, -0.28306219648187675]
[558.9293060984174, 91.11288555413778, -0.28306219648187675]
[547.7056504389323, 94.37754012949776, -0.28306219648187675]
[536.481994779447, 97.64219470485773, -0.28306219648187675]
[525.2583391199616, 100.90684928021773, -0.28306219648187675]
[514.0346834604763, 104.1715038555777, -0.28306219648187675]
[502.8110278009911, 107.4361584309377, -0.28306219648187675]
[491.58737214150585, 110.70081300629766, -0.28306219648187675]
[480.36371648202055, 113.96546758165765, -0.28306219648187675]
[469.1400608225353, 117.23012215701763, -0.28306219648187675]
[457.91640516305, 120.49477673237762, -0.28306219648187675]
[446.69274950356476, 123.7594313077376, -0.28306219648187675]
[435.46909384407945, 127.02408588309758, -0.28306219648187675]
[424.2454381845942, 130.28874045845757, -0.28306219648187675]
[424.2454381845942, 130.28874045845757, -0.28306219648187736]
[403.6345762475129, 130.49213197113363, 0.26332649483681014]
[388.17709809501895, 126.32500280431627, 0.26332649483680953]
[372.71961994252507, 122.15787363749891, 0.26332649483680953]
[357.26214179003114, 117.99074447068155, 0.26332649483680953]
[341.8046636375372, 113.82361530386419, 0.26332649483680953]
[326.34718548504327, 109.65648613704684, 0.26332649483680953]
[310.8897073325494, 105.48935697022947, 0.26332649483680953]
[295.43222918005546, 101.32222780341212, 0.26332649483680953]
[279.9747510275615, 97.15509863659476, 0.26332649483680953]
[264.51727287506765, 92.9879694697774, 0.26332649483680953]
[249.0597947225737, 88.82084030296005, 0.26332649483680953]
[233.60231657007978, 84.65371113614268, 0.26332649483680953]
[218.14483841758587, 80.48658196932533, 0.26332649483680953]
[202.68736026509197, 76.31945280250797, 0.26332649483680953]
[187.22988211259803, 72.1523236356906, 0.26332649483680953]
[171.77240396010413, 67.98519446887325, 0.26332649483680953]
[156.31492580761022, 63.81806530205589, 0.26332649483680953]
[140.8574476551163, 59.65093613523853, 0.26332649483680953]
[125.39996950262238, 55.48380696842118, 0.26332649483680953]
[109.94249135012846, 51.31667780160382, 0.26332649483680953]
>>>> 
>>>> inputs
[40.0, 0.0, 0.1996084723616415]
[40.0, 0.0, 0.1996084723616415]
[40.0, 0.0, 0.1996084723616415]
[40.0, 0.0, 0.1996084723616415]
[40.0, 0.0, 0.1996084723616415]
[40.0, 0.0, 0.1996084723616415]
[40.0, 0.0, 0.1996084723616415]
[40.0, 0.0, 0.1996084723616415]
[40.0, 0.0, 0.1996084723616415]
[40.0, 0.0, 0.1996084723616415]
[40.0, 0.0, 0.1996084723616415]
[40.0, 0.0, 0.1996084723616415]
[40.0, 0.0, 0.1996084723616415]
[40.0, 0.0, 0.1996084723616415]
[40.0, 0.0, 0.1996084723616415]
[40.0, 0.0, 0.1996084723616415]
[40.0, 0.0, 0.1996084723616415]
[40.0, 0.0, 0.1996084723616415]
[40.0, -0.8669840139434847, 0.1996084723616415]
[40.0, 0.0, 0.1996084723616415]
[40.0, 0.0, 0.1920462817608706]
[40.0, 0.0, 0.1920462817608706]
[40.0, 0.0, 0.1920462817608706]
[40.0, 0.0, 0.1920462817608706]
[40.0, 0.0, 0.1920462817608706]
[40.0, 0.0, 0.1920462817608706]
[40.0, 0.0, 0.1920462817608706]
[40.0, 0.0, 0.1920462817608706]
[40.0, 0.0, 0.1920462817608706]
[40.0, 0.0, 0.1920462817608706]
[40.0, 0.0, 0.1920462817608706]
[40.0, 0.0, 0.1920462817608706]
[40.0, 0.0, 0.1920462817608706]
[40.0, 0.0, 0.1920462817608706]
[40.0, 0.0, 0.1920462817608706]
[40.0, 0.0, 0.1920462817608706]
[40.0, 0.0, 0.1920462817608706]
[40.0, 0.8669840139434847, 0.1920462817608706]
[40.0, 0.0, 0.1920462817608706]
[40.0, 0.0, 0.1920462817608706]
[40.0, 0.0, 0.242268693858541]
[40.0, 0.0, 0.242268693858541]
[40.0, 0.0, 0.242268693858541]
[40.0, 0.0, 0.242268693858541]
[40.0, 0.0, 0.242268693858541]
[40.0, 0.0, 0.242268693858541]
[40.0, 0.0, 0.242268693858541]
[40.0, 0.0, 0.242268693858541]
[40.0, 0.0, 0.242268693858541]
[40.0, 0.0, 0.242268693858541]
[40.0, 0.0, 0.242268693858541]
[40.0, 0.0, 0.242268693858541]
[40.0, 0.0, 0.242268693858541]
[40.0, 0.0, 0.242268693858541]
[40.0, 0.8669840139434847, 0.242268693858541]
[40.0, 0.8669840139434847, 0.242268693858541]
[40.0, 0.8669840139434847, 0.242268693858541]
[40.0, 0.0, 0.242268693858541]
[40.0, 0.0, 0.242268693858541]
[40.0, 0.0, 0.242268693858541]
[40.0, 0.0, 0.18320167342760224]
[40.0, 0.0, 0.18320167342760224]
[40.0, 0.0, 0.18320167342760224]
[40.0, 0.0, 0.18320167342760224]
[40.0, 0.0, 0.18320167342760224]
[40.0, 0.0, 0.18320167342760224]
[40.0, 0.0, 0.18320167342760224]
[40.0, 0.0, 0.18320167342760224]
[40.0, 0.0, 0.18320167342760224]
[40.0, 0.0, 0.18320167342760224]
[40.0, 0.0, 0.18320167342760224]
[40.0, 0.0, 0.18320167342760224]
[40.0, 0.0, 0.18320167342760224]
[40.0, 0.0, 0.18320167342760224]
[40.0, 0.0, 0.18320167342760224]
[40.0, 0.0, 0.18320167342760224]
[40.0, 0.0, 0.18320167342760224]
[40.0, 0.0, 0.18320167342760224]
[40.0, 0.0, 0.18320167342760224]
[40.0, 0.0, 0.18320167342760224]
[40.0, 0.0, 0.1125058160926951]
[40.0, 0.0, 0.1125058160926951]
[40.0, 0.0, 0.1125058160926951]
[40.0, 0.0, 0.1125058160926951]
[40.0, 0.0, 0.1125058160926951]
[40.0, 0.0, 0.1125058160926951]
[40.0, 0.0, 0.1125058160926951]
[40.0, 0.0, 0.1125058160926951]
[40.0, 0.0, 0.1125058160926951]
[40.0, 0.0, 0.1125058160926951]
[40.0, 0.0, 0.1125058160926951]
[40.0, 0.0, 0.1125058160926951]
[40.0, 0.0, 0.1125058160926951]
[40.0, 0.0, 0.1125058160926951]
[40.0, 0.8669840139434847, 0.1125058160926951]
[40.0, 0.0, 0.1125058160926951]
[40.0, 0.0, 0.1125058160926951]
[40.0, 0.0, 0.1125058160926951]
[40.0, 0.0, 0.1125058160926951]
[40.0, 0.0, 0.1125058160926951]
[40.0, 0.0, 0.27447547502883385]
[40.0, 0.0, 0.27447547502883385]
[40.0, 0.0, 0.27447547502883385]
[40.0, 0.0, 0.27447547502883385]
[40.0, 0.0, 0.27447547502883385]
[40.0, 0.0, 0.27447547502883385]
[40.0, 0.0, 0.27447547502883385]
[40.0, 0.0, 0.27447547502883385]
[40.0, 0.0, 0.27447547502883385]
[40.0, 0.0, 0.27447547502883385]
[40.0, 0.0, 0.27447547502883385]
[40.0, 0.0, 0.27447547502883385]
[40.0, -0.8669840139434847, 0.27447547502883385]
[40.0, -0.8669840139434847, 0.27447547502883385]
[40.0, 0.0, 0.27447547502883385]
[40.0, 0.0, 0.27447547502883385]
[40.0, 0.0, 0.27447547502883385]
[40.0, 0.0, 0.27447547502883385]
[40.0, 0.0, 0.27447547502883385]
[40.0, 0.0, 0.27447547502883385]
[40.0, 0.0, 0.3927944638674479]
[40.0, 0.0, 0.3927944638674479]
[40.0, 0.0, 0.3927944638674479]
[40.0, 0.0, 0.3927944638674479]
[40.0, 0.0, 0.3927944638674479]
[40.0, 0.0, 0.3927944638674479]
[40.0, 0.0, 0.3927944638674479]
[40.0, 0.0, 0.3927944638674479]
[40.0, 0.0, 0.3927944638674479]
[40.0, 0.0, 0.3927944638674479]
[40.0, 0.0, 0.3927944638674479]
[40.0, 0.0, 0.3927944638674479]
[40.0, 0.0, 0.3927944638674479]
>>>> 
