----------------------------
RRT search Summary          
----------------------------
Map Name               : Random
Total paths found      : 2
Total number of nodes  : 1099
Total elapsed time     : 63.12533712387085 s
Solver                 : RRTstar 
----------------------------
Path number   : 0
Path length   : 1201.2171850149375
Time required : 52.11416292190552 s
>>>> Nodes
[1094.006420130692, 512.3349866140778, 0.978508044491837]
[1091.9332164896587, 509.2538734051263, 0.978508044491837]
[1089.860012848625, 506.17276019617475, 0.978508044491837]
[1087.7868092075917, 503.0916469872232, 0.978508044491837]
[1085.7136055665583, 500.0105337782717, 0.978508044491837]
[1083.6404019255247, 496.9294205693201, 0.978508044491837]
[1081.5671982844913, 493.84830736036855, 0.978508044491837]
[1079.4939946434579, 490.767194151417, 0.978508044491837]
[1077.4207910024243, 487.6860809424655, 0.978508044491837]
[1075.3475873613909, 484.60496773351394, 0.978508044491837]
[1073.2743837203575, 481.5238545245624, 0.978508044491837]
[1071.201180079324, 478.4427413156109, 0.978508044491837]
[1069.1279764382905, 475.3616281066593, 0.978508044491837]
[1067.054772797257, 472.28051489770775, 0.978508044491837]
[1064.9815691562237, 469.1994016887562, 0.978508044491837]
[1062.90836551519, 466.1182884798047, 0.978508044491837]
[1060.8351618741567, 463.03717527085314, 0.978508044491837]
[1060.8351618741567, 463.0371752708531, 0.9785080444918397]
[1058.5222125381542, 459.11330222163747, 1.097824087563044]
[1056.6927785544644, 454.9420091803137, 1.217140130634248]
[1054.625680365454, 449.34280922958453, 1.2171401306342473]
[1052.5585821764435, 443.7436092788554, 1.2171401306342473]
[1050.4914839874327, 438.14440932812624, 1.2171401306342473]
[1048.4243857984222, 432.5452093773971, 1.2171401306342473]
[1046.3572876094117, 426.94600942666796, 1.2171401306342473]
[1044.2901894204012, 421.3468094759388, 1.2171401306342473]
[1042.2230912313905, 415.74760952520967, 1.2171401306342473]
[1040.15599304238, 410.1484095744805, 1.2171401306342473]
[1038.0888948533695, 404.5492096237514, 1.2171401306342473]
[1036.021796664359, 398.95000967302224, 1.2171401306342473]
[1033.9546984753486, 393.3508097222931, 1.2171401306342473]
[1031.8876002863378, 387.75160977156395, 1.2171401306342473]
[1029.8205020973273, 382.1524098208348, 1.2171401306342473]
[1027.7534039083168, 376.55320987010566, 1.2171401306342473]
[1025.6863057193063, 370.9540099193765, 1.2171401306342473]
[1023.6192075302957, 365.3548099686474, 1.2171401306342473]
[1021.5521093412851, 359.75561001791823, 1.2171401306342473]
[1019.4850111522746, 354.1564100671891, 1.2171401306342473]
[1014.9629430280511, 345.507540478646, 0.9609311892269394]
[1012.001090921799, 341.2685606438683, 0.9609311892269398]
[1009.0392388155468, 337.0295808090906, 0.9609311892269398]
[1006.0773867092946, 332.79060097431284, 0.9609311892269398]
[1003.1155346030425, 328.55162113953514, 0.9609311892269398]
[1000.1536824967903, 324.31264130475745, 0.9609311892269398]
[997.1918303905383, 320.0736614699797, 0.9609311892269398]
[994.2299782842861, 315.834681635202, 0.9609311892269398]
[991.268126178034, 311.5957018004243, 0.9609311892269398]
[988.3062740717818, 307.35672196564656, 0.9609311892269398]
[985.3444219655297, 303.11774213086886, 0.9609311892269398]
[982.3825698592775, 298.87876229609117, 0.9609311892269398]
[979.4207177530254, 294.6397824613134, 0.9609311892269398]
[976.4588656467732, 290.4008026265357, 0.9609311892269398]
[973.4970135405212, 286.161822791758, 0.9609311892269398]
[970.535161434269, 281.92284295698033, 0.9609311892269398]
[967.5733093280169, 277.6838631222026, 0.9609311892269398]
[964.6114572217647, 273.4448832874249, 0.9609311892269398]
[964.6114572217647, 273.4448832874249, 0.9609311892269394]
[953.89179896684, 263.1509601937404, 0.5693506799554415]
[947.0467205191798, 258.76974825525014, 0.5693506799554429]
[940.2016420715195, 254.38853631675988, 0.5693506799554429]
[933.3565636238591, 250.00732437826963, 0.5693506799554429]
[926.5114851761988, 245.62611243977935, 0.5693506799554429]
[919.6664067285385, 241.2449005012891, 0.5693506799554429]
[912.8213282808781, 236.8636885627988, 0.5693506799554429]
[905.9762498332178, 232.48247662430856, 0.5693506799554429]
[899.1311713855575, 228.1012646858183, 0.5693506799554429]
[892.2860929378973, 223.72005274732805, 0.5693506799554429]
[885.4410144902369, 219.33884080883777, 0.5693506799554429]
[878.5959360425766, 214.95762887034752, 0.5693506799554429]
[871.7508575949163, 210.57641693185727, 0.5693506799554429]
[864.905779147256, 206.195204993367, 0.5693506799554429]
[858.0607006995956, 201.81399305487673, 0.5693506799554429]
[851.2156222519353, 197.43278111638648, 0.5693506799554429]
[851.2156222519353, 197.43278111638648, 0.5693506799554415]
[841.6479349621076, 193.03256379163304, 0.2927682705248409]
[831.2423090268194, 191.4122238656151, 0.016185861094240472]
[820.7896907576617, 192.69492566270654, -0.26039654833636017]
[817.7062584574137, 193.51649447466713, -0.2603965483363608]
[814.6228261571657, 194.33806328662766, -0.2603965483363608]
[811.5393938569179, 195.15963209858822, -0.2603965483363608]
[808.4559615566699, 195.98120091054875, -0.2603965483363608]
[805.3725292564219, 196.8027697225093, -0.2603965483363608]
[802.2890969561739, 197.62433853446984, -0.2603965483363608]
[799.2056646559261, 198.4459073464304, -0.2603965483363608]
[796.1222323556781, 199.26747615839093, -0.2603965483363608]
[793.0388000554301, 200.0890449703515, -0.2603965483363608]
[789.9553677551821, 200.91061378231203, -0.2603965483363608]
[786.8719354549343, 201.7321825942726, -0.2603965483363608]
[783.7885031546863, 202.55375140623312, -0.2603965483363608]
[780.7050708544383, 203.37532021819368, -0.2603965483363608]
[777.6216385541903, 204.1968890301542, -0.2603965483363608]
[774.5382062539425, 205.01845784211477, -0.2603965483363608]
[771.4547739536945, 205.8400266540753, -0.2603965483363608]
[768.3713416534465, 206.66159546603586, -0.2603965483363608]
[768.3713416534465, 206.6615954660359, -0.26039654833635995]
[762.9008303516732, 207.69920377078114, -0.11449609880905998]
[753.3992460833392, 208.79187702795986, -0.11449609880905952]
[743.8976618150051, 209.88455028513854, -0.11449609880905952]
[734.3960775466711, 210.97722354231726, -0.11449609880905952]
[724.894493278337, 212.06989679949598, -0.11449609880905952]
[715.392909010003, 213.16257005667467, -0.11449609880905952]
[705.8913247416689, 214.25524331385338, -0.11449609880905952]
[696.3897404733349, 215.3479165710321, -0.11449609880905952]
[686.8881562050008, 216.44058982821082, -0.11449609880905952]
[677.3865719366668, 217.5332630853895, -0.11449609880905952]
[667.8849876683328, 218.62593634256822, -0.11449609880905952]
[658.3834033999987, 219.71860959974694, -0.11449609880905952]
[648.8818191316647, 220.81128285692563, -0.11449609880905952]
[639.3802348633305, 221.90395611410435, -0.11449609880905952]
[629.8786505949965, 222.99662937128306, -0.11449609880905952]
[620.3770663266624, 224.08930262846175, -0.11449609880905952]
[610.8754820583284, 225.18197588564047, -0.11449609880905952]
[610.8754820583284, 225.18197588564047, -0.11449609880905998]
[597.7022496591101, 224.40234998161614, 0.23272335769896957]
[585.5804571648459, 219.18660313959586, 0.5799428142069991]
[579.5977924154297, 215.2674389163787, 0.5799428142069979]
[573.6151276660134, 211.34827469316147, 0.5799428142069979]
[567.6324629165972, 207.42911046994425, 0.5799428142069979]
[561.649798167181, 203.50994624672705, 0.5799428142069979]
[555.6671334177647, 199.59078202350986, 0.5799428142069979]
[549.6844686683485, 195.67161780029264, 0.5799428142069979]
[543.7018039189322, 191.7524535770754, 0.5799428142069979]
[537.719139169516, 187.83328935385822, 0.5799428142069979]
[531.7364744200997, 183.91412513064103, 0.5799428142069979]
[525.7538096706834, 179.9949609074238, 0.5799428142069979]
[519.7711449212671, 176.07579668420658, 0.5799428142069979]
[513.7884801718509, 172.15663246098939, 0.5799428142069979]
[507.8058154224347, 168.2374682377722, 0.5799428142069979]
[501.8231506730184, 164.31830401455497, 0.5799428142069979]
[495.84048592360216, 160.39913979133775, 0.5799428142069979]
[489.8578211741859, 156.47997556812055, 0.5799428142069979]
[483.87515642476967, 152.56081134490336, 0.5799428142069979]
[477.8924916753534, 148.64164712168613, 0.5799428142069979]
[466.7742570181014, 143.67816603316473, 0.2598146213933967]
[459.0453707320772, 141.623649875571, 0.2598146213933967]
[451.31648444605287, 139.56913371797728, 0.2598146213933967]
[443.5875981600286, 137.51461756038356, 0.2598146213933967]
[435.85871187400437, 135.46010140278983, 0.2598146213933967]
[428.12982558798006, 133.4055852451961, 0.2598146213933967]
[420.4009393019558, 131.35106908760238, 0.2598146213933967]
[412.6720530159315, 129.29655293000866, 0.2598146213933967]
[404.94316672990726, 127.24203677241493, 0.2598146213933967]
[397.214280443883, 125.18752061482121, 0.2598146213933967]
[389.48539415785876, 123.13300445722749, 0.2598146213933967]
[381.75650787183446, 121.07848829963376, 0.2598146213933967]
[374.0276215858102, 119.02397214204004, 0.2598146213933967]
[366.2987352997859, 116.9694559844463, 0.2598146213933967]
[358.56984901376165, 114.91493982685257, 0.2598146213933967]
[350.8409627277374, 112.86042366925885, 0.2598146213933967]
[343.1120764417131, 110.80590751166513, 0.2598146213933967]
[335.38319015568885, 108.7513913540714, 0.2598146213933967]
[327.65430386966455, 106.69687519647768, 0.2598146213933967]
[319.9254175836403, 104.64235903888395, 0.2598146213933967]
[308.4560840410678, 101.72716342669729, 0.24870312157009727]
[297.397531043311, 98.91872287360701, 0.24870312157009727]
[286.3389780455542, 96.11028232051675, 0.24870312157009727]
[275.2804250477974, 93.30184176742648, 0.24870312157009727]
[264.22187205004053, 90.4934012143362, 0.24870312157009727]
[253.16331905228373, 87.68496066124592, 0.24870312157009727]
[242.1047660545269, 84.87652010815566, 0.24870312157009727]
[231.04621305677009, 82.06807955506538, 0.24870312157009727]
[219.98766005901325, 79.2596390019751, 0.24870312157009727]
[208.92910706125645, 76.45119844888484, 0.24870312157009727]
[197.87055406349964, 73.64275789579456, 0.24870312157009727]
[186.8120010657428, 70.8343173427043, 0.24870312157009727]
[175.75344806798597, 68.02587678961402, 0.24870312157009727]
[164.69489507022917, 65.21743623652375, 0.24870312157009727]
[153.63634207247236, 62.408995683433474, 0.24870312157009727]
[142.57778907471553, 59.600555130343196, 0.24870312157009727]
[131.51923607695872, 56.792114577252924, 0.24870312157009727]
[120.4606830792019, 53.98367402416265, 0.24870312157009727]
[109.40213008144508, 51.17523347107238, 0.24870312157009727]
>>>> 
>>>> inputs
[40.0, 0.0, 0.0856674772972705]
[40.0, 0.0, 0.0856674772972705]
[40.0, 0.0, 0.0856674772972705]
[40.0, 0.0, 0.0856674772972705]
[40.0, 0.0, 0.0856674772972705]
[40.0, 0.0, 0.0856674772972705]
[40.0, 0.0, 0.0856674772972705]
[40.0, 0.0, 0.0856674772972705]
[40.0, 0.0, 0.0856674772972705]
[40.0, 0.0, 0.0856674772972705]
[40.0, 0.0, 0.0856674772972705]
[40.0, 0.0, 0.0856674772972705]
[40.0, 0.0, 0.0856674772972705]
[40.0, 0.0, 0.0856674772972705]
[40.0, 0.0, 0.0856674772972705]
[40.0, 0.0, 0.0856674772972705]
[40.0, -0.8669840139434847, 0.0856674772972705]
[40.0, -0.8669840139434847, 0.0856674772972705]
[40.0, -0.8669840139434847, 0.0856674772972705]
[40.0, 0.0, 0.0856674772972705]
[40.0, 0.0, 0.14652610284167725]
[40.0, 0.0, 0.14652610284167725]
[40.0, 0.0, 0.14652610284167725]
[40.0, 0.0, 0.14652610284167725]
[40.0, 0.0, 0.14652610284167725]
[40.0, 0.0, 0.14652610284167725]
[40.0, 0.0, 0.14652610284167725]
[40.0, 0.0, 0.14652610284167725]
[40.0, 0.0, 0.14652610284167725]
[40.0, 0.0, 0.14652610284167725]
[40.0, 0.0, 0.14652610284167725]
[40.0, 0.0, 0.14652610284167725]
[40.0, 0.0, 0.14652610284167725]
[40.0, 0.0, 0.14652610284167725]
[40.0, 0.0, 0.14652610284167725]
[40.0, 0.0, 0.14652610284167725]
[40.0, 0.0, 0.14652610284167725]
[40.0, 0.8669840139434847, 0.14652610284167725]
[40.0, 0.0, 0.14652610284167725]
[40.0, 0.0, 0.14652610284167725]
[40.0, 0.0, 0.12858502049201295]
[40.0, 0.0, 0.12858502049201295]
[40.0, 0.0, 0.12858502049201295]
[40.0, 0.0, 0.12858502049201295]
[40.0, 0.0, 0.12858502049201295]
[40.0, 0.0, 0.12858502049201295]
[40.0, 0.0, 0.12858502049201295]
[40.0, 0.0, 0.12858502049201295]
[40.0, 0.0, 0.12858502049201295]
[40.0, 0.0, 0.12858502049201295]
[40.0, 0.0, 0.12858502049201295]
[40.0, 0.0, 0.12858502049201295]
[40.0, 0.0, 0.12858502049201295]
[40.0, 0.0, 0.12858502049201295]
[40.0, 0.0, 0.12858502049201295]
[40.0, 0.8669840139434847, 0.12858502049201295]
[40.0, 0.8669840139434847, 0.12858502049201295]
[40.0, 0.0, 0.12858502049201295]
[40.0, 0.0, 0.12858502049201295]
[40.0, 0.0, 0.12858502049201295]
[40.0, 0.0, 0.19200105513952798]
[40.0, 0.0, 0.19200105513952798]
[40.0, 0.0, 0.19200105513952798]
[40.0, 0.0, 0.19200105513952798]
[40.0, 0.0, 0.19200105513952798]
[40.0, 0.0, 0.19200105513952798]
[40.0, 0.0, 0.19200105513952798]
[40.0, 0.0, 0.19200105513952798]
[40.0, 0.0, 0.19200105513952798]
[40.0, 0.0, 0.19200105513952798]
[40.0, 0.0, 0.19200105513952798]
[40.0, 0.0, 0.19200105513952798]
[40.0, 0.8669840139434847, 0.19200105513952798]
[40.0, 0.8669840139434847, 0.19200105513952798]
[40.0, 0.8669840139434847, 0.19200105513952798]
[40.0, 0.8669840139434847, 0.19200105513952798]
[40.0, 0.0, 0.19200105513952798]
[40.0, 0.0, 0.19200105513952798]
[40.0, 0.0, 0.19200105513952798]
[40.0, 0.0, 0.19200105513952798]
[40.0, 0.0, 0.0747751466862318]
[40.0, 0.0, 0.0747751466862318]
[40.0, 0.0, 0.0747751466862318]
[40.0, 0.0, 0.0747751466862318]
[40.0, 0.0, 0.0747751466862318]
[40.0, 0.0, 0.0747751466862318]
[40.0, 0.0, 0.0747751466862318]
[40.0, 0.0, 0.0747751466862318]
[40.0, 0.0, 0.0747751466862318]
[40.0, 0.0, 0.0747751466862318]
[40.0, 0.0, 0.0747751466862318]
[40.0, 0.0, 0.0747751466862318]
[40.0, 0.0, 0.0747751466862318]
[40.0, -0.8669840139434847, 0.0747751466862318]
[40.0, -0.8669840139434847, 0.0747751466862318]
[40.0, 0.0, 0.0747751466862318]
[40.0, 0.0, 0.0747751466862318]
[40.0, 0.0, 0.0747751466862318]
[40.0, 0.0, 0.0747751466862318]
[40.0, 0.0, 0.0747751466862318]
[40.0, 0.0, 0.22444113784250136]
[40.0, 0.0, 0.22444113784250136]
[40.0, 0.0, 0.22444113784250136]
[40.0, 0.0, 0.22444113784250136]
[40.0, 0.0, 0.22444113784250136]
[40.0, 0.0, 0.22444113784250136]
[40.0, 0.0, 0.22444113784250136]
[40.0, 0.0, 0.22444113784250136]
[40.0, 0.0, 0.22444113784250136]
[40.0, 0.0, 0.22444113784250136]
[40.0, 0.0, 0.22444113784250136]
[40.0, -0.8669840139434847, 0.22444113784250136]
[40.0, -0.8669840139434847, 0.22444113784250136]
[40.0, -0.8669840139434847, 0.22444113784250136]
[40.0, 0.0, 0.22444113784250136]
[40.0, 0.0, 0.22444113784250136]
[40.0, 0.0, 0.22444113784250136]
[40.0, 0.0, 0.22444113784250136]
[40.0, 0.0, 0.22444113784250136]
[40.0, 0.0, 0.22444113784250136]
[40.0, 0.0, 0.17620660242475786]
[40.0, 0.0, 0.17620660242475786]
[40.0, 0.0, 0.17620660242475786]
[40.0, 0.0, 0.17620660242475786]
[40.0, 0.0, 0.17620660242475786]
[40.0, 0.0, 0.17620660242475786]
[40.0, 0.0, 0.17620660242475786]
[40.0, 0.0, 0.17620660242475786]
[40.0, 0.0, 0.17620660242475786]
[40.0, 0.0, 0.17620660242475786]
[40.0, 0.0, 0.17620660242475786]
[40.0, 0.0, 0.17620660242475786]
[40.0, 0.8669840139434847, 0.17620660242475786]
[40.0, 0.0, 0.17620660242475786]
[40.0, 0.0, 0.17620660242475786]
[40.0, 0.0, 0.17620660242475786]
[40.0, 0.0, 0.17620660242475786]
[40.0, 0.0, 0.17620660242475786]
[40.0, 0.0, 0.17620660242475786]
[40.0, 0.0, 0.17620660242475786]
[40.0, 0.0, 0.1904662802199465]
[40.0, 0.0, 0.1904662802199465]
[40.0, 0.0, 0.1904662802199465]
[40.0, 0.0, 0.1904662802199465]
[40.0, 0.0, 0.1904662802199465]
[40.0, 0.0, 0.1904662802199465]
[40.0, 0.0, 0.1904662802199465]
[40.0, 0.0, 0.1904662802199465]
[40.0, 0.0, 0.1904662802199465]
[40.0, 0.0, 0.1904662802199465]
[40.0, 0.0, 0.1904662802199465]
[40.0, 0.0, 0.1904662802199465]
[40.0, 0.0, 0.1904662802199465]
[40.0, 0.0, 0.1904662802199465]
[40.0, 0.0, 0.1904662802199465]
[40.0, 0.0, 0.1904662802199465]
[40.0, 0.0, 0.1904662802199465]
[40.0, 0.0, 0.1904662802199465]
[40.0, 0.0, 0.1904662802199465]
[40.0, 0.0, 0.1904662802199465]
[40.0, 0.0, 0.2828526583247457]
[40.0, 0.0, 0.2828526583247457]
[40.0, 0.0, 0.2828526583247457]
[40.0, 0.0, 0.2828526583247457]
[40.0, 0.0, 0.2828526583247457]
[40.0, 0.0, 0.2828526583247457]
[40.0, 0.0, 0.2828526583247457]
[40.0, 0.0, 0.2828526583247457]
[40.0, 0.0, 0.2828526583247457]
[40.0, 0.0, 0.2828526583247457]
[40.0, 0.0, 0.2828526583247457]
>>>> 
----------------------------
Path number   : 1
Path length   : 1189.1997244761353
Time required : 61.091601848602295 s
>>>> Nodes
[1089.9760596985868, 510.49063070513904, 1.2853210232288865]
[1089.2262189561586, 507.9357354615058, 1.2853210232288865]
[1088.4763782137302, 505.3808402178725, 1.2853210232288865]
[1087.726537471302, 502.82594497423923, 1.2853210232288865]
[1086.9766967288735, 500.271049730606, 1.2853210232288865]
[1086.2268559864453, 497.71615448697275, 1.2853210232288865]
[1085.477015244017, 495.1612592433395, 1.2853210232288865]
[1084.7271745015887, 492.6063639997062, 1.2853210232288865]
[1083.9773337591603, 490.05146875607295, 1.2853210232288865]
[1083.227493016732, 487.4965735124397, 1.2853210232288865]
[1082.4776522743036, 484.9416782688064, 1.2853210232288865]
[1081.7278115318754, 482.38678302517314, 1.2853210232288865]
[1080.977970789447, 479.83188778153993, 1.2853210232288865]
[1080.2281300470188, 477.27699253790666, 1.2853210232288865]
[1079.4782893045904, 474.7220972942734, 1.2853210232288865]
[1078.7284485621622, 472.1672020506401, 1.2853210232288865]
[1078.7284485621622, 472.1672020506401, 1.285321023228887]
[1077.6074441131643, 468.9017245963698, 1.1949030862769683]
[1076.1961632844107, 465.75080720592393, 1.1044851493250496]
[1074.5061360075129, 462.740192354708, 1.0140672123731311]
[1071.7674105864064, 458.3399427313651, 1.014067212373132]
[1069.0286851653, 453.93969310802225, 1.014067212373132]
[1066.2899597441938, 449.5394434846794, 1.014067212373132]
[1063.5512343230873, 445.1391938613365, 1.014067212373132]
[1060.812508901981, 440.7389442379936, 1.014067212373132]
[1058.0737834808745, 436.33869461465076, 1.014067212373132]
[1055.3350580597682, 431.9384449913079, 1.014067212373132]
[1052.5963326386618, 427.53819536796505, 1.014067212373132]
[1049.8576072175554, 423.1379457446222, 1.014067212373132]
[1047.118881796449, 418.7376961212793, 1.014067212373132]
[1044.3801563753425, 414.33744649793647, 1.014067212373132]
[1041.6414309542363, 409.9371968745936, 1.014067212373132]
[1038.9027055331298, 405.53694725125075, 1.014067212373132]
[1036.1639801120234, 401.13669762790784, 1.014067212373132]
[1033.425254690917, 396.736448004565, 1.014067212373132]
[1030.6865292698108, 392.3361983812221, 1.014067212373132]
[1027.9478038487043, 387.93594875787926, 1.014067212373132]
[1025.209078427598, 383.5356991345364, 1.014067212373132]
[1020.642822139142, 377.5911187593909, 0.8175083637786211]
[1015.933645961112, 372.5693733040234, 0.8175083637786213]
[1011.2244697830821, 367.54762784865585, 0.8175083637786213]
[1006.5152936050522, 362.5258823932884, 0.8175083637786213]
[1001.8061174270222, 357.50413693792086, 0.8175083637786213]
[997.0969412489922, 352.48239148255334, 0.8175083637786213]
[992.3877650709622, 347.4606460271858, 0.8175083637786213]
[987.6785888929323, 342.4389005718183, 0.8175083637786213]
[982.9694127149023, 337.4171551164508, 0.8175083637786213]
[978.2602365368723, 332.39540966108325, 0.8175083637786213]
[973.5510603588424, 327.3736642057158, 0.8175083637786213]
[968.8418841808125, 322.35191875034826, 0.8175083637786213]
[964.1327080027825, 317.33017329498074, 0.8175083637786213]
[959.4235318247524, 312.3084278396132, 0.8175083637786213]
[954.7143556467225, 307.2866823842457, 0.8175083637786213]
[950.0051794686926, 302.2649369288782, 0.8175083637786213]
[945.2960032906626, 297.2431914735107, 0.8175083637786213]
[940.5868271126326, 292.2214460181432, 0.8175083637786213]
[935.8776509346027, 287.19970056277566, 0.8175083637786213]
[935.6904198431694, 286.99859735125364, 0.8247018139303486]
[930.1892477302933, 281.0470600202524, 0.8247018139303488]
[924.6880756174173, 275.0955226892512, 0.8247018139303488]
[919.1869035045413, 269.14398535825, 0.8247018139303488]
[913.6857313916653, 263.19244802724876, 0.8247018139303488]
[908.1845592787893, 257.24091069624757, 0.8247018139303488]
[902.6833871659132, 251.28937336524635, 0.8247018139303488]
[897.1822150530372, 245.33783603424513, 0.8247018139303488]
[891.6810429401613, 239.38629870324394, 0.8247018139303488]
[886.1798708272853, 233.43476137224272, 0.8247018139303488]
[880.6786987144093, 227.4832240412415, 0.8247018139303488]
[875.1775266015333, 221.53168671024028, 0.8247018139303488]
[869.6763544886572, 215.5801493792391, 0.8247018139303488]
[864.1751823757812, 209.62861204823787, 0.8247018139303488]
[858.6740102629052, 203.67707471723665, 0.8247018139303488]
[858.6740102629052, 203.67707471723665, 0.8247018139303488]
[850.7007499109546, 197.1089850457042, 0.5534272233636717]
[841.2590876742389, 192.91760141007103, 0.2821526327969943]
[831.0395840808748, 191.40948043399047, 0.010878042230316964]
[820.7896907576617, 192.69492566270654, -0.26039654833636017]
[817.7062584574137, 193.51649447466713, -0.2603965483363608]
[814.6228261571657, 194.33806328662766, -0.2603965483363608]
[811.5393938569179, 195.15963209858822, -0.2603965483363608]
[808.4559615566699, 195.98120091054875, -0.2603965483363608]
[805.3725292564219, 196.8027697225093, -0.2603965483363608]
[802.2890969561739, 197.62433853446984, -0.2603965483363608]
[799.2056646559261, 198.4459073464304, -0.2603965483363608]
[796.1222323556781, 199.26747615839093, -0.2603965483363608]
[793.0388000554301, 200.0890449703515, -0.2603965483363608]
[789.9553677551821, 200.91061378231203, -0.2603965483363608]
[786.8719354549343, 201.7321825942726, -0.2603965483363608]
[783.7885031546863, 202.55375140623312, -0.2603965483363608]
[780.7050708544383, 203.37532021819368, -0.2603965483363608]
[777.6216385541903, 204.1968890301542, -0.2603965483363608]
[774.5382062539425, 205.01845784211477, -0.2603965483363608]
[771.4547739536945, 205.8400266540753, -0.2603965483363608]
[768.3713416534465, 206.66159546603586, -0.2603965483363608]
[768.3713416534465, 206.6615954660359, -0.26039654833635995]
[762.9008303516732, 207.69920377078114, -0.11449609880905998]
[753.3992460833392, 208.79187702795986, -0.11449609880905952]
[743.8976618150051, 209.88455028513854, -0.11449609880905952]
[734.3960775466711, 210.97722354231726, -0.11449609880905952]
[724.894493278337, 212.06989679949598, -0.11449609880905952]
[715.392909010003, 213.16257005667467, -0.11449609880905952]
[705.8913247416689, 214.25524331385338, -0.11449609880905952]
[696.3897404733349, 215.3479165710321, -0.11449609880905952]
[686.8881562050008, 216.44058982821082, -0.11449609880905952]
[677.3865719366668, 217.5332630853895, -0.11449609880905952]
[667.8849876683328, 218.62593634256822, -0.11449609880905952]
[658.3834033999987, 219.71860959974694, -0.11449609880905952]
[648.8818191316647, 220.81128285692563, -0.11449609880905952]
[639.3802348633305, 221.90395611410435, -0.11449609880905952]
[629.8786505949965, 222.99662937128306, -0.11449609880905952]
[620.3770663266624, 224.08930262846175, -0.11449609880905952]
[610.8754820583284, 225.18197588564047, -0.11449609880905952]
[610.8754820583284, 225.18197588564047, -0.11449609880905998]
[597.7022496591101, 224.40234998161614, 0.23272335769896957]
[585.5804571648459, 219.18660313959586, 0.5799428142069991]
[579.5977924154297, 215.2674389163787, 0.5799428142069979]
[573.6151276660134, 211.34827469316147, 0.5799428142069979]
[567.6324629165972, 207.42911046994425, 0.5799428142069979]
[561.649798167181, 203.50994624672705, 0.5799428142069979]
[555.6671334177647, 199.59078202350986, 0.5799428142069979]
[549.6844686683485, 195.67161780029264, 0.5799428142069979]
[543.7018039189322, 191.7524535770754, 0.5799428142069979]
[537.719139169516, 187.83328935385822, 0.5799428142069979]
[531.7364744200997, 183.91412513064103, 0.5799428142069979]
[525.7538096706834, 179.9949609074238, 0.5799428142069979]
[519.7711449212671, 176.07579668420658, 0.5799428142069979]
[513.7884801718509, 172.15663246098939, 0.5799428142069979]
[507.8058154224347, 168.2374682377722, 0.5799428142069979]
[501.8231506730184, 164.31830401455497, 0.5799428142069979]
[495.84048592360216, 160.39913979133775, 0.5799428142069979]
[489.8578211741859, 156.47997556812055, 0.5799428142069979]
[483.87515642476967, 152.56081134490336, 0.5799428142069979]
[477.8924916753534, 148.64164712168613, 0.5799428142069979]
[466.7742570181014, 143.67816603316473, 0.2598146213933967]
[459.0453707320772, 141.623649875571, 0.2598146213933967]
[451.31648444605287, 139.56913371797728, 0.2598146213933967]
[443.5875981600286, 137.51461756038356, 0.2598146213933967]
[435.85871187400437, 135.46010140278983, 0.2598146213933967]
[428.12982558798006, 133.4055852451961, 0.2598146213933967]
[420.4009393019558, 131.35106908760238, 0.2598146213933967]
[412.6720530159315, 129.29655293000866, 0.2598146213933967]
[404.94316672990726, 127.24203677241493, 0.2598146213933967]
[397.214280443883, 125.18752061482121, 0.2598146213933967]
[389.48539415785876, 123.13300445722749, 0.2598146213933967]
[381.75650787183446, 121.07848829963376, 0.2598146213933967]
[374.0276215858102, 119.02397214204004, 0.2598146213933967]
[366.2987352997859, 116.9694559844463, 0.2598146213933967]
[358.56984901376165, 114.91493982685257, 0.2598146213933967]
[350.8409627277374, 112.86042366925885, 0.2598146213933967]
[343.1120764417131, 110.80590751166513, 0.2598146213933967]
[335.38319015568885, 108.7513913540714, 0.2598146213933967]
[327.65430386966455, 106.69687519647768, 0.2598146213933967]
[319.9254175836403, 104.64235903888395, 0.2598146213933967]
[308.4560840410678, 101.72716342669729, 0.24870312157009727]
[297.397531043311, 98.91872287360701, 0.24870312157009727]
[286.3389780455542, 96.11028232051675, 0.24870312157009727]
[275.2804250477974, 93.30184176742648, 0.24870312157009727]
[264.22187205004053, 90.4934012143362, 0.24870312157009727]
[253.16331905228373, 87.68496066124592, 0.24870312157009727]
[242.1047660545269, 84.87652010815566, 0.24870312157009727]
[231.04621305677009, 82.06807955506538, 0.24870312157009727]
[219.98766005901325, 79.2596390019751, 0.24870312157009727]
[208.92910706125645, 76.45119844888484, 0.24870312157009727]
[197.87055406349964, 73.64275789579456, 0.24870312157009727]
[186.8120010657428, 70.8343173427043, 0.24870312157009727]
[175.75344806798597, 68.02587678961402, 0.24870312157009727]
[164.69489507022917, 65.21743623652375, 0.24870312157009727]
[153.63634207247236, 62.408995683433474, 0.24870312157009727]
[142.57778907471553, 59.600555130343196, 0.24870312157009727]
[131.51923607695872, 56.792114577252924, 0.24870312157009727]
[120.4606830792019, 53.98367402416265, 0.24870312157009727]
[109.40213008144508, 51.17523347107238, 0.24870312157009727]
>>>> 
>>>> inputs
[40.0, 0.0, 0.06287626428635053]
[40.0, 0.0, 0.06287626428635053]
[40.0, 0.0, 0.06287626428635053]
[40.0, 0.0, 0.06287626428635053]
[40.0, 0.0, 0.06287626428635053]
[40.0, 0.0, 0.06287626428635053]
[40.0, 0.0, 0.06287626428635053]
[40.0, 0.0, 0.06287626428635053]
[40.0, 0.0, 0.06287626428635053]
[40.0, 0.0, 0.06287626428635053]
[40.0, 0.0, 0.06287626428635053]
[40.0, 0.0, 0.06287626428635053]
[40.0, 0.0, 0.06287626428635053]
[40.0, 0.0, 0.06287626428635053]
[40.0, 0.0, 0.06287626428635053]
[40.0, 0.8669840139434847, 0.06287626428635053]
[40.0, 0.8669840139434847, 0.06287626428635053]
[40.0, 0.8669840139434847, 0.06287626428635053]
[40.0, 0.8669840139434847, 0.06287626428635053]
[40.0, 0.0, 0.06287626428635053]
[40.0, 0.0, 0.12600102787839193]
[40.0, 0.0, 0.12600102787839193]
[40.0, 0.0, 0.12600102787839193]
[40.0, 0.0, 0.12600102787839193]
[40.0, 0.0, 0.12600102787839193]
[40.0, 0.0, 0.12600102787839193]
[40.0, 0.0, 0.12600102787839193]
[40.0, 0.0, 0.12600102787839193]
[40.0, 0.0, 0.12600102787839193]
[40.0, 0.0, 0.12600102787839193]
[40.0, 0.0, 0.12600102787839193]
[40.0, 0.0, 0.12600102787839193]
[40.0, 0.0, 0.12600102787839193]
[40.0, 0.0, 0.12600102787839193]
[40.0, 0.0, 0.12600102787839193]
[40.0, 0.0, 0.12600102787839193]
[40.0, 0.0, 0.12600102787839193]
[40.0, 0.8669840139434847, 0.12600102787839193]
[40.0, 0.0, 0.12600102787839193]
[40.0, 0.0, 0.12600102787839193]
[40.0, 0.0, 0.1552413251328441]
[40.0, 0.0, 0.1552413251328441]
[40.0, 0.0, 0.1552413251328441]
[40.0, 0.0, 0.1552413251328441]
[40.0, 0.0, 0.1552413251328441]
[40.0, 0.0, 0.1552413251328441]
[40.0, 0.0, 0.1552413251328441]
[40.0, 0.0, 0.1552413251328441]
[40.0, 0.0, 0.1552413251328441]
[40.0, 0.0, 0.1552413251328441]
[40.0, 0.0, 0.1552413251328441]
[40.0, 0.0, 0.1552413251328441]
[40.0, 0.0, 0.1552413251328441]
[40.0, 0.0, 0.1552413251328441]
[40.0, 0.0, 0.1552413251328441]
[40.0, 0.0, 0.1552413251328441]
[40.0, -0.8669840139434847, 0.1552413251328441]
[40.0, 0.0, 0.1552413251328441]
[40.0, 0.0, 0.1552413251328441]
[40.0, 0.0, 0.1552413251328441]
[40.0, 0.0, 0.19363921279939908]
[40.0, 0.0, 0.19363921279939908]
[40.0, 0.0, 0.19363921279939908]
[40.0, 0.0, 0.19363921279939908]
[40.0, 0.0, 0.19363921279939908]
[40.0, 0.0, 0.19363921279939908]
[40.0, 0.0, 0.19363921279939908]
[40.0, 0.0, 0.19363921279939908]
[40.0, 0.0, 0.19363921279939908]
[40.0, 0.0, 0.19363921279939908]
[40.0, 0.0, 0.19363921279939908]
[40.0, 0.8669840139434847, 0.19363921279939908]
[40.0, 0.8669840139434847, 0.19363921279939908]
[40.0, 0.8669840139434847, 0.19363921279939908]
[40.0, 0.8669840139434847, 0.19363921279939908]
[40.0, 0.8669840139434847, 0.19363921279939908]
[40.0, 0.0, 0.19363921279939908]
[40.0, 0.0, 0.19363921279939908]
[40.0, 0.0, 0.19363921279939908]
[40.0, 0.0, 0.19363921279939908]
[40.0, 0.0, 0.0747751466862318]
[40.0, 0.0, 0.0747751466862318]
[40.0, 0.0, 0.0747751466862318]
[40.0, 0.0, 0.0747751466862318]
[40.0, 0.0, 0.0747751466862318]
[40.0, 0.0, 0.0747751466862318]
[40.0, 0.0, 0.0747751466862318]
[40.0, 0.0, 0.0747751466862318]
[40.0, 0.0, 0.0747751466862318]
[40.0, 0.0, 0.0747751466862318]
[40.0, 0.0, 0.0747751466862318]
[40.0, 0.0, 0.0747751466862318]
[40.0, 0.0, 0.0747751466862318]
[40.0, -0.8669840139434847, 0.0747751466862318]
[40.0, -0.8669840139434847, 0.0747751466862318]
[40.0, 0.0, 0.0747751466862318]
[40.0, 0.0, 0.0747751466862318]
[40.0, 0.0, 0.0747751466862318]
[40.0, 0.0, 0.0747751466862318]
[40.0, 0.0, 0.0747751466862318]
[40.0, 0.0, 0.22444113784250136]
[40.0, 0.0, 0.22444113784250136]
[40.0, 0.0, 0.22444113784250136]
[40.0, 0.0, 0.22444113784250136]
[40.0, 0.0, 0.22444113784250136]
[40.0, 0.0, 0.22444113784250136]
[40.0, 0.0, 0.22444113784250136]
[40.0, 0.0, 0.22444113784250136]
[40.0, 0.0, 0.22444113784250136]
[40.0, 0.0, 0.22444113784250136]
[40.0, 0.0, 0.22444113784250136]
[40.0, -0.8669840139434847, 0.22444113784250136]
[40.0, -0.8669840139434847, 0.22444113784250136]
[40.0, -0.8669840139434847, 0.22444113784250136]
[40.0, 0.0, 0.22444113784250136]
[40.0, 0.0, 0.22444113784250136]
[40.0, 0.0, 0.22444113784250136]
[40.0, 0.0, 0.22444113784250136]
[40.0, 0.0, 0.22444113784250136]
[40.0, 0.0, 0.22444113784250136]
[40.0, 0.0, 0.17620660242475786]
[40.0, 0.0, 0.17620660242475786]
[40.0, 0.0, 0.17620660242475786]
[40.0, 0.0, 0.17620660242475786]
[40.0, 0.0, 0.17620660242475786]
[40.0, 0.0, 0.17620660242475786]
[40.0, 0.0, 0.17620660242475786]
[40.0, 0.0, 0.17620660242475786]
[40.0, 0.0, 0.17620660242475786]
[40.0, 0.0, 0.17620660242475786]
[40.0, 0.0, 0.17620660242475786]
[40.0, 0.0, 0.17620660242475786]
[40.0, 0.8669840139434847, 0.17620660242475786]
[40.0, 0.0, 0.17620660242475786]
[40.0, 0.0, 0.17620660242475786]
[40.0, 0.0, 0.17620660242475786]
[40.0, 0.0, 0.17620660242475786]
[40.0, 0.0, 0.17620660242475786]
[40.0, 0.0, 0.17620660242475786]
[40.0, 0.0, 0.17620660242475786]
[40.0, 0.0, 0.1904662802199465]
[40.0, 0.0, 0.1904662802199465]
[40.0, 0.0, 0.1904662802199465]
[40.0, 0.0, 0.1904662802199465]
[40.0, 0.0, 0.1904662802199465]
[40.0, 0.0, 0.1904662802199465]
[40.0, 0.0, 0.1904662802199465]
[40.0, 0.0, 0.1904662802199465]
[40.0, 0.0, 0.1904662802199465]
[40.0, 0.0, 0.1904662802199465]
[40.0, 0.0, 0.1904662802199465]
[40.0, 0.0, 0.1904662802199465]
[40.0, 0.0, 0.1904662802199465]
[40.0, 0.0, 0.1904662802199465]
[40.0, 0.0, 0.1904662802199465]
[40.0, 0.0, 0.1904662802199465]
[40.0, 0.0, 0.1904662802199465]
[40.0, 0.0, 0.1904662802199465]
[40.0, 0.0, 0.1904662802199465]
[40.0, 0.0, 0.1904662802199465]
[40.0, 0.0, 0.2828526583247457]
[40.0, 0.0, 0.2828526583247457]
[40.0, 0.0, 0.2828526583247457]
[40.0, 0.0, 0.2828526583247457]
[40.0, 0.0, 0.2828526583247457]
[40.0, 0.0, 0.2828526583247457]
[40.0, 0.0, 0.2828526583247457]
[40.0, 0.0, 0.2828526583247457]
[40.0, 0.0, 0.2828526583247457]
[40.0, 0.0, 0.2828526583247457]
[40.0, 0.0, 0.2828526583247457]
>>>> 
