----------------------------
RRT search Summary          
----------------------------
Map Name               : Random
Total paths found      : 1
Total number of nodes  : 939
Total elapsed time     : 60.54645609855652 s
Solver                 : RRTstar 
----------------------------
Path number   : 0
Path length   : 1201.5060129592778
Time required : 49.12792181968689 s
>>>> Nodes
[1101.918812661981, 504.07473715286926, 1.3622743686022452]
[1100.6461254198641, 498.0600829529295, 1.3622743686022452]
[1099.3734381777472, 492.0454287529898, 1.3622743686022452]
[1098.1007509356302, 486.03077455305004, 1.3622743686022452]
[1096.8280636935133, 480.0161203531103, 1.3622743686022452]
[1095.5553764513963, 474.00146615317055, 1.3622743686022452]
[1094.2826892092794, 467.9868119532308, 1.3622743686022452]
[1093.0100019671625, 461.97215775329107, 1.3622743686022452]
[1091.7373147250453, 455.95750355335133, 1.3622743686022452]
[1090.4646274829283, 449.94284935341153, 1.3622743686022452]
[1089.1919402408114, 443.9281951534718, 1.3622743686022452]
[1087.9192529986944, 437.91354095353205, 1.3622743686022452]
[1086.6465657565775, 431.8988867535923, 1.3622743686022452]
[1085.3738785144606, 425.88423255365257, 1.3622743686022452]
[1084.1011912723436, 419.8695783537128, 1.3622743686022452]
[1082.8285040302267, 413.8549241537731, 1.3622743686022452]
[1082.8285040302267, 413.8549241537731, 1.3622743686022454]
[1079.7147376054347, 404.86399252929573, 1.1125275878945986]
[1074.4753895562972, 396.92159837865154, 0.8627808071869517]
[1067.4355610300024, 390.5205666536437, 0.6130340264793048]
[1060.620090793654, 385.7262610294921, 0.6130340264793064]
[1053.804620557306, 380.93195540534043, 0.6130340264793064]
[1046.9891503209578, 376.13764978118877, 0.6130340264793064]
[1040.1736800846095, 371.34334415703717, 0.6130340264793064]
[1033.3582098482614, 366.5490385328855, 0.6130340264793064]
[1026.542739611913, 361.7547329087339, 0.6130340264793064]
[1019.7272693755648, 356.96042728458224, 0.6130340264793064]
[1012.9117991392166, 352.16612166043063, 0.6130340264793064]
[1006.0963289028684, 347.371816036279, 0.6130340264793064]
[999.2808586665202, 342.57751041212737, 0.6130340264793064]
[992.465388430172, 337.7832047879757, 0.6130340264793064]
[985.6499181938237, 332.9888991638241, 0.6130340264793064]
[978.8344479574755, 328.19459353967244, 0.6130340264793064]
[972.0189777211273, 323.40028791552083, 0.6130340264793064]
[965.203507484779, 318.6059822913692, 0.6130340264793064]
[958.3880372484308, 313.81167666721757, 0.6130340264793064]
[951.5725670120826, 309.0173710430659, 0.6130340264793064]
[951.5725670120826, 309.01737104306585, 0.6130340264793075]
[943.111319948242, 300.8526905660456, 0.9220908903136218]
[937.9340238321596, 294.0239593676749, 0.9220908903136217]
[932.7567277160772, 287.1952281693041, 0.9220908903136217]
[927.5794315999949, 280.3664969709333, 0.9220908903136217]
[922.4021354839125, 273.5377657725626, 0.9220908903136217]
[917.2248393678301, 266.7090345741918, 0.9220908903136217]
[912.0475432517478, 259.88030337582103, 0.9220908903136217]
[906.8702471356654, 253.05157217745025, 0.9220908903136217]
[901.692951019583, 246.22284097907948, 0.9220908903136217]
[896.5156549035007, 239.39410978070873, 0.9220908903136217]
[891.3383587874183, 232.56537858233796, 0.9220908903136217]
[886.1610626713359, 225.73664738396718, 0.9220908903136217]
[880.9837665552535, 218.9079161855964, 0.9220908903136217]
[875.8064704391712, 212.07918498722566, 0.9220908903136217]
[870.6291743230888, 205.25045378885488, 0.9220908903136217]
[870.6291743230888, 205.25045378885488, 0.922090890313622]
[863.39422687015, 197.98542797576883, 0.6528541775103543]
[854.4874583183694, 192.90659556303797, 0.3836174647070867]
[844.5506154451167, 190.37989446795766, 0.11438075190381891]
[834.2996635136706, 190.58737750527405, -0.15485596089944864]
[830.4197664082266, 191.19305188906588, -0.1548559608994475]
[826.5398693027827, 191.7987262728577, -0.1548559608994475]
[822.6599721973387, 192.40440065664953, -0.1548559608994475]
[818.7800750918947, 193.01007504044134, -0.1548559608994475]
[814.9001779864508, 193.61574942423317, -0.1548559608994475]
[811.0202808810068, 194.22142380802498, -0.1548559608994475]
[807.1403837755628, 194.82709819181682, -0.1548559608994475]
[803.2604866701189, 195.43277257560862, -0.1548559608994475]
[799.3805895646749, 196.03844695940046, -0.1548559608994475]
[795.5006924592309, 196.6441213431923, -0.1548559608994475]
[791.620795353787, 197.2497957269841, -0.1548559608994475]
[787.740898248343, 197.85547011077594, -0.1548559608994475]
[783.861001142899, 198.46114449456775, -0.1548559608994475]
[779.9811040374551, 199.06681887835958, -0.1548559608994475]
[776.1012069320111, 199.6724932621514, -0.1548559608994475]
[772.2213098265671, 200.27816764594323, -0.1548559608994475]
[768.3414127211232, 200.88384202973504, -0.1548559608994475]
[764.4615156156792, 201.48951641352687, -0.1548559608994475]
[762.5810256478737, 201.7354207295451, -0.10520061130011404]
[753.8146043262125, 202.66107090915614, -0.10520061130011349]
[745.0481830045512, 203.58672108876718, -0.10520061130011349]
[736.28176168289, 204.51237126837822, -0.10520061130011349]
[727.5153403612287, 205.43802144798926, -0.10520061130011349]
[718.7489190395675, 206.3636716276003, -0.10520061130011349]
[709.9824977179062, 207.28932180721134, -0.10520061130011349]
[701.216076396245, 208.21497198682238, -0.10520061130011349]
[692.4496550745837, 209.14062216643342, -0.10520061130011349]
[683.6832337529223, 210.06627234604446, -0.10520061130011349]
[674.9168124312611, 210.9919225256555, -0.10520061130011349]
[666.1503911095998, 211.91757270526654, -0.10520061130011349]
[657.3839697879386, 212.84322288487758, -0.10520061130011349]
[648.6175484662773, 213.76887306448862, -0.10520061130011349]
[639.851127144616, 214.69452324409966, -0.10520061130011349]
[631.0847058229548, 215.6201734237107, -0.10520061130011349]
[622.3182845012935, 216.54582360332174, -0.10520061130011349]
[622.3182845012935, 216.54582360332174, -0.10520061130011404]
[611.3107870807047, 216.11075515577085, 0.1842089612825626]
[600.8852261099379, 212.55239001667263, 0.4736185338652392]
[592.9361185708658, 208.47826157895034, 0.4736185338652391]
[584.9870110317937, 204.40413314122804, 0.4736185338652391]
[577.0379034927216, 200.33000470350578, 0.4736185338652391]
[569.0887959536494, 196.2558762657835, 0.4736185338652391]
[561.1396884145773, 192.18174782806122, 0.4736185338652391]
[553.1905808755052, 188.10761939033893, 0.4736185338652391]
[545.2414733364332, 184.03349095261666, 0.4736185338652391]
[537.2923657973611, 179.95936251489437, 0.4736185338652391]
[529.343258258289, 175.88523407717207, 0.4736185338652391]
[521.3941507192169, 171.8111056394498, 0.4736185338652391]
[513.4450431801448, 167.7369772017275, 0.4736185338652391]
[505.49593564107266, 163.66284876400522, 0.4736185338652391]
[497.5468281020006, 159.58872032628295, 0.4736185338652391]
[489.59772056292843, 155.51459188856066, 0.4736185338652391]
[481.64861302385634, 151.44046345083837, 0.4736185338652391]
[473.69950548478425, 147.3663350131161, 0.4736185338652391]
[465.75039794571217, 143.2922065753938, 0.4736185338652391]
[457.80129040664, 139.21807813767154, 0.4736185338652391]
[449.85218286756793, 135.14394969994925, 0.4736185338652391]
[438.9296255189426, 131.09174143654215, 0.31308383570558806]
[433.6646620683339, 129.38730878868645, 0.31308383570558806]
[428.3996986177252, 127.68287614083079, 0.31308383570558806]
[423.13473516711656, 125.9784434929751, 0.31308383570558806]
[417.86977171650784, 124.27401084511942, 0.31308383570558806]
[412.6048082658991, 122.56957819726374, 0.31308383570558806]
[407.33984481529046, 120.86514554940806, 0.31308383570558806]
[402.07488136468174, 119.16071290155237, 0.31308383570558806]
[396.809917914073, 117.45628025369669, 0.31308383570558806]
[391.54495446346436, 115.75184760584102, 0.31308383570558806]
[386.27999101285565, 114.04741495798534, 0.31308383570558806]
[381.0150275622469, 112.34298231012966, 0.31308383570558806]
[375.75006411163827, 110.63854966227397, 0.31308383570558806]
[370.48510066102955, 108.93411701441829, 0.31308383570558806]
[365.22013721042083, 107.22968436656261, 0.31308383570558806]
[359.95517375981217, 105.52525171870693, 0.31308383570558806]
[354.69021030920345, 103.82081907085126, 0.31308383570558806]
[349.4252468585948, 102.11638642299557, 0.31308383570558806]
[344.16028340798607, 100.41195377513989, 0.31308383570558806]
[327.9763840610362, 96.80696156554171, 0.205969944133675]
[315.7450273043692, 94.25142875934887, 0.205969944133675]
[303.5136705477023, 91.69589595315604, 0.205969944133675]
[291.28231379103534, 89.14036314696321, 0.205969944133675]
[279.0509570343684, 86.58483034077037, 0.205969944133675]
[266.81960027770145, 84.02929753457752, 0.205969944133675]
[254.58824352103449, 81.47376472838468, 0.205969944133675]
[242.35688676436757, 78.91823192219184, 0.205969944133675]
[230.1255300077006, 76.362699115999, 0.205969944133675]
[217.89417325103364, 73.80716630980616, 0.205969944133675]
[205.66281649436672, 71.25163350361332, 0.205969944133675]
[193.43145973769975, 68.69610069742049, 0.205969944133675]
[181.2001029810328, 66.14056789122765, 0.205969944133675]
[168.96874622436587, 63.585035085034804, 0.205969944133675]
[156.7373894676989, 61.02950227884197, 0.205969944133675]
[144.50603271103196, 58.473969472649124, 0.205969944133675]
[132.27467595436502, 55.91843666645629, 0.205969944133675]
[120.04331919769808, 53.362903860263444, 0.205969944133675]
[107.81196244103113, 50.80737105407061, 0.205969944133675]
>>>> 
>>>> inputs
[40.0, 0.0, 0.15104537968955029]
[40.0, 0.0, 0.15104537968955029]
[40.0, 0.0, 0.15104537968955029]
[40.0, 0.0, 0.15104537968955029]
[40.0, 0.0, 0.15104537968955029]
[40.0, 0.0, 0.15104537968955029]
[40.0, 0.0, 0.15104537968955029]
[40.0, 0.0, 0.15104537968955029]
[40.0, 0.0, 0.15104537968955029]
[40.0, 0.0, 0.15104537968955029]
[40.0, 0.0, 0.15104537968955029]
[40.0, 0.0, 0.15104537968955029]
[40.0, 0.0, 0.15104537968955029]
[40.0, 0.0, 0.15104537968955029]
[40.0, 0.0, 0.15104537968955029]
[40.0, 0.8669840139434847, 0.15104537968955029]
[40.0, 0.8669840139434847, 0.15104537968955029]
[40.0, 0.8669840139434847, 0.15104537968955029]
[40.0, 0.8669840139434847, 0.15104537968955029]
[40.0, 0.0, 0.15104537968955029]
[40.0, 0.0, 0.19182894583653626]
[40.0, 0.0, 0.19182894583653626]
[40.0, 0.0, 0.19182894583653626]
[40.0, 0.0, 0.19182894583653626]
[40.0, 0.0, 0.19182894583653626]
[40.0, 0.0, 0.19182894583653626]
[40.0, 0.0, 0.19182894583653626]
[40.0, 0.0, 0.19182894583653626]
[40.0, 0.0, 0.19182894583653626]
[40.0, 0.0, 0.19182894583653626]
[40.0, 0.0, 0.19182894583653626]
[40.0, 0.0, 0.19182894583653626]
[40.0, 0.0, 0.19182894583653626]
[40.0, 0.0, 0.19182894583653626]
[40.0, 0.0, 0.19182894583653626]
[40.0, 0.0, 0.19182894583653626]
[40.0, -0.8669840139434847, 0.19182894583653626]
[40.0, -0.8669840139434847, 0.19182894583653626]
[40.0, 0.0, 0.19182894583653626]
[40.0, 0.0, 0.19182894583653626]
[40.0, 0.0, 0.20138630135170416]
[40.0, 0.0, 0.20138630135170416]
[40.0, 0.0, 0.20138630135170416]
[40.0, 0.0, 0.20138630135170416]
[40.0, 0.0, 0.20138630135170416]
[40.0, 0.0, 0.20138630135170416]
[40.0, 0.0, 0.20138630135170416]
[40.0, 0.0, 0.20138630135170416]
[40.0, 0.0, 0.20138630135170416]
[40.0, 0.0, 0.20138630135170416]
[40.0, 0.0, 0.20138630135170416]
[40.0, 0.0, 0.20138630135170416]
[40.0, 0.8669840139434847, 0.20138630135170416]
[40.0, 0.8669840139434847, 0.20138630135170416]
[40.0, 0.8669840139434847, 0.20138630135170416]
[40.0, 0.8669840139434847, 0.20138630135170416]
[40.0, 0.8669840139434847, 0.20138630135170416]
[40.0, 0.0, 0.20138630135170416]
[40.0, 0.0, 0.20138630135170416]
[40.0, 0.0, 0.20138630135170416]
[40.0, 0.0, 0.09072583009131151]
[40.0, 0.0, 0.09072583009131151]
[40.0, 0.0, 0.09072583009131151]
[40.0, 0.0, 0.09072583009131151]
[40.0, 0.0, 0.09072583009131151]
[40.0, 0.0, 0.09072583009131151]
[40.0, 0.0, 0.09072583009131151]
[40.0, 0.0, 0.09072583009131151]
[40.0, 0.0, 0.09072583009131151]
[40.0, 0.0, 0.09072583009131151]
[40.0, 0.0, 0.09072583009131151]
[40.0, 0.0, 0.09072583009131151]
[40.0, 0.0, 0.09072583009131151]
[40.0, 0.0, 0.09072583009131151]
[40.0, 0.0, 0.09072583009131151]
[40.0, -0.8669840139434847, 0.09072583009131151]
[40.0, 0.0, 0.09072583009131151]
[40.0, 0.0, 0.09072583009131151]
[40.0, 0.0, 0.09072583009131151]
[40.0, 0.0, 0.09072583009131151]
[40.0, 0.0, 0.2039396935996966]
[40.0, 0.0, 0.2039396935996966]
[40.0, 0.0, 0.2039396935996966]
[40.0, 0.0, 0.2039396935996966]
[40.0, 0.0, 0.2039396935996966]
[40.0, 0.0, 0.2039396935996966]
[40.0, 0.0, 0.2039396935996966]
[40.0, 0.0, 0.2039396935996966]
[40.0, 0.0, 0.2039396935996966]
[40.0, 0.0, 0.2039396935996966]
[40.0, 0.0, 0.2039396935996966]
[40.0, 0.0, 0.2039396935996966]
[40.0, -0.8669840139434847, 0.2039396935996966]
[40.0, -0.8669840139434847, 0.2039396935996966]
[40.0, -0.8669840139434847, 0.2039396935996966]
[40.0, 0.0, 0.2039396935996966]
[40.0, 0.0, 0.2039396935996966]
[40.0, 0.0, 0.2039396935996966]
[40.0, 0.0, 0.2039396935996966]
[40.0, 0.0, 0.2039396935996966]
[40.0, 0.0, 0.21980822212347748]
[40.0, 0.0, 0.21980822212347748]
[40.0, 0.0, 0.21980822212347748]
[40.0, 0.0, 0.21980822212347748]
[40.0, 0.0, 0.21980822212347748]
[40.0, 0.0, 0.21980822212347748]
[40.0, 0.0, 0.21980822212347748]
[40.0, 0.0, 0.21980822212347748]
[40.0, 0.0, 0.21980822212347748]
[40.0, 0.0, 0.21980822212347748]
[40.0, 0.0, 0.21980822212347748]
[40.0, 0.0, 0.21980822212347748]
[40.0, 0.0, 0.21980822212347748]
[40.0, 0.0, 0.21980822212347748]
[40.0, 0.0, 0.21980822212347748]
[40.0, 0.0, 0.21980822212347748]
[40.0, 0.0, 0.21980822212347748]
[40.0, 0.0, 0.21980822212347748]
[40.0, 0.0, 0.21980822212347748]
[40.0, 0.0, 0.21980822212347748]
[40.0, 0.0, 0.13654632832717892]
[40.0, 0.0, 0.13654632832717892]
[40.0, 0.0, 0.13654632832717892]
[40.0, 0.0, 0.13654632832717892]
[40.0, 0.0, 0.13654632832717892]
[40.0, 0.0, 0.13654632832717892]
[40.0, 0.0, 0.13654632832717892]
[40.0, 0.0, 0.13654632832717892]
[40.0, 0.0, 0.13654632832717892]
[40.0, 0.0, 0.13654632832717892]
[40.0, 0.0, 0.13654632832717892]
[40.0, 0.0, 0.13654632832717892]
[40.0, 0.0, 0.13654632832717892]
[40.0, 0.0, 0.13654632832717892]
[40.0, 0.0, 0.13654632832717892]
[40.0, 0.0, 0.13654632832717892]
[40.0, 0.0, 0.13654632832717892]
[40.0, 0.0, 0.13654632832717892]
[40.0, 0.0, 0.13654632832717892]
[40.0, 0.0, 0.13654632832717892]
[40.0, 0.0, 0.3066018151796423]
[40.0, 0.0, 0.3066018151796423]
[40.0, 0.0, 0.3066018151796423]
[40.0, 0.0, 0.3066018151796423]
[40.0, 0.0, 0.3066018151796423]
[40.0, 0.0, 0.3066018151796423]
[40.0, 0.0, 0.3066018151796423]
[40.0, 0.0, 0.3066018151796423]
[40.0, 0.0, 0.3066018151796423]
[40.0, 0.0, 0.3066018151796423]
[40.0, 0.0, 0.3066018151796423]
[40.0, 0.0, 0.3066018151796423]
>>>> 
