----------------------------
RRT search Summary          
----------------------------
Map Name               : Random
Total paths found      : 2
Total number of nodes  : 1382
Total elapsed time     : 84.70810914039612 s
Solver                 : RRTstar 
----------------------------
Path number   : 0
Path length   : 1182.2273574847025
Time required : 10.873268365859985 s
>>>> Nodes
[1088.5613721811558, 512.7465155667115, 1.0296205616143341]
[1086.3725183678696, 509.1046715638023, 1.0296205616143341]
[1084.1836645545834, 505.462827560893, 1.0296205616143341]
[1081.994810741297, 501.82098355798377, 1.0296205616143341]
[1079.8059569280108, 498.17913955507447, 1.0296205616143341]
[1077.6171031147246, 494.53729555216523, 1.0296205616143341]
[1075.4282493014384, 490.89545154925594, 1.0296205616143341]
[1073.239395488152, 487.2536075463467, 1.0296205616143341]
[1071.0505416748658, 483.6117635434374, 1.0296205616143341]
[1068.8616878615796, 479.96991954052817, 1.0296205616143341]
[1066.6728340482935, 476.32807553761893, 1.0296205616143341]
[1064.4839802350073, 472.68623153470963, 1.0296205616143341]
[1062.2951264217209, 469.0443875318004, 1.0296205616143341]
[1060.1062726084347, 465.4025435288911, 1.0296205616143341]
[1057.9174187951485, 461.76069952598186, 1.0296205616143341]
[1055.7285649818623, 458.11885552307257, 1.0296205616143341]
[1053.5397111685759, 454.47701152016333, 1.0296205616143341]
[1051.3508573552897, 450.83516751725404, 1.0296205616143341]
[1049.1620035420035, 447.1933235143448, 1.0296205616143341]
[1044.3010438716124, 440.75825588183653, 0.8180936636084439]
[1037.3781213313005, 433.3671625980621, 0.818093663608443]
[1030.4551987909888, 425.97606931428766, 0.818093663608443]
[1023.5322762506769, 418.58497603051325, 0.818093663608443]
[1016.6093537103651, 411.19388274673884, 0.818093663608443]
[1009.6864311700533, 403.80278946296437, 0.818093663608443]
[1002.7635086297415, 396.41169617918996, 0.818093663608443]
[995.8405860894296, 389.02060289541555, 0.818093663608443]
[988.9176635491178, 381.6295096116411, 0.818093663608443]
[981.994741008806, 374.2384163278667, 0.818093663608443]
[975.0718184684943, 366.84732304409226, 0.818093663608443]
[968.1488959281824, 359.4562297603178, 0.818093663608443]
[961.2259733878706, 352.0651364765434, 0.818093663608443]
[954.3030508475588, 344.6740431927689, 0.818093663608443]
[947.380128307247, 337.2829499089945, 0.818093663608443]
[940.4572057669351, 329.8918566252201, 0.818093663608443]
[933.5342832266233, 322.50076334144563, 0.818093663608443]
[926.6113606863115, 315.1096700576712, 0.818093663608443]
[926.6113606863115, 315.1096700576712, 0.8180936636084422]
[920.0282909059721, 305.4736116941776, 1.1248161862824593]
[917.7944940554063, 300.80144028941424, 1.124816186282459]
[915.5606972048404, 296.12926888465086, 1.124816186282459]
[913.3269003542746, 291.45709747988747, 1.124816186282459]
[911.0931035037088, 286.78492607512413, 1.124816186282459]
[908.859306653143, 282.11275467036074, 1.124816186282459]
[906.6255098025771, 277.4405832655974, 1.124816186282459]
[904.3917129520113, 272.768411860834, 1.124816186282459]
[902.1579161014455, 268.0962404560707, 1.124816186282459]
[899.9241192508796, 263.4240690513073, 1.124816186282459]
[897.6903224003138, 258.75189764654397, 1.124816186282459]
[895.456525549748, 254.07972624178058, 1.124816186282459]
[893.2227286991821, 249.40755483701722, 1.124816186282459]
[890.9889318486163, 244.73538343225385, 1.124816186282459]
[888.7551349980505, 240.0632120274905, 1.124816186282459]
[886.5213381474847, 235.39104062272713, 1.124816186282459]
[884.2875412969188, 230.71886921796377, 1.124816186282459]
[882.053744446353, 226.0466978132004, 1.124816186282459]
[882.053744446353, 226.0466978132004, 1.1248161862824593]
[873.0483730032191, 214.04411772567676, 0.7294078319409703]
[868.0420627384871, 209.56921892550474, 0.729407831940971]
[863.0357524737551, 205.09432012533279, 0.729407831940971]
[858.029442209023, 200.61942132516077, 0.729407831940971]
[853.023131944291, 196.1445225249888, 0.729407831940971]
[848.016821679559, 191.6696237248168, 0.729407831940971]
[843.010511414827, 187.19472492464482, 0.729407831940971]
[838.0042011500949, 182.71982612447283, 0.729407831940971]
[832.997890885363, 178.24492732430082, 0.729407831940971]
[827.9915806206309, 173.77002852412883, 0.729407831940971]
[822.9852703558988, 169.29512972395685, 0.729407831940971]
[817.9789600911669, 164.82023092378486, 0.729407831940971]
[812.9726498264348, 160.34533212361288, 0.729407831940971]
[807.9663395617027, 155.87043332344086, 0.729407831940971]
[802.9600292969708, 151.39553452326888, 0.729407831940971]
[797.9537190322387, 146.9206357230969, 0.729407831940971]
[797.9537190322387, 146.92063572309686, 0.7294078319409707]
[790.8665968436815, 141.908669933887, 0.5016670258698879]
[782.8308837395349, 138.62622924202415, 0.27392621979880505]
[774.2615607354475, 137.24282574362988, 0.046185413727722224]
[764.9842111815856, 136.81404259479248, 0.04618541372772294]
[755.7068616277238, 136.38525944595509, 0.04618541372772294]
[746.4295120738619, 135.9564762971177, 0.04618541372772294]
[737.1521625200002, 135.52769314828032, 0.04618541372772294]
[727.8748129661383, 135.09890999944292, 0.04618541372772294]
[718.5974634122765, 134.67012685060553, 0.04618541372772294]
[709.3201138584146, 134.24134370176813, 0.04618541372772294]
[700.0427643045527, 133.81256055293073, 0.04618541372772294]
[690.765414750691, 133.38377740409334, 0.04618541372772294]
[681.4880651968291, 132.95499425525597, 0.04618541372772294]
[672.2107156429673, 132.52621110641857, 0.04618541372772294]
[662.9333660891054, 132.09742795758117, 0.04618541372772294]
[653.6560165352437, 131.66864480874378, 0.04618541372772294]
[644.3786669813818, 131.23986165990638, 0.04618541372772294]
[635.1013174275199, 130.81107851106898, 0.04618541372772294]
[625.8239678736581, 130.38229536223162, 0.04618541372772294]
[616.5466183197963, 129.95351221339422, 0.04618541372772294]
[607.2692687659345, 129.52472906455682, 0.04618541372772294]
[597.9919192120726, 129.09594591571943, 0.04618541372772294]
[589.1211446388738, 129.34937505664885, -0.04739529248417374]
[583.8235849230487, 129.60064261894053, -0.04739529248417374]
[578.5260252072235, 129.85191018123217, -0.04739529248417374]
[573.2284654913982, 130.10317774352384, -0.04739529248417374]
[567.930905775573, 130.35444530581552, -0.04739529248417374]
[562.6333460597479, 130.6057128681072, -0.04739529248417374]
[557.3357863439227, 130.85698043039883, -0.04739529248417374]
[552.0382266280975, 131.1082479926905, -0.04739529248417374]
[546.7406669122723, 131.35951555498218, -0.04739529248417374]
[541.4431071964472, 131.61078311727385, -0.04739529248417374]
[536.1455474806219, 131.8620506795655, -0.04739529248417374]
[530.8479877647967, 132.11331824185717, -0.04739529248417374]
[525.5504280489715, 132.36458580414885, -0.04739529248417374]
[520.2528683331464, 132.61585336644052, -0.04739529248417374]
[514.9553086173212, 132.86712092873216, -0.04739529248417374]
[509.65774890149595, 133.11838849102384, -0.04739529248417374]
[504.3601891856708, 133.3696560533155, -0.04739529248417374]
[504.3601891856708, 133.3696560533155, -0.04739529248417407]
[497.2581742128288, 133.04413961379734, 0.13899993719496817]
[488.7078959706374, 131.8479376009333, 0.13899993719496845]
[480.157617728446, 130.65173558806924, 0.13899993719496845]
[471.60733948625455, 129.4555335752052, 0.13899993719496845]
[463.05706124406316, 128.25933156234117, 0.13899993719496845]
[454.5067830018718, 127.06312954947711, 0.13899993719496845]
[445.95650475968034, 125.86692753661306, 0.13899993719496845]
[437.40622651748896, 124.67072552374903, 0.13899993719496845]
[428.8559482752976, 123.47452351088498, 0.13899993719496845]
[420.30567003310614, 122.27832149802093, 0.13899993719496845]
[411.75539179091476, 121.08211948515688, 0.13899993719496845]
[403.2051135487234, 119.88591747229285, 0.13899993719496845]
[394.65483530653194, 118.6897154594288, 0.13899993719496845]
[386.10455706434055, 117.49351344656475, 0.13899993719496845]
[377.5542788221492, 116.2973114337007, 0.13899993719496845]
[369.00400057995773, 115.10110942083665, 0.13899993719496845]
[360.45372233776635, 113.90490740797262, 0.13899993719496845]
[351.9034440955749, 112.70870539510857, 0.13899993719496845]
[343.35316585338353, 111.51250338224452, 0.13899993719496845]
[339.06805666612536, 110.66071678771267, 0.25344115226523356]
[326.9896028963576, 107.53226834816203, 0.2534411522652329]
[314.91114912658986, 104.40381990861141, 0.2534411522652329]
[302.8326953568221, 101.27537146906079, 0.2534411522652329]
[290.75424158705437, 98.14692302951016, 0.2534411522652329]
[278.6757878172866, 95.01847458995954, 0.2534411522652329]
[266.5973340475188, 91.89002615040891, 0.2534411522652329]
[254.51888027775107, 88.76157771085829, 0.2534411522652329]
[242.44042650798332, 85.63312927130767, 0.2534411522652329]
[230.36197273821557, 82.50468083175704, 0.2534411522652329]
[218.2835189684478, 79.37623239220642, 0.2534411522652329]
[206.20506519868005, 76.2477839526558, 0.2534411522652329]
[194.1266114289123, 73.11933551310517, 0.2534411522652329]
[182.04815765914452, 69.99088707355453, 0.2534411522652329]
[169.96970388937677, 66.86243863400391, 0.2534411522652329]
[157.89125011960903, 63.733990194453284, 0.2534411522652329]
[145.81279634984128, 60.60554175490266, 0.2534411522652329]
[133.73434258007353, 57.477093315352036, 0.2534411522652329]
[121.65588881030575, 54.348644875801405, 0.2534411522652329]
[109.577435040538, 51.22019643625078, 0.2534411522652329]
>>>> 
>>>> inputs
[40.0, 0.0, 0.10570245073141074]
[40.0, 0.0, 0.10570245073141074]
[40.0, 0.0, 0.10570245073141074]
[40.0, 0.0, 0.10570245073141074]
[40.0, 0.0, 0.10570245073141074]
[40.0, 0.0, 0.10570245073141074]
[40.0, 0.0, 0.10570245073141074]
[40.0, 0.0, 0.10570245073141074]
[40.0, 0.0, 0.10570245073141074]
[40.0, 0.0, 0.10570245073141074]
[40.0, 0.0, 0.10570245073141074]
[40.0, 0.0, 0.10570245073141074]
[40.0, 0.0, 0.10570245073141074]
[40.0, 0.0, 0.10570245073141074]
[40.0, 0.0, 0.10570245073141074]
[40.0, 0.0, 0.10570245073141074]
[40.0, 0.0, 0.10570245073141074]
[40.0, 0.0, 0.10570245073141074]
[40.0, 0.8669840139434847, 0.10570245073141074]
[40.0, 0.0, 0.10570245073141074]
[40.0, 0.0, 0.2298426093246709]
[40.0, 0.0, 0.2298426093246709]
[40.0, 0.0, 0.2298426093246709]
[40.0, 0.0, 0.2298426093246709]
[40.0, 0.0, 0.2298426093246709]
[40.0, 0.0, 0.2298426093246709]
[40.0, 0.0, 0.2298426093246709]
[40.0, 0.0, 0.2298426093246709]
[40.0, 0.0, 0.2298426093246709]
[40.0, 0.0, 0.2298426093246709]
[40.0, 0.0, 0.2298426093246709]
[40.0, 0.0, 0.2298426093246709]
[40.0, 0.0, 0.2298426093246709]
[40.0, 0.0, 0.2298426093246709]
[40.0, 0.0, 0.2298426093246709]
[40.0, 0.0, 0.2298426093246709]
[40.0, -0.8669840139434847, 0.2298426093246709]
[40.0, -0.8669840139434847, 0.2298426093246709]
[40.0, 0.0, 0.2298426093246709]
[40.0, 0.0, 0.2298426093246709]
[40.0, 0.0, 0.1289269390535655]
[40.0, 0.0, 0.1289269390535655]
[40.0, 0.0, 0.1289269390535655]
[40.0, 0.0, 0.1289269390535655]
[40.0, 0.0, 0.1289269390535655]
[40.0, 0.0, 0.1289269390535655]
[40.0, 0.0, 0.1289269390535655]
[40.0, 0.0, 0.1289269390535655]
[40.0, 0.0, 0.1289269390535655]
[40.0, 0.0, 0.1289269390535655]
[40.0, 0.0, 0.1289269390535655]
[40.0, 0.0, 0.1289269390535655]
[40.0, 0.0, 0.1289269390535655]
[40.0, 0.0, 0.1289269390535655]
[40.0, 0.0, 0.1289269390535655]
[40.0, 0.8669840139434847, 0.1289269390535655]
[40.0, 0.8669840139434847, 0.1289269390535655]
[40.0, 0.0, 0.1289269390535655]
[40.0, 0.0, 0.1289269390535655]
[40.0, 0.0, 0.1289269390535655]
[40.0, 0.0, 0.15852302189565673]
[40.0, 0.0, 0.15852302189565673]
[40.0, 0.0, 0.15852302189565673]
[40.0, 0.0, 0.15852302189565673]
[40.0, 0.0, 0.15852302189565673]
[40.0, 0.0, 0.15852302189565673]
[40.0, 0.0, 0.15852302189565673]
[40.0, 0.0, 0.15852302189565673]
[40.0, 0.0, 0.15852302189565673]
[40.0, 0.0, 0.15852302189565673]
[40.0, 0.0, 0.15852302189565673]
[40.0, 0.0, 0.15852302189565673]
[40.0, 0.8669840139434847, 0.15852302189565673]
[40.0, 0.8669840139434847, 0.15852302189565673]
[40.0, 0.8669840139434847, 0.15852302189565673]
[40.0, 0.8669840139434847, 0.15852302189565673]
[40.0, 0.0, 0.15852302189565673]
[40.0, 0.0, 0.15852302189565673]
[40.0, 0.0, 0.15852302189565673]
[40.0, 0.0, 0.15852302189565673]
[40.0, 0.0, 0.22504041019201013]
[40.0, 0.0, 0.22504041019201013]
[40.0, 0.0, 0.22504041019201013]
[40.0, 0.0, 0.22504041019201013]
[40.0, 0.0, 0.22504041019201013]
[40.0, 0.0, 0.22504041019201013]
[40.0, 0.0, 0.22504041019201013]
[40.0, 0.0, 0.22504041019201013]
[40.0, 0.0, 0.22504041019201013]
[40.0, 0.0, 0.22504041019201013]
[40.0, 0.0, 0.22504041019201013]
[40.0, 0.0, 0.22504041019201013]
[40.0, 0.0, 0.22504041019201013]
[40.0, 0.0, 0.22504041019201013]
[40.0, 0.0, 0.22504041019201013]
[40.0, 0.0, 0.22504041019201013]
[40.0, 0.0, 0.22504041019201013]
[40.0, 0.0, 0.22504041019201013]
[40.0, 0.0, 0.22504041019201013]
[40.0, 0.0, 0.22504041019201013]
[40.0, 0.0, 0.12159941636247447]
[40.0, 0.0, 0.12159941636247447]
[40.0, 0.0, 0.12159941636247447]
[40.0, 0.0, 0.12159941636247447]
[40.0, 0.0, 0.12159941636247447]
[40.0, 0.0, 0.12159941636247447]
[40.0, 0.0, 0.12159941636247447]
[40.0, 0.0, 0.12159941636247447]
[40.0, 0.0, 0.12159941636247447]
[40.0, 0.0, 0.12159941636247447]
[40.0, 0.0, 0.12159941636247447]
[40.0, 0.0, 0.12159941636247447]
[40.0, -0.8669840139434847, 0.12159941636247447]
[40.0, -0.8669840139434847, 0.12159941636247447]
[40.0, 0.0, 0.12159941636247447]
[40.0, 0.0, 0.12159941636247447]
[40.0, 0.0, 0.12159941636247447]
[40.0, 0.0, 0.12159941636247447]
[40.0, 0.0, 0.12159941636247447]
[40.0, 0.0, 0.12159941636247447]
[40.0, 0.0, 0.19971900360854905]
[40.0, 0.0, 0.19971900360854905]
[40.0, 0.0, 0.19971900360854905]
[40.0, 0.0, 0.19971900360854905]
[40.0, 0.0, 0.19971900360854905]
[40.0, 0.0, 0.19971900360854905]
[40.0, 0.0, 0.19971900360854905]
[40.0, 0.0, 0.19971900360854905]
[40.0, 0.0, 0.19971900360854905]
[40.0, 0.0, 0.19971900360854905]
[40.0, 0.0, 0.19971900360854905]
[40.0, 0.0, 0.19971900360854905]
[40.0, -0.8669840139434847, 0.19971900360854905]
[40.0, 0.0, 0.19971900360854905]
[40.0, 0.0, 0.19971900360854905]
[40.0, 0.0, 0.19971900360854905]
[40.0, 0.0, 0.19971900360854905]
[40.0, 0.0, 0.19971900360854905]
[40.0, 0.0, 0.19971900360854905]
[40.0, 0.0, 0.19971900360854905]
[40.0, 0.0, 0.3084303456875405]
[40.0, 0.0, 0.3084303456875405]
[40.0, 0.0, 0.3084303456875405]
[40.0, 0.0, 0.3084303456875405]
[40.0, 0.0, 0.3084303456875405]
[40.0, 0.0, 0.3084303456875405]
[40.0, 0.0, 0.3084303456875405]
[40.0, 0.0, 0.3084303456875405]
[40.0, 0.0, 0.3084303456875405]
[40.0, 0.0, 0.3084303456875405]
[40.0, 0.0, 0.3084303456875405]
[40.0, 0.0, 0.3084303456875405]
>>>> 
----------------------------
Path number   : 1
Path length   : 1161.4970959880777
Time required : 84.70701813697815 s
>>>> Nodes
[1091.357452929603, 508.3166434303115, 0.9963076632192547]
[1088.7388485079057, 504.2713400066693, 0.9963076632192547]
[1086.1202440862082, 500.22603658302705, 0.9963076632192547]
[1083.501639664511, 496.1807331593849, 0.9963076632192547]
[1080.8830352428138, 492.13542973574266, 0.9963076632192547]
[1078.2644308211165, 488.0901263121005, 0.9963076632192547]
[1075.645826399419, 484.04482288845827, 0.9963076632192547]
[1073.0272219777219, 479.9995194648161, 0.9963076632192547]
[1070.4086175560246, 475.9542160411739, 0.9963076632192547]
[1067.7900131343274, 471.90891261753166, 0.9963076632192547]
[1065.17140871263, 467.8636091938895, 0.9963076632192547]
[1062.5528042909327, 463.81830577024726, 0.9963076632192547]
[1059.9341998692355, 459.77300234660504, 0.9963076632192547]
[1057.3155954475383, 455.7276989229629, 0.9963076632192547]
[1054.6969910258408, 451.68239549932065, 0.9963076632192547]
[1052.0783866041436, 447.6370920756784, 0.9963076632192547]
[1049.4597821824464, 443.59178865203626, 0.9963076632192547]
[1046.8411777607491, 439.54648522839403, 0.9963076632192547]
[1044.2225733390517, 435.50118180475187, 0.9963076632192547]
[1041.6039689173545, 431.45587838110964, 0.9963076632192547]
[1035.3864416721558, 423.4113188450009, 0.8926358060251782]
[1031.4890963597754, 418.57364313060026, 0.8926358060251782]
[1027.591751047395, 413.73596741619957, 0.8926358060251782]
[1023.6944057350147, 408.89829170179894, 0.8926358060251782]
[1019.7970604226343, 404.06061598739825, 0.8926358060251782]
[1015.899715110254, 399.22294027299756, 0.8926358060251782]
[1012.0023697978736, 394.3852645585969, 0.8926358060251782]
[1008.1050244854932, 389.54758884419624, 0.8926358060251782]
[1004.2076791731129, 384.70991312979555, 0.8926358060251782]
[1000.3103338607325, 379.87223741539486, 0.8926358060251782]
[996.4129885483521, 375.03456170099423, 0.8926358060251782]
[992.5156432359718, 370.19688598659354, 0.8926358060251782]
[988.6182979235914, 365.35921027219285, 0.8926358060251782]
[984.720952611211, 360.5215345577922, 0.8926358060251782]
[980.8236072988307, 355.68385884339153, 0.8926358060251782]
[976.9262619864503, 350.84618312899084, 0.8926358060251782]
[973.0289166740699, 346.0085074145902, 0.8926358060251782]
[969.1315713616896, 341.1708317001895, 0.8926358060251782]
[968.1763790254996, 339.93423207444255, 0.9335461936926208]
[966.8067808394684, 338.08411951086015, 0.9335461936926206]
[965.4371826534373, 336.23400694727775, 0.9335461936926206]
[964.067584467406, 334.3838943836954, 0.9335461936926206]
[962.6979862813748, 332.533781820113, 0.9335461936926206]
[961.3283880953437, 330.6836692565306, 0.9335461936926206]
[959.9587899093125, 328.8335566929482, 0.9335461936926206]
[958.5891917232814, 326.9834441293658, 0.9335461936926206]
[957.2195935372501, 325.13333156578346, 0.9335461936926206]
[955.8499953512189, 323.28321900220106, 0.9335461936926206]
[954.4803971651878, 321.43310643861867, 0.9335461936926206]
[953.1107989791566, 319.58299387503627, 0.9335461936926206]
[951.7412007931254, 317.7328813114539, 0.9335461936926206]
[950.3716026070942, 315.8827687478715, 0.9335461936926206]
[949.002004421063, 314.0326561842891, 0.9335461936926206]
[947.6324062350319, 312.1825436207067, 0.9335461936926206]
[946.2628080490007, 310.3324310571243, 0.9335461936926206]
[944.8932098629695, 308.482318493542, 0.9335461936926206]
[943.5236116769383, 306.6322059299596, 0.9335461936926206]
[942.1540134909071, 304.7820933663772, 0.9335461936926206]
[938.1812933713635, 299.666698226087, 0.908646617091917]
[934.7839201766876, 295.3086065489862, 0.908646617091917]
[931.3865469820119, 290.9505148718853, 0.908646617091917]
[927.989173787336, 286.5924231947844, 0.908646617091917]
[924.5918005926602, 282.2343315176835, 0.908646617091917]
[921.1944273979843, 277.87623984058257, 0.908646617091917]
[917.7970542033086, 273.5181481634817, 0.908646617091917]
[914.3996810086328, 269.1600564863808, 0.908646617091917]
[911.0023078139569, 264.8019648092799, 0.908646617091917]
[907.6049346192812, 260.443873132179, 0.908646617091917]
[904.2075614246053, 256.0857814550782, 0.908646617091917]
[900.8101882299295, 251.72768977797728, 0.908646617091917]
[897.4128150352537, 247.36959810087637, 0.908646617091917]
[894.0154418405779, 243.0115064237755, 0.908646617091917]
[890.6180686459021, 238.6534147466746, 0.908646617091917]
[887.2206954512262, 234.29532306957373, 0.908646617091917]
[883.8233222565505, 229.93723139247282, 0.908646617091917]
[883.8233222565505, 229.93723139247285, 0.9086466170919173]
[872.4784091048413, 220.15983147053464, 0.5139987849175778]
[866.3649854852405, 216.70806749786212, 0.5139987849175771]
[860.2515618656396, 213.25630352518962, 0.5139987849175771]
[854.1381382460388, 209.80453955251713, 0.5139987849175771]
[848.024714626438, 206.35277557984463, 0.5139987849175771]
[841.9112910068372, 202.90101160717214, 0.5139987849175771]
[835.7978673872364, 199.44924763449964, 0.5139987849175771]
[829.6844437676356, 195.99748366182715, 0.5139987849175771]
[823.5710201480348, 192.54571968915462, 0.5139987849175771]
[817.4575965284339, 189.09395571648213, 0.5139987849175771]
[811.3441729088331, 185.64219174380963, 0.5139987849175771]
[805.2307492892323, 182.19042777113714, 0.5139987849175771]
[799.1173256696316, 178.73866379846464, 0.5139987849175771]
[793.0039020500307, 175.28689982579215, 0.5139987849175771]
[786.8904784304299, 171.83513585311965, 0.5139987849175771]
[780.7770548108291, 168.38337188044716, 0.5139987849175771]
[774.6636311912283, 164.93160790777466, 0.5139987849175771]
[768.5502075716274, 161.47984393510217, 0.5139987849175771]
[762.4367839520266, 158.02807996242967, 0.5139987849175771]
[751.7525664005751, 153.96027613073676, 0.21357097854343254]
[745.1544466931516, 152.52928575373312, 0.21357097854343252]
[738.5563269857281, 151.09829537672948, 0.21357097854343252]
[731.9582072783045, 149.66730499972584, 0.21357097854343252]
[725.360087570881, 148.2363146227222, 0.21357097854343252]
[718.7619678634575, 146.8053242457186, 0.21357097854343252]
[712.163848156034, 145.37433386871496, 0.21357097854343252]
[705.5657284486103, 143.94334349171132, 0.21357097854343252]
[698.9676087411868, 142.51235311470768, 0.21357097854343252]
[692.3694890337633, 141.08136273770404, 0.21357097854343252]
[685.7713693263398, 139.6503723607004, 0.21357097854343252]
[679.1732496189163, 138.21938198369676, 0.21357097854343252]
[672.5751299114927, 136.78839160669312, 0.21357097854343252]
[665.9770102040692, 135.3574012296895, 0.21357097854343252]
[659.3788904966457, 133.92641085268588, 0.21357097854343252]
[652.7807707892222, 132.49542047568224, 0.21357097854343252]
[646.1826510817987, 131.0644300986786, 0.21357097854343252]
[639.584531374375, 129.63343972167496, 0.21357097854343252]
[632.9864116669515, 128.20244934467132, 0.21357097854343252]
[626.388291959528, 126.77145896766768, 0.21357097854343252]
[613.7130803985783, 125.36672442867575, 0.08605348965566746]
[605.8508582817528, 124.68847776722384, 0.08605348965566746]
[597.9886361649275, 124.01023110577195, 0.08605348965566746]
[590.1264140481021, 123.33198444432006, 0.08605348965566746]
[582.2641919312766, 122.65373778286815, 0.08605348965566746]
[574.4019698144513, 121.97549112141625, 0.08605348965566746]
[566.5397476976259, 121.29724445996435, 0.08605348965566746]
[558.6775255808004, 120.61899779851245, 0.08605348965566746]
[550.815303463975, 119.94075113706054, 0.08605348965566746]
[542.9530813471497, 119.26250447560865, 0.08605348965566746]
[535.0908592303242, 118.58425781415676, 0.08605348965566746]
[527.2286371134988, 117.90601115270485, 0.08605348965566746]
[519.3664149966735, 117.22776449125296, 0.08605348965566746]
[511.50419287984806, 116.54951782980106, 0.08605348965566746]
[503.64197076302264, 115.87127116834915, 0.08605348965566746]
[495.7797486461972, 115.19302450689726, 0.08605348965566746]
[487.91752652937186, 114.51477784544535, 0.08605348965566746]
[480.05530441254643, 113.83653118399346, 0.08605348965566746]
[474.90534479317006, 113.03536611476349, 0.22260690363179814]
[466.5032443324998, 111.13348103982241, 0.22260690363179797]
[458.10114387182955, 109.23159596488131, 0.22260690363179797]
[449.6990434111592, 107.32971088994023, 0.22260690363179797]
[441.296942950489, 105.42782581499914, 0.22260690363179797]
[432.8948424898187, 103.52594074005805, 0.22260690363179797]
[424.4927420291484, 101.62405566511696, 0.22260690363179797]
[416.0906415684782, 99.72217059017586, 0.22260690363179797]
[407.68854110780785, 97.82028551523479, 0.22260690363179797]
[399.2864406471376, 95.9184004402937, 0.22260690363179797]
[390.88434018646734, 94.0165153653526, 0.22260690363179797]
[382.48223972579706, 92.11463029041151, 0.22260690363179797]
[374.08013926512683, 90.21274521547043, 0.22260690363179797]
[365.67803880445655, 88.31086014052934, 0.22260690363179797]
[357.27593834378627, 86.40897506558825, 0.22260690363179797]
[348.873837883116, 84.50708999064716, 0.22260690363179797]
[340.4717374224457, 82.60520491570607, 0.22260690363179797]
[332.0696369617755, 80.70331984076499, 0.22260690363179797]
[323.6675365011052, 78.8014347658239, 0.22260690363179797]
[315.2654360404349, 76.89954969088281, 0.22260690363179797]
[303.9644596569667, 75.2972749854521, 0.12487214263891011]
[296.33901045803674, 74.34008847282644, 0.12487214263891011]
[288.71356125910677, 73.38290196020075, 0.12487214263891011]
[281.0881120601768, 72.42571544757509, 0.12487214263891011]
[273.4626628612468, 71.46852893494942, 0.12487214263891011]
[265.83721366231686, 70.51134242232374, 0.12487214263891011]
[258.2117644633869, 69.55415590969807, 0.12487214263891011]
[250.5863152644569, 68.5969693970724, 0.12487214263891011]
[242.96086606552694, 67.63978288444673, 0.12487214263891011]
[235.33541686659697, 66.68259637182106, 0.12487214263891011]
[227.709967667667, 65.72540985919538, 0.12487214263891011]
[220.08451846873703, 64.76822334656971, 0.12487214263891011]
[212.45906926980706, 63.811036833944044, 0.12487214263891011]
[204.8336200708771, 62.85385032131837, 0.12487214263891011]
[197.20817087194712, 61.8966638086927, 0.12487214263891011]
[189.58272167301715, 60.939477296067025, 0.12487214263891011]
[181.95727247408718, 59.98229078344136, 0.12487214263891011]
[174.3318232751572, 59.02510427081568, 0.12487214263891011]
[166.70637407622723, 58.06791775819001, 0.12487214263891011]
[163.2613512444774, 57.63579522900651, 0.12478211739330833]
[159.81974036790194, 57.20410083039192, 0.12478211739330833]
[156.3781294913265, 56.77240643177734, 0.12478211739330833]
[152.936518614751, 56.34071203316276, 0.12478211739330833]
[149.49490773817553, 55.90901763454818, 0.12478211739330833]
[146.05329686160007, 55.47732323593359, 0.12478211739330833]
[142.61168598502462, 55.04562883731901, 0.12478211739330833]
[139.17007510844914, 54.613934438704426, 0.12478211739330833]
[135.72846423187366, 54.18224004008984, 0.12478211739330833]
[132.2868533552982, 53.750545641475256, 0.12478211739330833]
[128.84524247872275, 53.318851242860674, 0.12478211739330833]
[125.40363160214727, 52.88715684424609, 0.12478211739330833]
[121.9620207255718, 52.455462445631504, 0.12478211739330833]
[118.52040984899634, 52.02376804701692, 0.12478211739330833]
[115.07879897242087, 51.59207364840234, 0.12478211739330833]
[111.6371880958454, 51.16037924978776, 0.12478211739330833]
[108.19557721926994, 50.72868485117317, 0.12478211739330833]
[104.75396634269447, 50.29699045255859, 0.12478211739330833]
[100.0, 50.00000000000001, 0.0]
>>>> 
>>>> inputs
[40.0, 0.0, 0.11939827896049109]
[40.0, 0.0, 0.11939827896049109]
[40.0, 0.0, 0.11939827896049109]
[40.0, 0.0, 0.11939827896049109]
[40.0, 0.0, 0.11939827896049109]
[40.0, 0.0, 0.11939827896049109]
[40.0, 0.0, 0.11939827896049109]
[40.0, 0.0, 0.11939827896049109]
[40.0, 0.0, 0.11939827896049109]
[40.0, 0.0, 0.11939827896049109]
[40.0, 0.0, 0.11939827896049109]
[40.0, 0.0, 0.11939827896049109]
[40.0, 0.0, 0.11939827896049109]
[40.0, 0.0, 0.11939827896049109]
[40.0, 0.0, 0.11939827896049109]
[40.0, 0.0, 0.11939827896049109]
[40.0, 0.0, 0.11939827896049109]
[40.0, 0.0, 0.11939827896049109]
[40.0, 0.0, 0.11939827896049109]
[40.0, 0.0, 0.11939827896049109]
[40.0, 0.0, 0.1417295981573104]
[40.0, 0.0, 0.1417295981573104]
[40.0, 0.0, 0.1417295981573104]
[40.0, 0.0, 0.1417295981573104]
[40.0, 0.0, 0.1417295981573104]
[40.0, 0.0, 0.1417295981573104]
[40.0, 0.0, 0.1417295981573104]
[40.0, 0.0, 0.1417295981573104]
[40.0, 0.0, 0.1417295981573104]
[40.0, 0.0, 0.1417295981573104]
[40.0, 0.0, 0.1417295981573104]
[40.0, 0.0, 0.1417295981573104]
[40.0, 0.0, 0.1417295981573104]
[40.0, 0.0, 0.1417295981573104]
[40.0, 0.0, 0.1417295981573104]
[40.0, 0.0, 0.1417295981573104]
[40.0, 0.0, 0.1417295981573104]
[40.0, -0.8669840139434847, 0.1417295981573104]
[40.0, 0.0, 0.1417295981573104]
[40.0, 0.0, 0.1417295981573104]
[40.0, 0.0, 0.05585884817107385]
[40.0, 0.0, 0.05585884817107385]
[40.0, 0.0, 0.05585884817107385]
[40.0, 0.0, 0.05585884817107385]
[40.0, 0.0, 0.05585884817107385]
[40.0, 0.0, 0.05585884817107385]
[40.0, 0.0, 0.05585884817107385]
[40.0, 0.0, 0.05585884817107385]
[40.0, 0.0, 0.05585884817107385]
[40.0, 0.0, 0.05585884817107385]
[40.0, 0.0, 0.05585884817107385]
[40.0, 0.0, 0.05585884817107385]
[40.0, 0.0, 0.05585884817107385]
[40.0, 0.0, 0.05585884817107385]
[40.0, 0.0, 0.05585884817107385]
[40.0, 0.0, 0.05585884817107385]
[40.0, 0.0, 0.05585884817107385]
[40.0, 0.0, 0.05585884817107385]
[40.0, 0.0, 0.05585884817107385]
[40.0, 0.0, 0.05585884817107385]
[40.0, 0.0, 0.13626753050744894]
[40.0, 0.0, 0.13626753050744894]
[40.0, 0.0, 0.13626753050744894]
[40.0, 0.0, 0.13626753050744894]
[40.0, 0.0, 0.13626753050744894]
[40.0, 0.0, 0.13626753050744894]
[40.0, 0.0, 0.13626753050744894]
[40.0, 0.0, 0.13626753050744894]
[40.0, 0.0, 0.13626753050744894]
[40.0, 0.0, 0.13626753050744894]
[40.0, 0.0, 0.13626753050744894]
[40.0, 0.0, 0.13626753050744894]
[40.0, 0.0, 0.13626753050744894]
[40.0, 0.0, 0.13626753050744894]
[40.0, 0.8669840139434847, 0.13626753050744894]
[40.0, 0.8669840139434847, 0.13626753050744894]
[40.0, 0.0, 0.13626753050744894]
[40.0, 0.0, 0.13626753050744894]
[40.0, 0.0, 0.13626753050744894]
[40.0, 0.0, 0.13626753050744894]
[40.0, 0.0, 0.1723075482638216]
[40.0, 0.0, 0.1723075482638216]
[40.0, 0.0, 0.1723075482638216]
[40.0, 0.0, 0.1723075482638216]
[40.0, 0.0, 0.1723075482638216]
[40.0, 0.0, 0.1723075482638216]
[40.0, 0.0, 0.1723075482638216]
[40.0, 0.0, 0.1723075482638216]
[40.0, 0.0, 0.1723075482638216]
[40.0, 0.0, 0.1723075482638216]
[40.0, 0.0, 0.1723075482638216]
[40.0, 0.0, 0.1723075482638216]
[40.0, 0.0, 0.1723075482638216]
[40.0, 0.0, 0.1723075482638216]
[40.0, 0.8669840139434847, 0.1723075482638216]
[40.0, 0.0, 0.1723075482638216]
[40.0, 0.0, 0.1723075482638216]
[40.0, 0.0, 0.1723075482638216]
[40.0, 0.0, 0.1723075482638216]
[40.0, 0.0, 0.1723075482638216]
[40.0, 0.0, 0.16643692661262205]
[40.0, 0.0, 0.16643692661262205]
[40.0, 0.0, 0.16643692661262205]
[40.0, 0.0, 0.16643692661262205]
[40.0, 0.0, 0.16643692661262205]
[40.0, 0.0, 0.16643692661262205]
[40.0, 0.0, 0.16643692661262205]
[40.0, 0.0, 0.16643692661262205]
[40.0, 0.0, 0.16643692661262205]
[40.0, 0.0, 0.16643692661262205]
[40.0, 0.0, 0.16643692661262205]
[40.0, 0.0, 0.16643692661262205]
[40.0, 0.0, 0.16643692661262205]
[40.0, 0.0, 0.16643692661262205]
[40.0, 0.0, 0.16643692661262205]
[40.0, 0.0, 0.16643692661262205]
[40.0, 0.0, 0.16643692661262205]
[40.0, 0.0, 0.16643692661262205]
[40.0, 0.0, 0.16643692661262205]
[40.0, 0.0, 0.16643692661262205]
[40.0, 0.0, 0.18407696015900002]
[40.0, 0.0, 0.18407696015900002]
[40.0, 0.0, 0.18407696015900002]
[40.0, 0.0, 0.18407696015900002]
[40.0, 0.0, 0.18407696015900002]
[40.0, 0.0, 0.18407696015900002]
[40.0, 0.0, 0.18407696015900002]
[40.0, 0.0, 0.18407696015900002]
[40.0, 0.0, 0.18407696015900002]
[40.0, 0.0, 0.18407696015900002]
[40.0, 0.0, 0.18407696015900002]
[40.0, 0.0, 0.18407696015900002]
[40.0, -0.8669840139434847, 0.18407696015900002]
[40.0, 0.0, 0.18407696015900002]
[40.0, 0.0, 0.18407696015900002]
[40.0, 0.0, 0.18407696015900002]
[40.0, 0.0, 0.18407696015900002]
[40.0, 0.0, 0.18407696015900002]
[40.0, 0.0, 0.18407696015900002]
[40.0, 0.0, 0.18407696015900002]
[40.0, 0.0, 0.20926479301767956]
[40.0, 0.0, 0.20926479301767956]
[40.0, 0.0, 0.20926479301767956]
[40.0, 0.0, 0.20926479301767956]
[40.0, 0.0, 0.20926479301767956]
[40.0, 0.0, 0.20926479301767956]
[40.0, 0.0, 0.20926479301767956]
[40.0, 0.0, 0.20926479301767956]
[40.0, 0.0, 0.20926479301767956]
[40.0, 0.0, 0.20926479301767956]
[40.0, 0.0, 0.20926479301767956]
[40.0, 0.0, 0.20926479301767956]
[40.0, 0.0, 0.20926479301767956]
[40.0, 0.0, 0.20926479301767956]
[40.0, 0.0, 0.20926479301767956]
[40.0, 0.0, 0.20926479301767956]
[40.0, 0.0, 0.20926479301767956]
[40.0, 0.0, 0.20926479301767956]
[40.0, 0.0, 0.20926479301767956]
[40.0, 0.0, 0.20926479301767956]
[40.0, 0.0, 0.18252993453114238]
[40.0, 0.0, 0.18252993453114238]
[40.0, 0.0, 0.18252993453114238]
[40.0, 0.0, 0.18252993453114238]
[40.0, 0.0, 0.18252993453114238]
[40.0, 0.0, 0.18252993453114238]
[40.0, 0.0, 0.18252993453114238]
[40.0, 0.0, 0.18252993453114238]
[40.0, 0.0, 0.18252993453114238]
[40.0, 0.0, 0.18252993453114238]
[40.0, 0.0, 0.18252993453114238]
[40.0, 0.0, 0.18252993453114238]
[40.0, 0.0, 0.18252993453114238]
[40.0, 0.0, 0.18252993453114238]
[40.0, 0.0, 0.18252993453114238]
[40.0, 0.0, 0.18252993453114238]
[40.0, 0.0, 0.18252993453114238]
[40.0, 0.0, 0.18252993453114238]
[40.0, 0.0, 0.18252993453114238]
[40.0, 0.0, 0.18252993453114238]
[40.0, 0.0, 0.0840009516045073]
[40.0, 0.0, 0.0840009516045073]
[40.0, 0.0, 0.0840009516045073]
[40.0, 0.0, 0.0840009516045073]
[40.0, 0.0, 0.0840009516045073]
[40.0, 0.0, 0.0840009516045073]
[40.0, 0.0, 0.0840009516045073]
[40.0, 0.0, 0.0840009516045073]
[40.0, 0.0, 0.0840009516045073]
[40.0, 0.8669840139434847, 0.0840009516045073]
>>>> 
