----------------------------
RRT search Summary          
----------------------------
Map Name               : Random
Total paths found      : 1
Total number of nodes  : 1396
Total elapsed time     : 90.34993314743042 s
Solver                 : RRTstar 
----------------------------
Path number   : 0
Path length   : 1188.1475700849487
Time required : 13.781178951263428 s
>>>> Nodes
[1094.4924734874276, 506.6315957494678, 1.3761692473829064]
[1093.1076857698913, 499.6065800531899, 1.3761692473829064]
[1091.722898052355, 492.5815643569119, 1.3761692473829064]
[1090.3381103348188, 485.55654866063395, 1.3761692473829064]
[1088.9533226172823, 478.53153296435596, 1.3761692473829064]
[1087.568534899746, 471.506517268078, 1.3761692473829064]
[1086.1837471822098, 464.4815015718001, 1.3761692473829064]
[1084.7989594646735, 457.45648587552216, 1.3761692473829064]
[1083.4141717471373, 450.4314701792442, 1.3761692473829064]
[1082.0293840296008, 443.40645448296624, 1.3761692473829064]
[1080.6445963120646, 436.3814387866883, 1.3761692473829064]
[1079.2598085945283, 429.3564230904103, 1.3761692473829064]
[1077.875020876992, 422.3314073941324, 1.3761692473829064]
[1076.4902331594558, 415.30639169785445, 1.3761692473829064]
[1075.1054454419195, 408.28137600157646, 1.3761692473829064]
[1073.7206577243833, 401.25636030529853, 1.3761692473829064]
[1072.3358700068468, 394.2313446090206, 1.3761692473829064]
[1070.9510822893105, 387.2063289127426, 1.3761692473829064]
[1069.5662945717743, 380.1813132164647, 1.3761692473829064]
[1066.8134434047688, 371.65243385824243, 1.1409993990799636]
[1065.2869862062453, 368.32228642747583, 1.140999399079964]
[1063.7605290077217, 364.9921389967091, 1.140999399079964]
[1062.2340718091984, 361.66199156594246, 1.140999399079964]
[1060.707614610675, 358.3318441351758, 1.140999399079964]
[1059.1811574121514, 355.0016967044091, 1.140999399079964]
[1057.6547002136278, 351.6715492736424, 1.140999399079964]
[1056.1282430151045, 348.34140184287577, 1.140999399079964]
[1054.601785816581, 345.0112544121091, 1.140999399079964]
[1053.0753286180575, 341.6811069813424, 1.140999399079964]
[1051.548871419534, 338.35095955057574, 1.140999399079964]
[1050.0224142210106, 335.0208121198091, 1.140999399079964]
[1048.4959570224871, 331.69066468904236, 1.140999399079964]
[1046.9694998239636, 328.3605172582757, 1.140999399079964]
[1046.9694998239636, 328.3605172582757, 1.140999399079965]
[1044.9746299689812, 324.5819969754105, 1.0290796548772567]
[1042.570232258088, 321.0499164392119, 0.9171599106745486]
[1039.7863928224222, 317.80847243032116, 0.8052401664718405]
[1036.6579457320506, 314.89822500628895, 0.6933204222691324]
[1033.2240371186604, 312.35558997521855, 0.5814006780664243]
[1025.8463165186884, 307.50715708298173, 0.5814006780664239]
[1018.4685959187161, 302.6587241907449, 0.5814006780664239]
[1011.0908753187441, 297.81029129850816, 0.5814006780664239]
[1003.713154718772, 292.96185840627135, 0.5814006780664239]
[996.3354341187999, 288.1134255140346, 0.5814006780664239]
[988.9577135188277, 283.2649926217978, 0.5814006780664239]
[981.5799929188556, 278.41655972956096, 0.5814006780664239]
[974.2022723188835, 273.56812683732414, 0.5814006780664239]
[966.8245517189115, 268.7196939450874, 0.5814006780664239]
[959.4468311189394, 263.87126105285057, 0.5814006780664239]
[952.0691105189672, 259.02282816061376, 0.5814006780664239]
[944.6913899189951, 254.17439526837697, 0.5814006780664239]
[937.313669319023, 249.32596237614018, 0.5814006780664239]
[929.9359487190509, 244.47752948390337, 0.5814006780664239]
[922.5582281190789, 239.62909659166658, 0.5814006780664239]
[915.1805075191068, 234.78066369942977, 0.5814006780664239]
[907.8027869191346, 229.93223080719298, 0.5814006780664239]
[907.8027869191346, 229.932230807193, 0.5814006780664243]
[887.4235521938349, 223.66090115168805, 0.015668537326745113]
[881.960532874392, 223.57529662405872, 0.01566853732674408]
[876.4975135549491, 223.48969209642945, 0.01566853732674408]
[871.0344942355064, 223.40408756880015, 0.01566853732674408]
[865.5714749160635, 223.31848304117085, 0.01566853732674408]
[860.1084555966206, 223.23287851354158, 0.01566853732674408]
[854.6454362771777, 223.14727398591228, 0.01566853732674408]
[849.182416957735, 223.06166945828298, 0.01566853732674408]
[843.7193976382921, 222.9760649306537, 0.01566853732674408]
[838.2563783188492, 222.8904604030244, 0.01566853732674408]
[832.7933589994063, 222.80485587539513, 0.01566853732674408]
[827.3303396799636, 222.71925134776583, 0.01566853732674408]
[821.8673203605207, 222.63364682013653, 0.01566853732674408]
[816.4043010410778, 222.54804229250726, 0.01566853732674408]
[810.9412817216349, 222.46243776487796, 0.01566853732674408]
[805.4782624021922, 222.37683323724866, 0.01566853732674408]
[800.0152430827493, 222.2912287096194, 0.01566853732674408]
[794.5522237633064, 222.2056241819901, 0.01566853732674408]
[794.5522237633064, 222.2056241819901, 0.015668537326745335]
[789.026552059599, 221.71617596381907, 0.16102460735311142]
[778.750711499162, 220.04706166097455, 0.16102460735310997]
[768.4748709387248, 218.37794735813, 0.16102460735310997]
[758.1990303782878, 216.70883305528548, 0.16102460735310997]
[747.9231898178507, 215.03971875244096, 0.16102460735310997]
[737.6473492574137, 213.3706044495964, 0.16102460735310997]
[727.3715086969767, 211.7014901467519, 0.16102460735310997]
[717.0956681365396, 210.03237584390737, 0.16102460735310997]
[706.8198275761025, 208.36326154106283, 0.16102460735310997]
[696.5439870156655, 206.6941472382183, 0.16102460735310997]
[686.2681464552285, 205.0250329353738, 0.16102460735310997]
[675.9923058947913, 203.35591863252924, 0.16102460735310997]
[665.7164653343543, 201.68680432968472, 0.16102460735310997]
[655.4406247739173, 200.0176900268402, 0.16102460735310997]
[645.1647842134802, 198.34857572399565, 0.16102460735310997]
[634.8889436530432, 196.67946142115113, 0.16102460735310997]
[624.6131030926061, 195.0103471183066, 0.16102460735310997]
[614.337262532169, 193.34123281546206, 0.16102460735310997]
[604.061421971732, 191.67211851261754, 0.16102460735310997]
[599.8297400747364, 190.73565675844492, 0.27455103683752924]
[597.9044746355154, 190.19337884646936, 0.2745510368375287]
[595.9792091962944, 189.65110093449377, 0.2745510368375287]
[594.0539437570734, 189.1088230225182, 0.2745510368375287]
[592.1286783178524, 188.56654511054265, 0.2745510368375287]
[590.2034128786314, 188.0242671985671, 0.2745510368375287]
[588.2781474394104, 187.4819892865915, 0.2745510368375287]
[586.3528820001894, 186.93971137461594, 0.2745510368375287]
[584.4276165609684, 186.39743346264038, 0.2745510368375287]
[582.5023511217474, 185.85515555066482, 0.2745510368375287]
[580.5770856825264, 185.31287763868923, 0.2745510368375287]
[578.6518202433055, 184.77059972671367, 0.2745510368375287]
[576.7265548040845, 184.2283218147381, 0.2745510368375287]
[574.8012893648635, 183.68604390276255, 0.2745510368375287]
[572.8760239256425, 183.14376599078696, 0.2745510368375287]
[570.9507584864215, 182.6014880788114, 0.2745510368375287]
[569.0254930472005, 182.05921016683584, 0.2745510368375287]
[567.1002276079795, 181.51693225486028, 0.2745510368375287]
[565.1749621687585, 180.9746543428847, 0.2745510368375287]
[563.2496967295375, 180.43237643090913, 0.2745510368375287]
[548.8929276238443, 176.50720136148288, 0.26680329891369414]
[534.8213243693876, 172.66115619651697, 0.26680329891369414]
[520.749721114931, 168.81511103155103, 0.26680329891369414]
[506.67811786047446, 164.9690658665851, 0.26680329891369414]
[492.60651460601787, 161.1230207016192, 0.26680329891369414]
[478.5349113515612, 157.27697553665325, 0.26680329891369414]
[464.4633080971046, 153.43093037168734, 0.26680329891369414]
[450.391704842648, 149.58488520672142, 0.26680329891369414]
[436.32010158819133, 145.7388400417555, 0.26680329891369414]
[422.2484983337347, 141.89279487678957, 0.26680329891369414]
[408.1768950792781, 138.04674971182365, 0.26680329891369414]
[394.1052918248215, 134.20070454685774, 0.26680329891369414]
[380.03368857036486, 130.3546593818918, 0.26680329891369414]
[365.9620853159082, 126.50861421692588, 0.26680329891369414]
[351.8904820614516, 122.66256905195996, 0.26680329891369414]
[337.818878806995, 118.81652388699403, 0.26680329891369414]
[323.7472755525384, 114.97047872202812, 0.26680329891369414]
[309.67567229808174, 111.12443355706219, 0.26680329891369414]
[308.78475635690666, 110.8692742473238, 0.291065755727836]
[297.7945795172025, 107.57690501385024, 0.2910657557278355]
[286.8044026774984, 104.28453578037667, 0.2910657557278355]
[275.8142258377943, 100.9921665469031, 0.2910657557278355]
[264.8240489980902, 97.69979731342954, 0.2910657557278355]
[253.83387215838604, 94.40742807995598, 0.2910657557278355]
[242.8436953186819, 91.11505884648241, 0.2910657557278355]
[231.85351847897783, 87.82268961300885, 0.2910657557278355]
[220.8633416392737, 84.53032037953528, 0.2910657557278355]
[209.87316479956957, 81.23795114606172, 0.2910657557278355]
[198.88298795986546, 77.94558191258815, 0.2910657557278355]
[187.89281112016135, 74.65321267911459, 0.2910657557278355]
[176.90263428045722, 71.36084344564102, 0.2910657557278355]
[165.91245744075312, 68.06847421216746, 0.2910657557278355]
[154.92228060104898, 64.7761049786939, 0.2910657557278355]
[143.93210376134488, 61.48373574522032, 0.2910657557278355]
[132.94192692164074, 58.19136651174676, 0.2910657557278355]
[121.95175008193664, 54.89899727827319, 0.2910657557278355]
[110.96157324223252, 51.60662804479963, 0.2910657557278355]
[100.0, 50.00000000000001, 0.0]
>>>> 
>>>> inputs
[40.0, 0.0, 0.17233306223849454]
[40.0, 0.0, 0.17233306223849454]
[40.0, 0.0, 0.17233306223849454]
[40.0, 0.0, 0.17233306223849454]
[40.0, 0.0, 0.17233306223849454]
[40.0, 0.0, 0.17233306223849454]
[40.0, 0.0, 0.17233306223849454]
[40.0, 0.0, 0.17233306223849454]
[40.0, 0.0, 0.17233306223849454]
[40.0, 0.0, 0.17233306223849454]
[40.0, 0.0, 0.17233306223849454]
[40.0, 0.0, 0.17233306223849454]
[40.0, 0.0, 0.17233306223849454]
[40.0, 0.0, 0.17233306223849454]
[40.0, 0.0, 0.17233306223849454]
[40.0, 0.0, 0.17233306223849454]
[40.0, 0.0, 0.17233306223849454]
[40.0, 0.0, 0.17233306223849454]
[40.0, 0.8669840139434847, 0.17233306223849454]
[40.0, 0.0, 0.17233306223849454]
[40.0, 0.0, 0.08624790964540408]
[40.0, 0.0, 0.08624790964540408]
[40.0, 0.0, 0.08624790964540408]
[40.0, 0.0, 0.08624790964540408]
[40.0, 0.0, 0.08624790964540408]
[40.0, 0.0, 0.08624790964540408]
[40.0, 0.0, 0.08624790964540408]
[40.0, 0.0, 0.08624790964540408]
[40.0, 0.0, 0.08624790964540408]
[40.0, 0.0, 0.08624790964540408]
[40.0, 0.0, 0.08624790964540408]
[40.0, 0.0, 0.08624790964540408]
[40.0, 0.8669840139434847, 0.08624790964540408]
[40.0, 0.8669840139434847, 0.08624790964540408]
[40.0, 0.8669840139434847, 0.08624790964540408]
[40.0, 0.8669840139434847, 0.08624790964540408]
[40.0, 0.8669840139434847, 0.08624790964540408]
[40.0, 0.8669840139434847, 0.08624790964540408]
[40.0, 0.0, 0.08624790964540408]
[40.0, 0.0, 0.08624790964540408]
[40.0, 0.0, 0.21461211036644084]
[40.0, 0.0, 0.21461211036644084]
[40.0, 0.0, 0.21461211036644084]
[40.0, 0.0, 0.21461211036644084]
[40.0, 0.0, 0.21461211036644084]
[40.0, 0.0, 0.21461211036644084]
[40.0, 0.0, 0.21461211036644084]
[40.0, 0.0, 0.21461211036644084]
[40.0, 0.0, 0.21461211036644084]
[40.0, 0.0, 0.21461211036644084]
[40.0, 0.0, 0.21461211036644084]
[40.0, 0.0, 0.21461211036644084]
[40.0, 0.0, 0.21461211036644084]
[40.0, 0.0, 0.21461211036644084]
[40.0, 0.0, 0.21461211036644084]
[40.0, 0.8669840139434847, 0.21461211036644084]
[40.0, 0.8669840139434847, 0.21461211036644084]
[40.0, 0.0, 0.21461211036644084]
[40.0, 0.0, 0.21461211036644084]
[40.0, 0.0, 0.21461211036644084]
[40.0, 0.0, 0.12304365323411164]
[40.0, 0.0, 0.12304365323411164]
[40.0, 0.0, 0.12304365323411164]
[40.0, 0.0, 0.12304365323411164]
[40.0, 0.0, 0.12304365323411164]
[40.0, 0.0, 0.12304365323411164]
[40.0, 0.0, 0.12304365323411164]
[40.0, 0.0, 0.12304365323411164]
[40.0, 0.0, 0.12304365323411164]
[40.0, 0.0, 0.12304365323411164]
[40.0, 0.0, 0.12304365323411164]
[40.0, 0.0, 0.12304365323411164]
[40.0, 0.0, 0.12304365323411164]
[40.0, 0.0, 0.12304365323411164]
[40.0, -0.8669840139434847, 0.12304365323411164]
[40.0, -0.8669840139434847, 0.12304365323411164]
[40.0, 0.0, 0.12304365323411164]
[40.0, 0.0, 0.12304365323411164]
[40.0, 0.0, 0.12304365323411164]
[40.0, 0.0, 0.12304365323411164]
[40.0, 0.0, 0.2396570959908662]
[40.0, 0.0, 0.2396570959908662]
[40.0, 0.0, 0.2396570959908662]
[40.0, 0.0, 0.2396570959908662]
[40.0, 0.0, 0.2396570959908662]
[40.0, 0.0, 0.2396570959908662]
[40.0, 0.0, 0.2396570959908662]
[40.0, 0.0, 0.2396570959908662]
[40.0, 0.0, 0.2396570959908662]
[40.0, 0.0, 0.2396570959908662]
[40.0, 0.0, 0.2396570959908662]
[40.0, 0.0, 0.2396570959908662]
[40.0, 0.0, 0.2396570959908662]
[40.0, 0.0, 0.2396570959908662]
[40.0, -0.8669840139434847, 0.2396570959908662]
[40.0, 0.0, 0.2396570959908662]
[40.0, 0.0, 0.2396570959908662]
[40.0, 0.0, 0.2396570959908662]
[40.0, 0.0, 0.2396570959908662]
[40.0, 0.0, 0.2396570959908662]
[40.0, 0.0, 0.04787415659829074]
[40.0, 0.0, 0.04787415659829074]
[40.0, 0.0, 0.04787415659829074]
[40.0, 0.0, 0.04787415659829074]
[40.0, 0.0, 0.04787415659829074]
[40.0, 0.0, 0.04787415659829074]
[40.0, 0.0, 0.04787415659829074]
[40.0, 0.0, 0.04787415659829074]
[40.0, 0.0, 0.04787415659829074]
[40.0, 0.0, 0.04787415659829074]
[40.0, 0.0, 0.04787415659829074]
[40.0, 0.0, 0.04787415659829074]
[40.0, 0.0, 0.04787415659829074]
[40.0, 0.0, 0.04787415659829074]
[40.0, 0.0, 0.04787415659829074]
[40.0, 0.0, 0.04787415659829074]
[40.0, 0.0, 0.04787415659829074]
[40.0, 0.0, 0.04787415659829074]
[40.0, 0.0, 0.04787415659829074]
[40.0, 0.0, 0.04787415659829074]
[40.0, 0.0, 0.3293825377940272]
[40.0, 0.0, 0.3293825377940272]
[40.0, 0.0, 0.3293825377940272]
[40.0, 0.0, 0.3293825377940272]
[40.0, 0.0, 0.3293825377940272]
[40.0, 0.0, 0.3293825377940272]
[40.0, 0.0, 0.3293825377940272]
[40.0, 0.0, 0.3293825377940272]
[40.0, 0.0, 0.3293825377940272]
[40.0, 0.0, 0.3293825377940272]
[40.0, 0.0, 0.3293825377940272]
[40.0, 0.0, 0.3293825377940272]
[40.0, -0.8669840139434847, 0.3293825377940272]
[40.0, 0.0, 0.3293825377940272]
[40.0, 0.0, 0.3293825377940272]
[40.0, 0.0, 0.3293825377940272]
[40.0, 0.0, 0.3293825377940272]
[40.0, 0.0, 0.3293825377940272]
[40.0, 0.0, 0.3293825377940272]
[40.0, 0.0, 0.3293825377940272]
[40.0, 0.0, 0.2720339367385506]
[40.0, 0.0, 0.2720339367385506]
[40.0, 0.0, 0.2720339367385506]
[40.0, 0.0, 0.2720339367385506]
[40.0, 0.0, 0.2720339367385506]
[40.0, 0.0, 0.2720339367385506]
[40.0, 0.0, 0.2720339367385506]
[40.0, 0.0, 0.2720339367385506]
[40.0, 0.0, 0.2720339367385506]
[40.0, 0.0, 0.2720339367385506]
[40.0, 0.0, 0.2720339367385506]
[40.0, 0.8669840139434847, 0.2720339367385506]
>>>> 
