----------------------------
RRT search Summary          
----------------------------
Map Name               : Random
Total paths found      : 1
Total number of nodes  : 1187
Total elapsed time     : 68.30100989341736 s
Solver                 : RRTstar 
----------------------------
Path number   : 0
Path length   : 1172.0210156788867
Time required : 10.720229864120483 s
>>>> Nodes
[1101.5962803242778, 497.51188039449096, 1.2906850730606463]
[1100.3662817499267, 493.2362238244617, 1.2906850730606463]
[1099.1362831755755, 488.9605672544325, 1.2906850730606463]
[1097.9062846012243, 484.68491068440323, 1.2906850730606463]
[1096.6762860268732, 480.40925411437394, 1.2906850730606463]
[1095.446287452522, 476.1335975443447, 1.2906850730606463]
[1094.2162888781709, 471.85794097431545, 1.2906850730606463]
[1092.9862903038197, 467.5822844042862, 1.2906850730606463]
[1091.7562917294688, 463.3066278342569, 1.2906850730606463]
[1090.5262931551176, 459.0309712642277, 1.2906850730606463]
[1089.2962945807665, 454.75531469419843, 1.2906850730606463]
[1088.0662960064153, 450.4796581241692, 1.2906850730606463]
[1086.8362974320642, 446.20400155413995, 1.2906850730606463]
[1085.606298857713, 441.92834498411065, 1.2906850730606463]
[1084.3763002833618, 437.6526884140814, 1.2906850730606463]
[1083.1463017090107, 433.37703184405217, 1.2906850730606463]
[1083.1463017090107, 433.3770318440521, 1.2906850730606474]
[1080.8482335103797, 427.3554648288463, 1.121749756334492]
[1077.57045621157, 421.80599974258973, 0.9528144396083366]
[1073.4062924990133, 416.8866372494207, 0.7838791228821812]
[1068.1736632997895, 411.6698811021069, 0.7838791228821812]
[1062.941034100566, 406.45312495479317, 0.7838791228821812]
[1057.7084049013422, 401.23636880747944, 0.7838791228821812]
[1052.4757757021184, 396.0196126601657, 0.7838791228821812]
[1047.2431465028947, 390.8028565128519, 0.7838791228821812]
[1042.0105173036711, 385.5861003655382, 0.7838791228821812]
[1036.7778881044474, 380.36934421822446, 0.7838791228821812]
[1031.5452589052236, 375.1525880709107, 0.7838791228821812]
[1026.3126297059998, 369.935831923597, 0.7838791228821812]
[1021.0800005067762, 364.71907577628326, 0.7838791228821812]
[1015.8473713075525, 359.50231962896953, 0.7838791228821812]
[1010.6147421083288, 354.2855634816558, 0.7838791228821812]
[1005.3821129091051, 349.06880733434207, 0.7838791228821812]
[1000.1494837098813, 343.85205118702834, 0.7838791228821812]
[994.9168545106577, 338.63529503971455, 0.7838791228821812]
[989.6842253114339, 333.4185388924008, 0.7838791228821812]
[984.4515961122103, 328.2017827450871, 0.7838791228821812]
[979.2189669129865, 322.98502659777336, 0.7838791228821812]
[973.9863377137629, 317.7682704504596, 0.7838791228821812]
[967.0415800384609, 310.8829119727186, 0.7810880596765047]
[960.1724269260039, 304.07271862742823, 0.7810880596765047]
[953.3032738135471, 297.2625252821378, 0.7810880596765047]
[946.4341207010903, 290.45233193684743, 0.7810880596765047]
[939.5649675886334, 283.64213859155706, 0.7810880596765047]
[932.6958144761766, 276.8319452462666, 0.7810880596765047]
[925.8266613637196, 270.02175190097626, 0.7810880596765047]
[918.9575082512628, 263.2115585556859, 0.7810880596765047]
[912.0883551388059, 256.4013652103955, 0.7810880596765047]
[905.2192020263491, 249.59117186510508, 0.7810880596765047]
[898.3500489138921, 242.7809785198147, 0.7810880596765047]
[891.4808958014353, 235.97078517452434, 0.7810880596765047]
[884.6117426889784, 229.16059182923394, 0.7810880596765047]
[877.7425895765216, 222.35039848394354, 0.7810880596765047]
[870.8734364640648, 215.54020513865316, 0.7810880596765047]
[864.0042833516078, 208.73001179336276, 0.7810880596765047]
[857.135130239151, 201.9198184480724, 0.7810880596765047]
[850.2659771266941, 195.109625102782, 0.7810880596765047]
[837.5721137955056, 186.77523581585083, 0.3808696628877599]
[834.0216797156434, 185.3535657726408, 0.380869662887761]
[830.471245635781, 183.93189572943072, 0.380869662887761]
[826.9208115559187, 182.51022568622068, 0.380869662887761]
[823.3703774760563, 181.08855564301064, 0.380869662887761]
[819.819943396194, 179.66688559980057, 0.380869662887761]
[816.2695093163318, 178.24521555659052, 0.380869662887761]
[812.7190752364694, 176.82354551338045, 0.380869662887761]
[809.1686411566071, 175.4018754701704, 0.380869662887761]
[805.6182070767449, 173.98020542696037, 0.380869662887761]
[802.0677729968825, 172.5585353837503, 0.380869662887761]
[798.5173389170202, 171.13686534054025, 0.380869662887761]
[794.9669048371579, 169.7151952973302, 0.380869662887761]
[791.4164707572955, 168.29352525412014, 0.380869662887761]
[787.8660366774333, 166.8718552109101, 0.380869662887761]
[784.3156025975709, 165.45018516770003, 0.380869662887761]
[780.7651685177086, 164.02851512448999, 0.380869662887761]
[777.2147344378463, 162.60684508127994, 0.380869662887761]
[773.664300357984, 161.18517503806987, 0.380869662887761]
[770.1138662781217, 159.76350499485983, 0.380869662887761]
[762.9479343801655, 156.89634851058935, 0.3806004771864532]
[755.7915483325974, 154.03301289906523, 0.3806004771864532]
[748.6351622850293, 151.16967728754113, 0.3806004771864532]
[741.4787762374611, 148.306341676017, 0.3806004771864532]
[734.322390189893, 145.4430060644929, 0.3806004771864532]
[727.1660041423248, 142.5796704529688, 0.3806004771864532]
[720.0096180947568, 139.71633484144468, 0.3806004771864532]
[712.8532320471886, 136.85299922992056, 0.3806004771864532]
[705.6968459996205, 133.98966361839643, 0.3806004771864532]
[698.5404599520523, 131.1263280068723, 0.3806004771864532]
[691.3840739044842, 128.2629923953482, 0.3806004771864532]
[684.2276878569161, 125.3996567838241, 0.3806004771864532]
[677.0713018093479, 122.53632117229998, 0.3806004771864532]
[669.9149157617798, 119.67298556077586, 0.3806004771864532]
[662.7585297142116, 116.80964994925175, 0.3806004771864532]
[655.6021436666435, 113.94631433772763, 0.3806004771864532]
[648.4457576190754, 111.08297872620352, 0.3806004771864532]
[641.2893715715072, 108.2196431146794, 0.3806004771864532]
[630.3577052612222, 105.62549541054933, 0.08539142655797294]
[618.9980144648786, 104.65311061380234, 0.08539142655797183]
[607.638323668535, 103.68072581705538, 0.08539142655797183]
[596.2786328721913, 102.7083410203084, 0.08539142655797183]
[584.9189420758478, 101.73595622356143, 0.08539142655797183]
[573.5592512795041, 100.76357142681445, 0.08539142655797183]
[562.1995604831604, 99.79118663006749, 0.08539142655797183]
[550.8398696868169, 98.8188018333205, 0.08539142655797183]
[539.4801788904732, 97.84641703657354, 0.08539142655797183]
[528.1204880941297, 96.87403223982656, 0.08539142655797183]
[516.760797297786, 95.90164744307958, 0.08539142655797183]
[505.40110650144237, 94.92926264633262, 0.08539142655797183]
[494.04141570509876, 93.95687784958564, 0.08539142655797183]
[482.68172490875514, 92.98449305283867, 0.08539142655797183]
[471.32203411241153, 92.0121082560917, 0.08539142655797183]
[459.96234331606786, 91.03972345934473, 0.08539142655797183]
[448.60265251972424, 90.06733866259775, 0.08539142655797183]
[437.24296172338063, 89.09495386585078, 0.08539142655797183]
[425.883270927037, 88.1225690691038, 0.08539142655797183]
[424.5945389874462, 87.99020425446338, 0.11930946828457034]
[417.2352490987081, 87.10798123851477, 0.11930946828456998]
[409.87595920997006, 86.22575822256616, 0.11930946828456998]
[402.51666932123203, 85.34353520661755, 0.11930946828456998]
[395.15737943249394, 84.46131219066893, 0.11930946828456998]
[387.79808954375585, 83.57908917472032, 0.11930946828456998]
[380.4387996550178, 82.69686615877171, 0.11930946828456998]
[373.0795097662798, 81.8146431428231, 0.11930946828456998]
[365.7202198775417, 80.93242012687449, 0.11930946828456998]
[358.36092998880366, 80.05019711092586, 0.11930946828456998]
[351.0016401000656, 79.16797409497727, 0.11930946828456998]
[343.64235021132754, 78.28575107902864, 0.11930946828456998]
[336.28306032258945, 77.40352806308003, 0.11930946828456998]
[328.9237704338514, 76.52130504713142, 0.11930946828456998]
[321.5644805451133, 75.63908203118281, 0.11930946828456998]
[314.2051906563753, 74.7568590152342, 0.11930946828456998]
[306.8459007676372, 73.87463599928559, 0.11930946828456998]
[299.48661087889917, 72.99241298333698, 0.11930946828456998]
[292.1273209901611, 72.11018996738837, 0.11930946828456998]
[284.76803110142305, 71.22796695143975, 0.11930946828456998]
[275.14810211357525, 70.10910550183158, 0.1157615800111194]
[265.66275740900426, 69.0061357330535, 0.1157615800111194]
[256.1774127044333, 67.90316596427542, 0.1157615800111194]
[246.69206799986233, 66.80019619549735, 0.1157615800111194]
[237.2067232952914, 65.69722642671927, 0.1157615800111194]
[227.7213785907204, 64.59425665794119, 0.1157615800111194]
[218.23603388614941, 63.49128688916312, 0.1157615800111194]
[208.75068918157848, 62.38831712038504, 0.1157615800111194]
[199.2653444770075, 61.285347351606966, 0.1157615800111194]
[189.7799997724365, 60.18237758282889, 0.1157615800111194]
[180.29465506786556, 59.07940781405082, 0.1157615800111194]
[170.80931036329457, 57.976438045272744, 0.1157615800111194]
[161.3239656587236, 56.87346827649466, 0.1157615800111194]
[151.83862095415265, 55.77049850771659, 0.1157615800111194]
[142.35327624958165, 54.667528738938515, 0.1157615800111194]
[132.8679315450107, 53.56455897016044, 0.1157615800111194]
[123.38258684043973, 52.46158920138236, 0.1157615800111194]
[113.89724213586877, 51.358619432604286, 0.1157615800111194]
[104.41189743129779, 50.25564966382621, 0.1157615800111194]
>>>> 
>>>> inputs
[40.0, 0.0, 0.10761807815261293]
[40.0, 0.0, 0.10761807815261293]
[40.0, 0.0, 0.10761807815261293]
[40.0, 0.0, 0.10761807815261293]
[40.0, 0.0, 0.10761807815261293]
[40.0, 0.0, 0.10761807815261293]
[40.0, 0.0, 0.10761807815261293]
[40.0, 0.0, 0.10761807815261293]
[40.0, 0.0, 0.10761807815261293]
[40.0, 0.0, 0.10761807815261293]
[40.0, 0.0, 0.10761807815261293]
[40.0, 0.0, 0.10761807815261293]
[40.0, 0.0, 0.10761807815261293]
[40.0, 0.0, 0.10761807815261293]
[40.0, 0.0, 0.10761807815261293]
[40.0, 0.8669840139434847, 0.10761807815261293]
[40.0, 0.8669840139434847, 0.10761807815261293]
[40.0, 0.8669840139434847, 0.10761807815261293]
[40.0, 0.8669840139434847, 0.10761807815261293]
[40.0, 0.0, 0.10761807815261293]
[40.0, 0.0, 0.17561820781300821]
[40.0, 0.0, 0.17561820781300821]
[40.0, 0.0, 0.17561820781300821]
[40.0, 0.0, 0.17561820781300821]
[40.0, 0.0, 0.17561820781300821]
[40.0, 0.0, 0.17561820781300821]
[40.0, 0.0, 0.17561820781300821]
[40.0, 0.0, 0.17561820781300821]
[40.0, 0.0, 0.17561820781300821]
[40.0, 0.0, 0.17561820781300821]
[40.0, 0.0, 0.17561820781300821]
[40.0, 0.0, 0.17561820781300821]
[40.0, 0.0, 0.17561820781300821]
[40.0, 0.0, 0.17561820781300821]
[40.0, 0.0, 0.17561820781300821]
[40.0, 0.0, 0.17561820781300821]
[40.0, 0.0, 0.17561820781300821]
[40.0, 0.0, 0.17561820781300821]
[40.0, 0.0, 0.17561820781300821]
[40.0, 0.0, 0.17561820781300821]
[40.0, 0.0, 0.23674811184214467]
[40.0, 0.0, 0.23674811184214467]
[40.0, 0.0, 0.23674811184214467]
[40.0, 0.0, 0.23674811184214467]
[40.0, 0.0, 0.23674811184214467]
[40.0, 0.0, 0.23674811184214467]
[40.0, 0.0, 0.23674811184214467]
[40.0, 0.0, 0.23674811184214467]
[40.0, 0.0, 0.23674811184214467]
[40.0, 0.0, 0.23674811184214467]
[40.0, 0.0, 0.23674811184214467]
[40.0, 0.0, 0.23674811184214467]
[40.0, 0.0, 0.23674811184214467]
[40.0, 0.0, 0.23674811184214467]
[40.0, 0.0, 0.23674811184214467]
[40.0, 0.0, 0.23674811184214467]
[40.0, 0.8669840139434847, 0.23674811184214467]
[40.0, 0.0, 0.23674811184214467]
[40.0, 0.0, 0.23674811184214467]
[40.0, 0.0, 0.23674811184214467]
[40.0, 0.0, 0.09084450292301861]
[40.0, 0.0, 0.09084450292301861]
[40.0, 0.0, 0.09084450292301861]
[40.0, 0.0, 0.09084450292301861]
[40.0, 0.0, 0.09084450292301861]
[40.0, 0.0, 0.09084450292301861]
[40.0, 0.0, 0.09084450292301861]
[40.0, 0.0, 0.09084450292301861]
[40.0, 0.0, 0.09084450292301861]
[40.0, 0.0, 0.09084450292301861]
[40.0, 0.0, 0.09084450292301861]
[40.0, 0.0, 0.09084450292301861]
[40.0, 0.0, 0.09084450292301861]
[40.0, 0.0, 0.09084450292301861]
[40.0, 0.0, 0.09084450292301861]
[40.0, 0.0, 0.09084450292301861]
[40.0, 0.0, 0.09084450292301861]
[40.0, 0.0, 0.09084450292301861]
[40.0, 0.0, 0.09084450292301861]
[40.0, 0.0, 0.09084450292301861]
[40.0, 0.0, 0.18752415483830326]
[40.0, 0.0, 0.18752415483830326]
[40.0, 0.0, 0.18752415483830326]
[40.0, 0.0, 0.18752415483830326]
[40.0, 0.0, 0.18752415483830326]
[40.0, 0.0, 0.18752415483830326]
[40.0, 0.0, 0.18752415483830326]
[40.0, 0.0, 0.18752415483830326]
[40.0, 0.0, 0.18752415483830326]
[40.0, 0.0, 0.18752415483830326]
[40.0, 0.0, 0.18752415483830326]
[40.0, 0.0, 0.18752415483830326]
[40.0, 0.0, 0.18752415483830326]
[40.0, 0.0, 0.18752415483830326]
[40.0, 0.8669840139434847, 0.18752415483830326]
[40.0, 0.0, 0.18752415483830326]
[40.0, 0.0, 0.18752415483830326]
[40.0, 0.0, 0.18752415483830326]
[40.0, 0.0, 0.18752415483830326]
[40.0, 0.0, 0.18752415483830326]
[40.0, 0.0, 0.25814720305081296]
[40.0, 0.0, 0.25814720305081296]
[40.0, 0.0, 0.25814720305081296]
[40.0, 0.0, 0.25814720305081296]
[40.0, 0.0, 0.25814720305081296]
[40.0, 0.0, 0.25814720305081296]
[40.0, 0.0, 0.25814720305081296]
[40.0, 0.0, 0.25814720305081296]
[40.0, 0.0, 0.25814720305081296]
[40.0, 0.0, 0.25814720305081296]
[40.0, 0.0, 0.25814720305081296]
[40.0, 0.0, 0.25814720305081296]
[40.0, 0.0, 0.25814720305081296]
[40.0, -0.8669840139434847, 0.25814720305081296]
[40.0, 0.0, 0.25814720305081296]
[40.0, 0.0, 0.25814720305081296]
[40.0, 0.0, 0.25814720305081296]
[40.0, 0.0, 0.25814720305081296]
[40.0, 0.0, 0.25814720305081296]
[40.0, 0.0, 0.25814720305081296]
[40.0, 0.0, 0.1762039523779827]
[40.0, 0.0, 0.1762039523779827]
[40.0, 0.0, 0.1762039523779827]
[40.0, 0.0, 0.1762039523779827]
[40.0, 0.0, 0.1762039523779827]
[40.0, 0.0, 0.1762039523779827]
[40.0, 0.0, 0.1762039523779827]
[40.0, 0.0, 0.1762039523779827]
[40.0, 0.0, 0.1762039523779827]
[40.0, 0.0, 0.1762039523779827]
[40.0, 0.0, 0.1762039523779827]
[40.0, 0.0, 0.1762039523779827]
[40.0, 0.0, 0.1762039523779827]
[40.0, 0.0, 0.1762039523779827]
[40.0, 0.0, 0.1762039523779827]
[40.0, 0.0, 0.1762039523779827]
[40.0, 0.0, 0.1762039523779827]
[40.0, 0.0, 0.1762039523779827]
[40.0, 0.0, 0.1762039523779827]
[40.0, 0.0, 0.1762039523779827]
[40.0, 0.0, 0.23232205860072494]
[40.0, 0.0, 0.23232205860072494]
[40.0, 0.0, 0.23232205860072494]
[40.0, 0.0, 0.23232205860072494]
[40.0, 0.0, 0.23232205860072494]
[40.0, 0.0, 0.23232205860072494]
[40.0, 0.0, 0.23232205860072494]
[40.0, 0.0, 0.23232205860072494]
[40.0, 0.0, 0.23232205860072494]
[40.0, 0.0, 0.23232205860072494]
[40.0, 0.0, 0.23232205860072494]
[40.0, 0.0, 0.23232205860072494]
>>>> 
