----------------------------
RRT search Summary          
----------------------------
Map Name               : Random
Total paths found      : 2
Total number of nodes  : 1400
Total elapsed time     : 93.45821905136108 s
Solver                 : RRTstar 
----------------------------
Path number   : 0
Path length   : 1169.1439244470992
Time required : 11.519026279449463 s
>>>> Nodes
[1110.2637213829225, 500.2456343904785, 0.8566465392918781]
[1107.5272404355699, 497.0885333194661, 0.8566465392918781]
[1104.7907594882174, 493.9314322484537, 0.8566465392918781]
[1102.0542785408647, 490.77433117744135, 0.8566465392918781]
[1099.3177975935123, 487.61723010642896, 0.8566465392918781]
[1096.5813166461596, 484.46012903541657, 0.8566465392918781]
[1093.8448356988072, 481.3030279644042, 0.8566465392918781]
[1091.1083547514545, 478.1459268933918, 0.8566465392918781]
[1088.371873804102, 474.9888258223794, 0.8566465392918781]
[1085.6353928567494, 471.831724751367, 0.8566465392918781]
[1082.898911909397, 468.67462368035467, 0.8566465392918781]
[1080.1624309620443, 465.5175226093423, 0.8566465392918781]
[1077.4259500146918, 462.3604215383299, 0.8566465392918781]
[1074.6894690673391, 459.2033204673175, 0.8566465392918781]
[1071.9529881199867, 456.0462193963051, 0.8566465392918781]
[1069.216507172634, 452.8891183252927, 0.8566465392918781]
[1066.4800262252816, 449.7320172542804, 0.8566465392918781]
[1063.743545277929, 446.574916183268, 0.8566465392918781]
[1061.0070643305764, 443.4178151122556, 0.8566465392918781]
[1058.2705833832238, 440.2607140412432, 0.8566465392918781]
[1051.1978333881932, 432.4058440268231, 0.8370506318764255]
[1044.6208481829901, 425.1117452314056, 0.8370506318764255]
[1038.043862977787, 417.81764643598814, 0.8370506318764255]
[1031.466877772584, 410.52354764057065, 0.8370506318764255]
[1024.889892567381, 403.22944884515323, 0.8370506318764255]
[1018.312907362178, 395.93535004973575, 0.8370506318764255]
[1011.7359221569749, 388.64125125431826, 0.8370506318764255]
[1005.1589369517718, 381.3471524589008, 0.8370506318764255]
[998.5819517465688, 374.0530536634833, 0.8370506318764255]
[992.0049665413658, 366.7589548680658, 0.8370506318764255]
[985.4279813361627, 359.46485607264833, 0.8370506318764255]
[978.8509961309596, 352.17075727723085, 0.8370506318764255]
[972.2740109257566, 344.87665848181337, 0.8370506318764255]
[965.6970257205535, 337.58255968639594, 0.8370506318764255]
[959.1200405153504, 330.28846089097846, 0.8370506318764255]
[952.5430553101475, 322.994362095561, 0.8370506318764255]
[945.9660701049444, 315.7002633001435, 0.8370506318764255]
[939.3890848997413, 308.406164504726, 0.8370506318764255]
[939.3148328510264, 308.32357537122374, 0.8399581778574818]
[934.4077122546983, 302.8494935324145, 0.8399581778574818]
[929.50059165837, 297.37541169360526, 0.8399581778574818]
[924.5934710620418, 291.901329854796, 0.8399581778574818]
[919.6863504657136, 286.4272480159868, 0.8399581778574818]
[914.7792298693854, 280.95316617717754, 0.8399581778574818]
[909.8721092730573, 275.4790843383683, 0.8399581778574818]
[904.964988676729, 270.00500249955905, 0.8399581778574818]
[900.0578680804009, 264.53092066074987, 0.8399581778574818]
[895.1507474840727, 259.0568388219406, 0.8399581778574818]
[890.2436268877445, 253.58275698313136, 0.8399581778574818]
[885.3365062914163, 248.10867514432212, 0.8399581778574818]
[880.4293856950882, 242.63459330551288, 0.8399581778574818]
[875.5222650987599, 237.16051146670367, 0.8399581778574818]
[870.6151445024318, 231.68642962789443, 0.8399581778574818]
[865.7080239061036, 226.2123477890852, 0.8399581778574818]
[860.8009033097754, 220.73826595027595, 0.8399581778574818]
[855.8937827134472, 215.2641841114667, 0.8399581778574818]
[855.8937827134472, 215.26418411146668, 0.8399581778574817]
[842.8705369344525, 205.8137485638214, 0.41552184832592864]
[831.8046650670501, 200.93135294671862, 0.4155218483259301]
[820.7387931996477, 196.04895732961583, 0.4155218483259301]
[809.6729213322452, 191.16656171251304, 0.4155218483259301]
[798.6070494648428, 186.28416609541023, 0.4155218483259301]
[787.5411775974404, 181.4017704783074, 0.4155218483259301]
[776.4753057300379, 176.51937486120462, 0.4155218483259301]
[765.4094338626355, 171.63697924410184, 0.4155218483259301]
[754.3435619952331, 166.75458362699902, 0.4155218483259301]
[743.2776901278307, 161.87218800989623, 0.4155218483259301]
[732.2118182604283, 156.98979239279342, 0.4155218483259301]
[721.145946393026, 152.10739677569063, 0.4155218483259301]
[710.0800745256234, 147.22500115858782, 0.4155218483259301]
[699.014202658221, 142.34260554148503, 0.4155218483259301]
[687.9483307908187, 137.4602099243822, 0.4155218483259301]
[676.8824589234163, 132.57781430727943, 0.4155218483259301]
[665.8165870560138, 127.69541869017662, 0.4155218483259301]
[654.7507151886114, 122.81302307307382, 0.4155218483259301]
[643.684843321209, 117.93062745597102, 0.4155218483259301]
[627.4867186257675, 114.68821585017761, -0.02039990038556705]
[613.3701065831665, 114.97623328412512, -0.020399900385567226]
[599.2534945405655, 115.26425071807262, -0.020399900385567226]
[585.1368824979645, 115.55226815202012, -0.020399900385567226]
[571.0202704553635, 115.84028558596762, -0.020399900385567226]
[556.9036584127625, 116.12830301991514, -0.020399900385567226]
[542.7870463701615, 116.41632045386264, -0.020399900385567226]
[528.6704343275605, 116.70433788781014, -0.020399900385567226]
[514.5538222849596, 116.99235532175764, -0.020399900385567226]
[500.43721024235856, 117.28037275570514, -0.020399900385567226]
[486.32059819975757, 117.56839018965265, -0.020399900385567226]
[472.2039861571566, 117.85640762360015, -0.020399900385567226]
[458.0873741145556, 118.14442505754765, -0.020399900385567226]
[443.97076207195465, 118.43244249149515, -0.020399900385567226]
[429.85415002935366, 118.72045992544267, -0.020399900385567226]
[415.73753798675267, 119.00847735939017, -0.020399900385567226]
[401.6209259441517, 119.29649479333767, -0.020399900385567226]
[387.5043139015507, 119.58451222728517, -0.020399900385567226]
[373.3877018589497, 119.87252966123268, -0.020399900385567226]
[362.78637817773625, 118.59602919563261, 0.26006515808683495]
[349.4724719015286, 115.05331440548787, 0.2600651580868352]
[336.1585656253209, 111.51059961534314, 0.2600651580868352]
[322.84465934911316, 107.96788482519841, 0.2600651580868352]
[309.53075307290544, 104.42517003505367, 0.2600651580868352]
[296.2168467966978, 100.88245524490893, 0.2600651580868352]
[282.90294052049006, 97.3397404547642, 0.2600651580868352]
[269.58903424428235, 93.79702566461947, 0.2600651580868352]
[256.2751279680746, 90.25431087447473, 0.2600651580868352]
[242.96122169186697, 86.71159608432998, 0.2600651580868352]
[229.64731541565925, 83.16888129418525, 0.2600651580868352]
[216.33340913945153, 79.62616650404051, 0.2600651580868352]
[203.01950286324384, 76.08345171389578, 0.2600651580868352]
[189.70559658703615, 72.54073692375104, 0.2600651580868352]
[176.39169031082844, 68.99802213360631, 0.2600651580868352]
[163.07778403462072, 65.45530734346157, 0.2600651580868352]
[149.76387775841303, 61.912592553316834, 0.2600651580868352]
[136.44997148220534, 58.3698777631721, 0.2600651580868352]
[123.13606520599762, 54.82716297302736, 0.2600651580868352]
[109.82215892978992, 51.28444818288263, 0.2600651580868352]
>>>> 
>>>> inputs
[40.0, 0.0, 0.10016293996222532]
[40.0, 0.0, 0.10016293996222532]
[40.0, 0.0, 0.10016293996222532]
[40.0, 0.0, 0.10016293996222532]
[40.0, 0.0, 0.10016293996222532]
[40.0, 0.0, 0.10016293996222532]
[40.0, 0.0, 0.10016293996222532]
[40.0, 0.0, 0.10016293996222532]
[40.0, 0.0, 0.10016293996222532]
[40.0, 0.0, 0.10016293996222532]
[40.0, 0.0, 0.10016293996222532]
[40.0, 0.0, 0.10016293996222532]
[40.0, 0.0, 0.10016293996222532]
[40.0, 0.0, 0.10016293996222532]
[40.0, 0.0, 0.10016293996222532]
[40.0, 0.0, 0.10016293996222532]
[40.0, 0.0, 0.10016293996222532]
[40.0, 0.0, 0.10016293996222532]
[40.0, 0.0, 0.10016293996222532]
[40.0, 0.0, 0.10016293996222532]
[40.0, 0.0, 0.2211211425682579]
[40.0, 0.0, 0.2211211425682579]
[40.0, 0.0, 0.2211211425682579]
[40.0, 0.0, 0.2211211425682579]
[40.0, 0.0, 0.2211211425682579]
[40.0, 0.0, 0.2211211425682579]
[40.0, 0.0, 0.2211211425682579]
[40.0, 0.0, 0.2211211425682579]
[40.0, 0.0, 0.2211211425682579]
[40.0, 0.0, 0.2211211425682579]
[40.0, 0.0, 0.2211211425682579]
[40.0, 0.0, 0.2211211425682579]
[40.0, 0.0, 0.2211211425682579]
[40.0, 0.0, 0.2211211425682579]
[40.0, 0.0, 0.2211211425682579]
[40.0, 0.0, 0.2211211425682579]
[40.0, 0.0, 0.2211211425682579]
[40.0, -0.8669840139434847, 0.2211211425682579]
[40.0, 0.0, 0.2211211425682579]
[40.0, 0.0, 0.2211211425682579]
[40.0, 0.0, 0.1764859487356058]
[40.0, 0.0, 0.1764859487356058]
[40.0, 0.0, 0.1764859487356058]
[40.0, 0.0, 0.1764859487356058]
[40.0, 0.0, 0.1764859487356058]
[40.0, 0.0, 0.1764859487356058]
[40.0, 0.0, 0.1764859487356058]
[40.0, 0.0, 0.1764859487356058]
[40.0, 0.0, 0.1764859487356058]
[40.0, 0.0, 0.1764859487356058]
[40.0, 0.0, 0.1764859487356058]
[40.0, 0.0, 0.1764859487356058]
[40.0, 0.0, 0.1764859487356058]
[40.0, 0.0, 0.1764859487356058]
[40.0, 0.0, 0.1764859487356058]
[40.0, 0.8669840139434847, 0.1764859487356058]
[40.0, 0.8669840139434847, 0.1764859487356058]
[40.0, 0.0, 0.1764859487356058]
[40.0, 0.0, 0.1764859487356058]
[40.0, 0.0, 0.1764859487356058]
[40.0, 0.0, 0.2929533530329972]
[40.0, 0.0, 0.2929533530329972]
[40.0, 0.0, 0.2929533530329972]
[40.0, 0.0, 0.2929533530329972]
[40.0, 0.0, 0.2929533530329972]
[40.0, 0.0, 0.2929533530329972]
[40.0, 0.0, 0.2929533530329972]
[40.0, 0.0, 0.2929533530329972]
[40.0, 0.0, 0.2929533530329972]
[40.0, 0.0, 0.2929533530329972]
[40.0, 0.0, 0.2929533530329972]
[40.0, 0.0, 0.2929533530329972]
[40.0, 0.0, 0.2929533530329972]
[40.0, 0.0, 0.2929533530329972]
[40.0, 0.0, 0.2929533530329972]
[40.0, 0.8669840139434847, 0.2929533530329972]
[40.0, 0.0, 0.2929533530329972]
[40.0, 0.0, 0.2929533530329972]
[40.0, 0.0, 0.2929533530329972]
[40.0, 0.0, 0.2929533530329972]
[40.0, 0.0, 0.3310810930553848]
[40.0, 0.0, 0.3310810930553848]
[40.0, 0.0, 0.3310810930553848]
[40.0, 0.0, 0.3310810930553848]
[40.0, 0.0, 0.3310810930553848]
[40.0, 0.0, 0.3310810930553848]
[40.0, 0.0, 0.3310810930553848]
[40.0, 0.0, 0.3310810930553848]
[40.0, 0.0, 0.3310810930553848]
[40.0, 0.0, 0.3310810930553848]
[40.0, 0.0, 0.3310810930553848]
[40.0, 0.0, 0.3310810930553848]
[40.0, 0.0, 0.3310810930553848]
[40.0, 0.0, 0.3310810930553848]
[40.0, -0.8669840139434847, 0.3310810930553848]
[40.0, 0.0, 0.3310810930553848]
[40.0, 0.0, 0.3310810930553848]
[40.0, 0.0, 0.3310810930553848]
[40.0, 0.0, 0.3310810930553848]
[40.0, 0.0, 0.3310810930553848]
[40.0, 0.0, 0.3396254282044027]
[40.0, 0.0, 0.3396254282044027]
[40.0, 0.0, 0.3396254282044027]
[40.0, 0.0, 0.3396254282044027]
[40.0, 0.0, 0.3396254282044027]
[40.0, 0.0, 0.3396254282044027]
[40.0, 0.0, 0.3396254282044027]
[40.0, 0.0, 0.3396254282044027]
[40.0, 0.0, 0.3396254282044027]
[40.0, 0.0, 0.3396254282044027]
[40.0, 0.0, 0.3396254282044027]
[40.0, 0.0, 0.3396254282044027]
[40.0, 0.0, 0.3396254282044027]
[40.0, 0.0, 0.3396254282044027]
>>>> 
----------------------------
Path number   : 1
Path length   : 1147.5243312477576
Time required : 66.83546805381775 s
>>>> Nodes
[1087.063426462708, 497.9907559349633, 0.9351627846004182]
[1085.064850389236, 495.28184629318014, 0.9351627846004182]
[1083.0662743157638, 492.5729366513969, 0.9351627846004182]
[1081.0676982422917, 489.8640270096137, 0.9351627846004182]
[1079.0691221688196, 487.15511736783054, 0.9351627846004182]
[1077.0705460953477, 484.4462077260473, 0.9351627846004182]
[1075.0719700218756, 481.7372980842641, 0.9351627846004182]
[1073.0733939484035, 479.02838844248095, 0.9351627846004182]
[1071.0748178749313, 476.3194788006977, 0.9351627846004182]
[1069.0762418014592, 473.61056915891453, 0.9351627846004182]
[1067.077665727987, 470.90165951713135, 0.9351627846004182]
[1065.079089654515, 468.1927498753481, 0.9351627846004182]
[1063.0805135810429, 465.48384023356493, 0.9351627846004182]
[1061.0819375075707, 462.77493059178175, 0.9351627846004182]
[1059.0833614340986, 460.0660209499986, 0.9351627846004182]
[1057.0847853606267, 457.35711130821534, 0.9351627846004182]
[1055.0862092871546, 454.64820166643216, 0.9351627846004182]
[1053.0876332136825, 451.939292024649, 0.9351627846004182]
[1051.0890571402103, 449.23038238286574, 0.9351627846004182]
[1049.0904810667382, 446.52147274108256, 0.9351627846004182]
[1044.5456482943187, 440.7323686596314, 0.9024511652600047]
[1040.7589344941211, 435.93641422437787, 0.9024511652600047]
[1036.9722206939234, 431.1404597891243, 0.9024511652600047]
[1033.1855068937257, 426.3445053538708, 0.9024511652600047]
[1029.398793093528, 421.54855091861725, 0.9024511652600047]
[1025.6120792933305, 416.75259648336373, 0.9024511652600047]
[1021.8253654931327, 411.9566420481102, 0.9024511652600047]
[1018.0386516929351, 407.1606876128567, 0.9024511652600047]
[1014.2519378927374, 402.36473317760317, 0.9024511652600047]
[1010.4652240925398, 397.5687787423496, 0.9024511652600047]
[1006.678510292342, 392.7728243070961, 0.9024511652600047]
[1002.8917964921444, 387.97686987184255, 0.9024511652600047]
[999.1050826919468, 383.18091543658903, 0.9024511652600047]
[995.3183688917491, 378.3849610013355, 0.9024511652600047]
[991.5316550915514, 373.589006566082, 0.9024511652600047]
[987.7449412913537, 368.7930521308284, 0.9024511652600047]
[983.9582274911561, 363.9970976955749, 0.9024511652600047]
[980.1715136909584, 359.2011432603214, 0.9024511652600047]
[976.3847998907607, 354.40518882506785, 0.9024511652600047]
[973.7529682594179, 351.2063417023372, 0.8800206406992416]
[971.6595715650034, 348.673928390469, 0.8800206406992416]
[969.5661748705888, 346.1415150786008, 0.8800206406992416]
[967.4727781761742, 343.6091017667326, 0.8800206406992416]
[965.3793814817597, 341.0766884548644, 0.8800206406992416]
[963.2859847873451, 338.5442751429962, 0.8800206406992416]
[961.1925880929306, 336.01186183112793, 0.8800206406992416]
[959.099191398516, 333.47944851925973, 0.8800206406992416]
[957.0057947041014, 330.94703520739154, 0.8800206406992416]
[954.9123980096869, 328.41462189552334, 0.8800206406992416]
[952.8190013152723, 325.88220858365514, 0.8800206406992416]
[950.7256046208578, 323.3497952717869, 0.8800206406992416]
[948.6322079264432, 320.8173819599187, 0.8800206406992416]
[946.5388112320287, 318.2849686480505, 0.8800206406992416]
[944.4454145376142, 315.7525553361823, 0.8800206406992416]
[942.3520178431995, 313.22014202431404, 0.8800206406992416]
[940.258621148785, 310.68772871244585, 0.8800206406992416]
[938.1652244543704, 308.15531540057765, 0.8800206406992416]
[936.4029574046567, 305.85053465172706, 0.9559950285644034]
[932.705438327733, 300.61392049137856, 0.9559950285644038]
[929.0079192508092, 295.37730633103007, 0.9559950285644038]
[925.3104001738855, 290.1406921706816, 0.9559950285644038]
[921.6128810969618, 284.9040780103331, 0.9559950285644038]
[917.9153620200381, 279.6674638499846, 0.9559950285644038]
[914.2178429431143, 274.4308496896361, 0.9559950285644038]
[910.5203238661906, 269.1942355292876, 0.9559950285644038]
[906.8228047892668, 263.9576213689391, 0.9559950285644038]
[903.125285712343, 258.7210072085906, 0.9559950285644038]
[899.4277666354193, 253.4843930482421, 0.9559950285644038]
[895.7302475584956, 248.24777888789362, 0.9559950285644038]
[892.0327284815719, 243.01116472754512, 0.9559950285644038]
[888.3352094046481, 237.77455056719663, 0.9559950285644038]
[884.6376903277244, 232.53793640684813, 0.9559950285644038]
[884.6376903277244, 232.53793640684813, 0.9559950285644032]
[878.3535427238686, 225.62023962500746, 0.7107066094323844]
[870.5776298051709, 220.43562602770191, 0.4654181903003656]
[861.7754592930462, 217.29447430452495, 0.22012977116834676]
[852.4739761753623, 216.38483059186765, -0.025158647963672065]
[844.4266090008638, 216.58733419684467, -0.025158647963670917]
[836.3792418263653, 216.78983780182168, -0.025158647963670917]
[828.3318746518668, 216.99234140679866, -0.025158647963670917]
[820.2845074773683, 217.19484501177567, -0.025158647963670917]
[812.2371403028699, 217.39734861675268, -0.025158647963670917]
[804.1897731283714, 217.5998522217297, -0.025158647963670917]
[796.1424059538729, 217.80235582670667, -0.025158647963670917]
[788.0950387793744, 218.00485943168368, -0.025158647963670917]
[780.0476716048759, 218.2073630366607, -0.025158647963670917]
[772.0003044303774, 218.4098666416377, -0.025158647963670917]
[763.9529372558789, 218.6123702466147, -0.025158647963670917]
[755.9055700813803, 218.8148738515917, -0.025158647963670917]
[747.8582029068818, 219.0173774565687, -0.025158647963670917]
[739.8108357323835, 219.21988106154572, -0.025158647963670917]
[731.763468557885, 219.4223846665227, -0.025158647963670917]
[723.7161013833864, 219.6248882714997, -0.025158647963670917]
[715.6687342088879, 219.82739187647672, -0.025158647963670917]
[715.6687342088879, 219.82739187647672, -0.025158647963671843]
[705.8144381234004, 218.7897340598513, 0.2349854899425996]
[698.9896254216118, 217.1558168304027, 0.2349854899426008]
[692.1648127198232, 215.52189960095413, 0.2349854899426008]
[685.3400000180345, 213.88798237150556, 0.2349854899426008]
[678.5151873162459, 212.25406514205702, 0.2349854899426008]
[671.6903746144574, 210.62014791260845, 0.2349854899426008]
[664.8655619126688, 208.98623068315987, 0.2349854899426008]
[658.0407492108801, 207.3523134537113, 0.2349854899426008]
[651.2159365090915, 205.71839622426273, 0.2349854899426008]
[644.391123807303, 204.08447899481416, 0.2349854899426008]
[637.5663111055144, 202.4505617653656, 0.2349854899426008]
[630.7414984037257, 200.81664453591702, 0.2349854899426008]
[623.9166857019371, 199.18272730646845, 0.2349854899426008]
[617.0918730001486, 197.54881007701988, 0.2349854899426008]
[610.26706029836, 195.91489284757134, 0.2349854899426008]
[603.4422475965714, 194.28097561812277, 0.2349854899426008]
[596.6174348947827, 192.6470583886742, 0.2349854899426008]
[589.7926221929941, 191.01314115922563, 0.2349854899426008]
[582.9678094912056, 189.37922392977705, 0.2349854899426008]
[580.2182170312453, 188.61124992556006, 0.30974211789883066]
[577.1122742917008, 187.61721411799388, 0.3097421178988311]
[574.0063315521564, 186.6231783104277, 0.3097421178988311]
[570.9003888126119, 185.62914250286153, 0.3097421178988311]
[567.7944460730674, 184.63510669529535, 0.3097421178988311]
[564.6885033335229, 183.64107088772917, 0.3097421178988311]
[561.5825605939785, 182.647035080163, 0.3097421178988311]
[558.476617854434, 181.65299927259682, 0.3097421178988311]
[555.3706751148895, 180.65896346503064, 0.3097421178988311]
[552.2647323753451, 179.6649276574645, 0.3097421178988311]
[549.1587896358006, 178.6708918498983, 0.3097421178988311]
[546.0528468962561, 177.67685604233213, 0.3097421178988311]
[542.9469041567116, 176.68282023476596, 0.3097421178988311]
[539.8409614171673, 175.68878442719978, 0.3097421178988311]
[536.7350186776227, 174.6947486196336, 0.3097421178988311]
[533.6290759380782, 173.70071281206742, 0.3097421178988311]
[530.5231331985337, 172.70667700450124, 0.3097421178988311]
[527.4171904589894, 171.71264119693507, 0.3097421178988311]
[524.3112477194449, 170.7186053893689, 0.3097421178988311]
[524.2127291054461, 170.68692798850793, 0.31245137876022056]
[515.817624321865, 167.9750358941606, 0.31245137876022155]
[507.42251953828384, 165.26314379981335, 0.31245137876022155]
[499.02741475470276, 162.55125170546606, 0.31245137876022155]
[490.63230997112163, 159.83935961111877, 0.31245137876022155]
[482.23720518754055, 157.1274675167715, 0.31245137876022155]
[473.8421004039594, 154.4155754224242, 0.31245137876022155]
[465.4469956203783, 151.70368332807692, 0.31245137876022155]
[457.05189083679716, 148.99179123372966, 0.31245137876022155]
[448.6567860532161, 146.27989913938237, 0.31245137876022155]
[440.26168126963495, 143.5680070450351, 0.31245137876022155]
[431.8665764860539, 140.8561149506878, 0.31245137876022155]
[423.47147170247274, 138.14422285634052, 0.31245137876022155]
[415.0763669188916, 135.43233076199326, 0.31245137876022155]
[406.6812621353105, 132.72043866764596, 0.31245137876022155]
[398.2861573517294, 130.0085465732987, 0.31245137876022155]
[389.89105256814827, 127.29665447895141, 0.31245137876022155]
[381.49594778456714, 124.58476238460412, 0.31245137876022155]
[373.10084300098606, 121.87287029025684, 0.31245137876022155]
[364.7057382174049, 119.16097819590956, 0.31245137876022155]
[349.4724719015286, 115.05331440548787, 0.2600651580868352]
[336.1585656253209, 111.51059961534314, 0.2600651580868352]
[322.84465934911316, 107.96788482519841, 0.2600651580868352]
[309.53075307290544, 104.42517003505367, 0.2600651580868352]
[296.2168467966978, 100.88245524490893, 0.2600651580868352]
[282.90294052049006, 97.3397404547642, 0.2600651580868352]
[269.58903424428235, 93.79702566461947, 0.2600651580868352]
[256.2751279680746, 90.25431087447473, 0.2600651580868352]
[242.96122169186697, 86.71159608432998, 0.2600651580868352]
[229.64731541565925, 83.16888129418525, 0.2600651580868352]
[216.33340913945153, 79.62616650404051, 0.2600651580868352]
[203.01950286324384, 76.08345171389578, 0.2600651580868352]
[189.70559658703615, 72.54073692375104, 0.2600651580868352]
[176.39169031082844, 68.99802213360631, 0.2600651580868352]
[163.07778403462072, 65.45530734346157, 0.2600651580868352]
[149.76387775841303, 61.912592553316834, 0.2600651580868352]
[136.44997148220534, 58.3698777631721, 0.2600651580868352]
[123.13606520599762, 54.82716297302736, 0.2600651580868352]
[109.82215892978992, 51.28444818288263, 0.2600651580868352]
>>>> 
>>>> inputs
[40.0, 0.0, 0.08151333144455944]
[40.0, 0.0, 0.08151333144455944]
[40.0, 0.0, 0.08151333144455944]
[40.0, 0.0, 0.08151333144455944]
[40.0, 0.0, 0.08151333144455944]
[40.0, 0.0, 0.08151333144455944]
[40.0, 0.0, 0.08151333144455944]
[40.0, 0.0, 0.08151333144455944]
[40.0, 0.0, 0.08151333144455944]
[40.0, 0.0, 0.08151333144455944]
[40.0, 0.0, 0.08151333144455944]
[40.0, 0.0, 0.08151333144455944]
[40.0, 0.0, 0.08151333144455944]
[40.0, 0.0, 0.08151333144455944]
[40.0, 0.0, 0.08151333144455944]
[40.0, 0.0, 0.08151333144455944]
[40.0, 0.0, 0.08151333144455944]
[40.0, 0.0, 0.08151333144455944]
[40.0, 0.0, 0.08151333144455944]
[40.0, 0.0, 0.08151333144455944]
[40.0, 0.0, 0.1461995709166081]
[40.0, 0.0, 0.1461995709166081]
[40.0, 0.0, 0.1461995709166081]
[40.0, 0.0, 0.1461995709166081]
[40.0, 0.0, 0.1461995709166081]
[40.0, 0.0, 0.1461995709166081]
[40.0, 0.0, 0.1461995709166081]
[40.0, 0.0, 0.1461995709166081]
[40.0, 0.0, 0.1461995709166081]
[40.0, 0.0, 0.1461995709166081]
[40.0, 0.0, 0.1461995709166081]
[40.0, 0.0, 0.1461995709166081]
[40.0, 0.0, 0.1461995709166081]
[40.0, 0.0, 0.1461995709166081]
[40.0, 0.0, 0.1461995709166081]
[40.0, 0.0, 0.1461995709166081]
[40.0, 0.0, 0.1461995709166081]
[40.0, 0.0, 0.1461995709166081]
[40.0, 0.0, 0.1461995709166081]
[40.0, 0.0, 0.1461995709166081]
[40.0, 0.0, 0.07755439848901674]
[40.0, 0.0, 0.07755439848901674]
[40.0, 0.0, 0.07755439848901674]
[40.0, 0.0, 0.07755439848901674]
[40.0, 0.0, 0.07755439848901674]
[40.0, 0.0, 0.07755439848901674]
[40.0, 0.0, 0.07755439848901674]
[40.0, 0.0, 0.07755439848901674]
[40.0, 0.0, 0.07755439848901674]
[40.0, 0.0, 0.07755439848901674]
[40.0, 0.0, 0.07755439848901674]
[40.0, 0.0, 0.07755439848901674]
[40.0, 0.0, 0.07755439848901674]
[40.0, 0.0, 0.07755439848901674]
[40.0, 0.0, 0.07755439848901674]
[40.0, 0.0, 0.07755439848901674]
[40.0, -0.8669840139434847, 0.07755439848901674]
[40.0, 0.0, 0.07755439848901674]
[40.0, 0.0, 0.07755439848901674]
[40.0, 0.0, 0.07755439848901674]
[40.0, 0.0, 0.1590293839404665]
[40.0, 0.0, 0.1590293839404665]
[40.0, 0.0, 0.1590293839404665]
[40.0, 0.0, 0.1590293839404665]
[40.0, 0.0, 0.1590293839404665]
[40.0, 0.0, 0.1590293839404665]
[40.0, 0.0, 0.1590293839404665]
[40.0, 0.0, 0.1590293839404665]
[40.0, 0.0, 0.1590293839404665]
[40.0, 0.0, 0.1590293839404665]
[40.0, 0.0, 0.1590293839404665]
[40.0, 0.8669840139434847, 0.1590293839404665]
[40.0, 0.8669840139434847, 0.1590293839404665]
[40.0, 0.8669840139434847, 0.1590293839404665]
[40.0, 0.8669840139434847, 0.1590293839404665]
[40.0, 0.8669840139434847, 0.1590293839404665]
[40.0, 0.0, 0.1590293839404665]
[40.0, 0.0, 0.1590293839404665]
[40.0, 0.0, 0.1590293839404665]
[40.0, 0.0, 0.1590293839404665]
[40.0, 0.0, 0.18348165431991875]
[40.0, 0.0, 0.18348165431991875]
[40.0, 0.0, 0.18348165431991875]
[40.0, 0.0, 0.18348165431991875]
[40.0, 0.0, 0.18348165431991875]
[40.0, 0.0, 0.18348165431991875]
[40.0, 0.0, 0.18348165431991875]
[40.0, 0.0, 0.18348165431991875]
[40.0, 0.0, 0.18348165431991875]
[40.0, 0.0, 0.18348165431991875]
[40.0, 0.0, 0.18348165431991875]
[40.0, 0.0, 0.18348165431991875]
[40.0, 0.0, 0.18348165431991875]
[40.0, -0.8669840139434847, 0.18348165431991875]
[40.0, -0.8669840139434847, 0.18348165431991875]
[40.0, 0.0, 0.18348165431991875]
[40.0, 0.0, 0.18348165431991875]
[40.0, 0.0, 0.18348165431991875]
[40.0, 0.0, 0.18348165431991875]
[40.0, 0.0, 0.18348165431991875]
[40.0, 0.0, 0.16146703996868728]
[40.0, 0.0, 0.16146703996868728]
[40.0, 0.0, 0.16146703996868728]
[40.0, 0.0, 0.16146703996868728]
[40.0, 0.0, 0.16146703996868728]
[40.0, 0.0, 0.16146703996868728]
[40.0, 0.0, 0.16146703996868728]
[40.0, 0.0, 0.16146703996868728]
[40.0, 0.0, 0.16146703996868728]
[40.0, 0.0, 0.16146703996868728]
[40.0, 0.0, 0.16146703996868728]
[40.0, 0.0, 0.16146703996868728]
[40.0, 0.0, 0.16146703996868728]
[40.0, -0.8669840139434847, 0.16146703996868728]
[40.0, 0.0, 0.16146703996868728]
[40.0, 0.0, 0.16146703996868728]
[40.0, 0.0, 0.16146703996868728]
[40.0, 0.0, 0.16146703996868728]
[40.0, 0.0, 0.16146703996868728]
[40.0, 0.0, 0.16146703996868728]
[40.0, 0.0, 0.07350484688078589]
[40.0, 0.0, 0.07350484688078589]
[40.0, 0.0, 0.07350484688078589]
[40.0, 0.0, 0.07350484688078589]
[40.0, 0.0, 0.07350484688078589]
[40.0, 0.0, 0.07350484688078589]
[40.0, 0.0, 0.07350484688078589]
[40.0, 0.0, 0.07350484688078589]
[40.0, 0.0, 0.07350484688078589]
[40.0, 0.0, 0.07350484688078589]
[40.0, 0.0, 0.07350484688078589]
[40.0, 0.0, 0.07350484688078589]
[40.0, -0.8669840139434847, 0.07350484688078589]
[40.0, 0.0, 0.07350484688078589]
[40.0, 0.0, 0.07350484688078589]
[40.0, 0.0, 0.07350484688078589]
[40.0, 0.0, 0.07350484688078589]
[40.0, 0.0, 0.07350484688078589]
[40.0, 0.0, 0.07350484688078589]
[40.0, 0.0, 0.07350484688078589]
[40.0, 0.0, 0.2120297598952514]
[40.0, 0.0, 0.2120297598952514]
[40.0, 0.0, 0.2120297598952514]
[40.0, 0.0, 0.2120297598952514]
[40.0, 0.0, 0.2120297598952514]
[40.0, 0.0, 0.2120297598952514]
[40.0, 0.0, 0.2120297598952514]
[40.0, 0.0, 0.2120297598952514]
[40.0, 0.0, 0.2120297598952514]
[40.0, 0.0, 0.2120297598952514]
[40.0, 0.0, 0.2120297598952514]
[40.0, 0.0, 0.2120297598952514]
[40.0, 0.0, 0.2120297598952514]
[40.0, 0.0, 0.2120297598952514]
[40.0, 0.0, 0.2120297598952514]
[40.0, 0.0, 0.2120297598952514]
[40.0, 0.0, 0.2120297598952514]
[40.0, 0.0, 0.2120297598952514]
[40.0, 0.0, 0.2120297598952514]
[40.0, 0.0, 0.2120297598952514]
[40.0, 0.0, 0.3396254282044027]
[40.0, 0.0, 0.3396254282044027]
[40.0, 0.0, 0.3396254282044027]
[40.0, 0.0, 0.3396254282044027]
[40.0, 0.0, 0.3396254282044027]
[40.0, 0.0, 0.3396254282044027]
[40.0, 0.0, 0.3396254282044027]
[40.0, 0.0, 0.3396254282044027]
[40.0, 0.0, 0.3396254282044027]
[40.0, 0.0, 0.3396254282044027]
[40.0, 0.0, 0.3396254282044027]
>>>> 
