----------------------------
RRT search Summary          
----------------------------
Map Name               : Random
Total paths found      : 4
Total number of nodes  : 1385
Total elapsed time     : 92.1088547706604 s
Solver                 : RRTstar 
----------------------------
Path number   : 0
Path length   : 1272.7944689636522
Time required : 14.864982604980469 s
>>>> Nodes
[1108.060045011446, 505.5406097269914, 1.0964211707150617]
[1104.3112007171478, 498.2397844867684, 1.0964211707150617]
[1100.56235642285, 490.9389592465453, 1.0964211707150617]
[1096.8135121285518, 483.6381340063222, 1.0964211707150617]
[1093.064667834254, 476.33730876609917, 1.0964211707150617]
[1089.3158235399558, 469.0364835258761, 1.0964211707150617]
[1085.5669792456579, 461.7356582856531, 1.0964211707150617]
[1081.8181349513598, 454.43483304542997, 1.0964211707150617]
[1078.0692906570616, 447.1340078052069, 1.0964211707150617]
[1074.3204463627637, 439.8331825649839, 1.0964211707150617]
[1070.5716020684656, 432.5323573247608, 1.0964211707150617]
[1066.8227577741677, 425.2315320845378, 1.0964211707150617]
[1063.0739134798696, 417.93070684431467, 1.0964211707150617]
[1059.3250691855715, 410.6298816040916, 1.0964211707150617]
[1055.5762248912736, 403.3290563638686, 1.0964211707150617]
[1051.8273805969754, 396.0282311236455, 1.0964211707150617]
[1048.0785363026775, 388.7274058834225, 1.0964211707150617]
[1044.3296920083794, 381.4265806431994, 1.0964211707150617]
[1040.5808477140815, 374.1257554029763, 1.0964211707150617]
[1036.8320034197834, 366.8249301627533, 1.0964211707150617]
[1032.1451345684152, 359.1482010934174, 1.0048938720078773]
[1029.1952157357587, 354.504141916373, 1.0048938720078773]
[1026.245296903102, 349.8600827393285, 1.0048938720078773]
[1023.2953780704454, 345.216023562284, 1.0048938720078773]
[1020.3454592377888, 340.57196438523954, 1.0048938720078773]
[1017.3955404051321, 335.9279052081951, 1.0048938720078773]
[1014.4456215724755, 331.28384603115063, 1.0048938720078773]
[1011.4957027398187, 326.63978685410615, 1.0048938720078773]
[1008.5457839071621, 321.99572767706167, 1.0048938720078773]
[1005.5958650745055, 317.35166850001724, 1.0048938720078773]
[1002.6459462418488, 312.70760932297276, 1.0048938720078773]
[999.6960274091922, 308.0635501459283, 1.0048938720078773]
[996.7461085765356, 303.4194909688838, 1.0048938720078773]
[993.7961897438789, 298.77543179183937, 1.0048938720078773]
[990.8462709112223, 294.1313726147949, 1.0048938720078773]
[990.8462709112223, 294.1313726147949, 1.0048938720078775]
[986.5922082114504, 288.6180901907821, 0.8223308051340947]
[981.4079012888492, 283.96875752116307, 0.6397677382603119]
[975.465659947521, 280.33790357450965, 0.457204671386529]
[967.4413531144695, 276.39016866255565, 0.4572046713865282]
[959.417046281418, 272.4424337506017, 0.4572046713865282]
[951.3927394483666, 268.4946988386477, 0.4572046713865282]
[943.368432615315, 264.5469639266937, 0.4572046713865282]
[935.3441257822635, 260.59922901473976, 0.4572046713865282]
[927.319818949212, 256.65149410278576, 0.4572046713865282]
[919.2955121161606, 252.7037591908318, 0.4572046713865282]
[911.2712052831091, 248.75602427887782, 0.4572046713865282]
[903.2468984500576, 244.80828936692382, 0.4572046713865282]
[895.2225916170062, 240.86055445496984, 0.4572046713865282]
[887.1982847839547, 236.91281954301587, 0.4572046713865282]
[879.1739779509032, 232.96508463106187, 0.4572046713865282]
[871.1496711178517, 229.0173497191079, 0.4572046713865282]
[863.1253642848002, 225.06961480715393, 0.4572046713865282]
[855.1010574517487, 221.12187989519992, 0.4572046713865282]
[847.0767506186972, 217.17414498324595, 0.4572046713865282]
[847.0767506186972, 217.17414498324598, 0.457204671386529]
[831.8685085155386, 213.28672033321476, 0.04330430057680723]
[816.3810060031986, 215.8440557058683, -0.3705960702329145]
[809.6543022771771, 218.4577101293661, -0.37059607023291424]
[802.9275985511556, 221.0713645528639, -0.37059607023291424]
[796.200894825134, 223.68501897636173, -0.37059607023291424]
[789.4741910991125, 226.29867339985952, -0.37059607023291424]
[782.747487373091, 228.91232782335732, -0.37059607023291424]
[776.0207836470695, 231.52598224685514, -0.37059607023291424]
[769.2940799210479, 234.13963667035293, -0.37059607023291424]
[762.5673761950263, 236.75329109385075, -0.37059607023291424]
[755.8406724690049, 239.36694551734854, -0.37059607023291424]
[749.1139687429833, 241.98059994084633, -0.37059607023291424]
[742.3872650169618, 244.59425436434415, -0.37059607023291424]
[735.6605612909402, 247.20790878784194, -0.37059607023291424]
[728.9338575649188, 249.82156321133976, -0.37059607023291424]
[722.2071538388972, 252.43521763483756, -0.37059607023291424]
[715.4804501128757, 255.04887205833538, -0.37059607023291424]
[708.7537463868541, 257.6625264818332, -0.37059607023291424]
[702.0270426608326, 260.276180905331, -0.37059607023291424]
[695.3003389348111, 262.8898353288288, -0.37059607023291424]
[695.0664661867492, 262.9798245203841, -0.3640356710294994]
[685.5131954035337, 266.61978622360584, -0.36403567102950013]
[675.9599246203182, 270.2597479268276, -0.36403567102950013]
[666.4066538371028, 273.89970963004924, -0.36403567102950013]
[656.8533830538873, 277.539671333271, -0.36403567102950013]
[647.3001122706719, 281.1796330364927, -0.36403567102950013]
[637.7468414874564, 284.8195947397144, -0.36403567102950013]
[628.193570704241, 288.4595564429361, -0.36403567102950013]
[618.6402999210254, 292.09951814615783, -0.36403567102950013]
[609.0870291378101, 295.73947984937956, -0.36403567102950013]
[599.5337583545945, 299.3794415526013, -0.36403567102950013]
[589.9804875713791, 303.01940325582297, -0.36403567102950013]
[580.4272167881636, 306.6593649590447, -0.36403567102950013]
[570.8739460049482, 310.2993266622664, -0.36403567102950013]
[561.3206752217327, 313.9392883654881, -0.36403567102950013]
[551.7674044385172, 317.5792500687098, -0.36403567102950013]
[542.2141336553018, 321.21921177193155, -0.36403567102950013]
[542.2141336553018, 321.21921177193155, -0.3640356710294994]
[529.5965657728228, 323.7097299190516, -0.02572400826888699]
[516.867617216702, 321.871369626364, 0.31258765449172543]
[504.35085161233485, 317.8261631249993, 0.3125876544917248]
[491.83408600796776, 313.78095662363455, 0.3125876544917248]
[479.31732040360066, 309.7357501222698, 0.3125876544917248]
[466.8005547992335, 305.6905436209051, 0.3125876544917248]
[454.2837891948665, 301.6453371195404, 0.3125876544917248]
[441.7670235904993, 297.6001306181756, 0.3125876544917248]
[429.2502579861322, 293.55492411681087, 0.3125876544917248]
[416.73349238176513, 289.50971761544616, 0.3125876544917248]
[404.216726777398, 285.46451111408146, 0.3125876544917248]
[391.6999611730309, 281.4193046127167, 0.3125876544917248]
[379.1831955686638, 277.37409811135194, 0.3125876544917248]
[366.66642996429664, 273.32889160998724, 0.3125876544917248]
[354.14966435992955, 269.28368510862254, 0.3125876544917248]
[341.63289875556245, 265.2384786072578, 0.3125876544917248]
[329.11613315119536, 261.193272105893, 0.3125876544917248]
[316.5993675468282, 257.1480656045283, 0.3125876544917248]
[304.0826019424611, 253.10285910316358, 0.3125876544917248]
[304.0826019424611, 253.10285910316358, 0.3125876544917241]
[287.2280497064592, 242.07477548239655, 0.8462090782299971]
[277.8970482189013, 231.53385229081536, 0.8462090782299977]
[268.5660467313434, 220.9929290992342, 0.8462090782299977]
[259.2350452437855, 210.45200590765305, 0.8462090782299977]
[249.90404375622762, 199.91108271607192, 0.8462090782299977]
[240.57304226866972, 189.37015952449076, 0.8462090782299977]
[231.24204078111183, 178.8292363329096, 0.8462090782299977]
[221.91103929355393, 168.28831314132847, 0.8462090782299977]
[212.58003780599603, 157.74738994974732, 0.8462090782299977]
[203.24903631843813, 147.20646675816616, 0.8462090782299977]
[193.91803483088023, 136.665543566585, 0.8462090782299977]
[184.58703334332233, 126.12462037500387, 0.8462090782299977]
[175.25603185576446, 115.58369718342271, 0.8462090782299977]
[165.92503036820656, 105.04277399184156, 0.8462090782299977]
[156.59402888064866, 94.50185080026041, 0.8462090782299977]
[147.26302739309077, 83.96092760867927, 0.8462090782299977]
[137.93202590553287, 73.42000441709811, 0.8462090782299977]
[128.60102441797497, 62.87908122551696, 0.8462090782299977]
[128.60102441797497, 62.87908122551697, 0.8462090782299979]
[100.0, 50.00000000000001, 0.0]
>>>> 
>>>> inputs
[40.0, 0.0, 0.19928785234176025]
[40.0, 0.0, 0.19928785234176025]
[40.0, 0.0, 0.19928785234176025]
[40.0, 0.0, 0.19928785234176025]
[40.0, 0.0, 0.19928785234176025]
[40.0, 0.0, 0.19928785234176025]
[40.0, 0.0, 0.19928785234176025]
[40.0, 0.0, 0.19928785234176025]
[40.0, 0.0, 0.19928785234176025]
[40.0, 0.0, 0.19928785234176025]
[40.0, 0.0, 0.19928785234176025]
[40.0, 0.0, 0.19928785234176025]
[40.0, 0.0, 0.19928785234176025]
[40.0, 0.0, 0.19928785234176025]
[40.0, 0.0, 0.19928785234176025]
[40.0, 0.0, 0.19928785234176025]
[40.0, 0.0, 0.19928785234176025]
[40.0, 0.0, 0.19928785234176025]
[40.0, 0.0, 0.19928785234176025]
[40.0, 0.0, 0.19928785234176025]
[40.0, 0.0, 0.12930813706631317]
[40.0, 0.0, 0.12930813706631317]
[40.0, 0.0, 0.12930813706631317]
[40.0, 0.0, 0.12930813706631317]
[40.0, 0.0, 0.12930813706631317]
[40.0, 0.0, 0.12930813706631317]
[40.0, 0.0, 0.12930813706631317]
[40.0, 0.0, 0.12930813706631317]
[40.0, 0.0, 0.12930813706631317]
[40.0, 0.0, 0.12930813706631317]
[40.0, 0.0, 0.12930813706631317]
[40.0, 0.0, 0.12930813706631317]
[40.0, 0.0, 0.12930813706631317]
[40.0, 0.0, 0.12930813706631317]
[40.0, 0.8669840139434847, 0.12930813706631317]
[40.0, 0.8669840139434847, 0.12930813706631317]
[40.0, 0.8669840139434847, 0.12930813706631317]
[40.0, 0.8669840139434847, 0.12930813706631317]
[40.0, 0.0, 0.12930813706631317]
[40.0, 0.0, 0.12930813706631317]
[40.0, 0.0, 0.21838106514929306]
[40.0, 0.0, 0.21838106514929306]
[40.0, 0.0, 0.21838106514929306]
[40.0, 0.0, 0.21838106514929306]
[40.0, 0.0, 0.21838106514929306]
[40.0, 0.0, 0.21838106514929306]
[40.0, 0.0, 0.21838106514929306]
[40.0, 0.0, 0.21838106514929306]
[40.0, 0.0, 0.21838106514929306]
[40.0, 0.0, 0.21838106514929306]
[40.0, 0.0, 0.21838106514929306]
[40.0, 0.0, 0.21838106514929306]
[40.0, 0.0, 0.21838106514929306]
[40.0, 0.0, 0.21838106514929306]
[40.0, 0.8669840139434847, 0.21838106514929306]
[40.0, 0.8669840139434847, 0.21838106514929306]
[40.0, 0.8669840139434847, 0.21838106514929306]
[40.0, 0.0, 0.21838106514929306]
[40.0, 0.0, 0.21838106514929306]
[40.0, 0.0, 0.21838106514929306]
[40.0, 0.0, 0.16268738590001205]
[40.0, 0.0, 0.16268738590001205]
[40.0, 0.0, 0.16268738590001205]
[40.0, 0.0, 0.16268738590001205]
[40.0, 0.0, 0.16268738590001205]
[40.0, 0.0, 0.16268738590001205]
[40.0, 0.0, 0.16268738590001205]
[40.0, 0.0, 0.16268738590001205]
[40.0, 0.0, 0.16268738590001205]
[40.0, 0.0, 0.16268738590001205]
[40.0, 0.0, 0.16268738590001205]
[40.0, 0.0, 0.16268738590001205]
[40.0, 0.0, 0.16268738590001205]
[40.0, 0.0, 0.16268738590001205]
[40.0, 0.0, 0.16268738590001205]
[40.0, -0.8669840139434847, 0.16268738590001205]
[40.0, 0.0, 0.16268738590001205]
[40.0, 0.0, 0.16268738590001205]
[40.0, 0.0, 0.16268738590001205]
[40.0, 0.0, 0.16268738590001205]
[40.0, 0.0, 0.23677085907584378]
[40.0, 0.0, 0.23677085907584378]
[40.0, 0.0, 0.23677085907584378]
[40.0, 0.0, 0.23677085907584378]
[40.0, 0.0, 0.23677085907584378]
[40.0, 0.0, 0.23677085907584378]
[40.0, 0.0, 0.23677085907584378]
[40.0, 0.0, 0.23677085907584378]
[40.0, 0.0, 0.23677085907584378]
[40.0, 0.0, 0.23677085907584378]
[40.0, 0.0, 0.23677085907584378]
[40.0, 0.0, 0.23677085907584378]
[40.0, -0.8669840139434847, 0.23677085907584378]
[40.0, -0.8669840139434847, 0.23677085907584378]
[40.0, -0.8669840139434847, 0.23677085907584378]
[40.0, 0.0, 0.23677085907584378]
[40.0, 0.0, 0.23677085907584378]
[40.0, 0.0, 0.23677085907584378]
[40.0, 0.0, 0.23677085907584378]
[40.0, 0.0, 0.23677085907584378]
[40.0, 0.0, 0.3050054086284831]
[40.0, 0.0, 0.3050054086284831]
[40.0, 0.0, 0.3050054086284831]
[40.0, 0.0, 0.3050054086284831]
[40.0, 0.0, 0.3050054086284831]
[40.0, 0.0, 0.3050054086284831]
[40.0, 0.0, 0.3050054086284831]
[40.0, 0.0, 0.3050054086284831]
[40.0, 0.0, 0.3050054086284831]
[40.0, 0.0, 0.3050054086284831]
[40.0, 0.0, 0.3050054086284831]
[40.0, 0.0, 0.3050054086284831]
[40.0, -0.8669840139434847, 0.3050054086284831]
[40.0, -0.8669840139434847, 0.3050054086284831]
[40.0, 0.0, 0.3050054086284831]
[40.0, 0.0, 0.3050054086284831]
[40.0, 0.0, 0.3050054086284831]
[40.0, 0.0, 0.3050054086284831]
[40.0, 0.0, 0.3050054086284831]
[40.0, 0.0, 0.3050054086284831]
[40.0, 0.0, 0.3395523780428598]
[40.0, 0.0, 0.3395523780428598]
[40.0, 0.0, 0.3395523780428598]
[40.0, 0.0, 0.3395523780428598]
[40.0, 0.0, 0.3395523780428598]
[40.0, 0.0, 0.3395523780428598]
[40.0, 0.0, 0.3395523780428598]
[40.0, 0.0, 0.3395523780428598]
[40.0, 0.0, 0.3395523780428598]
[40.0, 0.0, 0.3395523780428598]
[40.0, 0.0, 0.3395523780428598]
[40.0, 0.8669840139434847, 0.3395523780428598]
[40.0, 0.8669840139434847, 0.3395523780428598]
>>>> 
----------------------------
Path number   : 1
Path length   : 1204.902706135665
Time required : 35.594618797302246 s
>>>> Nodes
[1113.3448488211116, 492.45455336464045, 1.2889627503368613]
[1112.3514029141384, 489.0234420617509, 1.2889627503368613]
[1111.3579570071652, 485.5923307588614, 1.2889627503368613]
[1110.364511100192, 482.1612194559719, 1.2889627503368613]
[1109.3710651932188, 478.73010815308237, 1.2889627503368613]
[1108.3776192862454, 475.2989968501929, 1.2889627503368613]
[1107.3841733792722, 471.8678855473034, 1.2889627503368613]
[1106.390727472299, 468.43677424441387, 1.2889627503368613]
[1105.3972815653258, 465.00566294152435, 1.2889627503368613]
[1104.4038356583526, 461.57455163863483, 1.2889627503368613]
[1103.4103897513794, 458.1434403357453, 1.2889627503368613]
[1102.4169438444062, 454.7123290328558, 1.2889627503368613]
[1101.423497937433, 451.2812177299663, 1.2889627503368613]
[1100.4300520304596, 447.8501064270768, 1.2889627503368613]
[1099.4366061234864, 444.4189951241873, 1.2889627503368613]
[1098.4431602165132, 440.98788382129777, 1.2889627503368613]
[1097.44971430954, 437.55677251840825, 1.2889627503368613]
[1096.4562684025668, 434.12566121551873, 1.2889627503368613]
[1096.4562684025668, 434.12566121551873, 1.2889627503368606]
[1092.1838747072343, 424.54720190099374, 1.0135149974485083]
[1088.246732103953, 418.22926149502683, 1.0135149974485067]
[1084.3095895006718, 411.91132108906, 1.0135149974485067]
[1080.3724468973903, 405.5933806830931, 1.0135149974485067]
[1076.435304294109, 399.2754402771262, 1.0135149974485067]
[1072.4981616908278, 392.95749987115937, 1.0135149974485067]
[1068.5610190875464, 386.6395594651925, 1.0135149974485067]
[1064.623876484265, 380.32161905922567, 1.0135149974485067]
[1060.6867338809839, 374.0036786532588, 1.0135149974485067]
[1056.7495912777026, 367.68573824729197, 1.0135149974485067]
[1052.8124486744214, 361.36779784132506, 1.0135149974485067]
[1048.87530607114, 355.0498574353582, 1.0135149974485067]
[1044.9381634678587, 348.73191702939135, 1.0135149974485067]
[1041.0010208645774, 342.4139766234245, 1.0135149974485067]
[1037.063878261296, 336.09603621745765, 1.0135149974485067]
[1033.1267356580147, 329.77809581149074, 1.0135149974485067]
[1029.1895930547335, 323.4601554055239, 1.0135149974485067]
[1025.2524504514522, 317.14221499955704, 1.0135149974485067]
[1021.3153078481708, 310.8242745935902, 1.0135149974485067]
[1014.6142231107528, 302.7828855724695, 0.7386117865863604]
[1008.2864520199228, 297.02115168899934, 0.73861178658636]
[1001.9586809290928, 291.2594178055292, 0.73861178658636]
[995.6309098382627, 285.497683922059, 0.73861178658636]
[989.3031387474326, 279.73595003858884, 0.73861178658636]
[982.9753676566027, 273.97421615511865, 0.73861178658636]
[976.6475965657726, 268.2124822716485, 0.73861178658636]
[970.3198254749425, 262.45074838817834, 0.73861178658636]
[963.9920543841124, 256.68901450470815, 0.73861178658636]
[957.6642832932824, 250.927280621238, 0.73861178658636]
[951.3365122024524, 245.16554673776784, 0.73861178658636]
[945.0087411116223, 239.40381285429766, 0.73861178658636]
[938.6809700207923, 233.6420789708275, 0.73861178658636]
[932.3531989299622, 227.8803450873573, 0.73861178658636]
[926.0254278391321, 222.11861120388716, 0.73861178658636]
[919.6976567483022, 216.35687732041697, 0.73861178658636]
[913.3698856574721, 210.5951434369468, 0.73861178658636]
[913.3698856574721, 210.59514343694684, 0.7386117865863604]
[901.6590918863537, 203.30156286758483, 0.37543175503357284]
[888.1211370313945, 200.64397248971866, 0.012251723480785293]
[878.1354048387366, 200.52162393838108, 0.012251723480786162]
[868.1496726460788, 200.39927538704353, 0.012251723480786162]
[858.163940453421, 200.27692683570595, 0.012251723480786162]
[848.1782082607631, 200.15457828436837, 0.012251723480786162]
[838.1924760681052, 200.0322297330308, 0.012251723480786162]
[828.2067438754474, 199.90988118169324, 0.012251723480786162]
[818.2210116827896, 199.78753263035566, 0.012251723480786162]
[808.2352794901317, 199.66518407901808, 0.012251723480786162]
[798.2495472974738, 199.54283552768052, 0.012251723480786162]
[788.263815104816, 199.42048697634294, 0.012251723480786162]
[778.2780829121582, 199.29813842500536, 0.012251723480786162]
[768.2923507195003, 199.17578987366778, 0.012251723480786162]
[758.3066185268424, 199.05344132233023, 0.012251723480786162]
[748.3208863341846, 198.93109277099265, 0.012251723480786162]
[748.3208863341846, 198.93109277099265, 0.012251723480785293]
[738.8176489247546, 197.60952835570697, 0.2641051916319508]
[729.9435507612344, 193.96145550172707, 0.5159586597831161]
[722.2585083501635, 188.217051537539, 0.7678121279342816]
[716.2474140175142, 180.7387630510115, 1.019665596085447]
[714.9073904261217, 178.5586649593243, 1.0196655960854477]
[713.5673668347291, 176.3785668676371, 1.0196655960854477]
[712.2273432433365, 174.19846877594986, 1.0196655960854477]
[710.8873196519439, 172.01837068426266, 1.0196655960854477]
[709.5472960605514, 169.83827259257546, 1.0196655960854477]
[708.2072724691589, 167.65817450088826, 1.0196655960854477]
[706.8672488777663, 165.47807640920107, 1.0196655960854477]
[705.5272252863737, 163.29797831751384, 1.0196655960854477]
[704.1872016949811, 161.11788022582664, 1.0196655960854477]
[702.8471781035886, 158.93778213413944, 1.0196655960854477]
[702.8471781035886, 158.9377821341394, 1.0196655960854477]
[701.1063467180483, 156.34890146113878, 0.9379681941676157]
[699.1600520383228, 153.91071892662853, 0.8562707922497836]
[697.0212773172995, 151.63949904633733, 0.7745733903319515]
[694.7042897948577, 149.55039256921174, 0.6928759884141195]
[692.2245455246232, 147.65733541049804, 0.6111785864962874]
[689.5985862704362, 145.97295568868094, 0.5294811845784553]
[686.8439291603167, 144.5084894864125, 0.44778378266062324]
[683.9789498340128, 143.27370589736944, 0.3660863807427912]
[676.8944649663968, 140.55774402781563, 0.3660863807427911]
[669.8099800987807, 137.84178215826182, 0.3660863807427911]
[662.7254952311645, 135.12582028870804, 0.3660863807427911]
[655.6410103635484, 132.40985841915423, 0.3660863807427911]
[648.5565254959323, 129.69389654960042, 0.3660863807427911]
[641.4720406283161, 126.97793468004663, 0.3660863807427911]
[634.3875557607, 124.26197281049284, 0.3660863807427911]
[627.3030708930839, 121.54601094093903, 0.3660863807427911]
[620.2185860254679, 118.83004907138522, 0.3660863807427911]
[613.1341011578517, 116.11408720183142, 0.3660863807427911]
[606.0496162902356, 113.39812533227763, 0.3660863807427911]
[598.9651314226195, 110.68216346272382, 0.3660863807427911]
[591.8806465550033, 107.96620159317001, 0.3660863807427911]
[584.7961616873872, 105.25023972361622, 0.3660863807427911]
[577.7116768197711, 102.53427785406242, 0.3660863807427911]
[570.627191952155, 99.81831598450862, 0.3660863807427911]
[563.5427070845388, 97.1023541149548, 0.3660863807427911]
[556.4582222169228, 94.38639224540101, 0.3660863807427911]
[548.1706149269463, 92.23684929862142, 0.1414662276689187]
[541.3220921778993, 91.26149946372222, 0.14146622766891814]
[534.4735694288523, 90.28614962882301, 0.14146622766891814]
[527.6250466798053, 89.3107997939238, 0.14146622766891814]
[520.7765239307585, 88.3354499590246, 0.14146622766891814]
[513.9280011817115, 87.3601001241254, 0.14146622766891814]
[507.0794784326644, 86.38475028922619, 0.14146622766891814]
[500.2309556836175, 85.40940045432698, 0.14146622766891814]
[493.3824329345705, 84.43405061942778, 0.14146622766891814]
[486.5339101855235, 83.45870078452859, 0.14146622766891814]
[479.6853874364765, 82.48335094962937, 0.14146622766891814]
[472.8368646874295, 81.50800111473018, 0.14146622766891814]
[465.9883419383826, 80.53265127983097, 0.14146622766891814]
[459.1398191893356, 79.55730144493177, 0.14146622766891814]
[452.2912964402886, 78.58195161003256, 0.14146622766891814]
[445.4427736912416, 77.60660177513336, 0.14146622766891814]
[438.5942509421946, 76.63125194023415, 0.14146622766891814]
[431.74572819314767, 75.65590210533495, 0.14146622766891814]
[424.8972054441007, 74.68055227043574, 0.14146622766891814]
[418.0486826950537, 73.70520243553653, 0.14146622766891814]
[405.22823231044856, 72.91469861052393, 0.04883117026298817]
[395.92891620357676, 72.46024084931544, 0.04883117026298817]
[386.62960009670496, 72.00578308810694, 0.04883117026298817]
[377.3302839898332, 71.55132532689845, 0.04883117026298817]
[368.0309678829615, 71.09686756568995, 0.04883117026298817]
[358.7316517760897, 70.64240980448146, 0.04883117026298817]
[349.4323356692179, 70.18795204327296, 0.04883117026298817]
[340.13301956234613, 69.73349428206447, 0.04883117026298817]
[330.8337034554744, 69.27903652085597, 0.04883117026298817]
[321.5343873486026, 68.82457875964747, 0.04883117026298817]
[312.2350712417308, 68.37012099843898, 0.04883117026298817]
[302.93575513485905, 67.91566323723048, 0.04883117026298817]
[293.6364390279873, 67.46120547602199, 0.04883117026298817]
[284.3371229211155, 67.00674771481349, 0.04883117026298817]
[275.0378068142437, 66.552289953605, 0.04883117026298817]
[265.73849070737197, 66.0978321923965, 0.04883117026298817]
[256.4391746005002, 65.64337443118801, 0.04883117026298817]
[247.13985849362842, 65.1889166699795, 0.04883117026298817]
[245.01316592869986, 65.0253603319361, 0.10467951906526407]
[237.59095533779487, 64.24555650204204, 0.10467951906526435]
[230.16874474688993, 63.465752672147985, 0.10467951906526435]
[222.74653415598496, 62.685948842253936, 0.10467951906526435]
[215.32432356508, 61.906145012359886, 0.10467951906526435]
[207.90211297417503, 61.126341182465836, 0.10467951906526435]
[200.4799023832701, 60.34653735257179, 0.10467951906526435]
[193.05769179236512, 59.56673352267774, 0.10467951906526435]
[185.63548120146015, 58.78692969278369, 0.10467951906526435]
[178.21327061055518, 58.00712586288964, 0.10467951906526435]
[170.79106001965022, 57.22732203299558, 0.10467951906526435]
[163.36884942874525, 56.44751820310153, 0.10467951906526435]
[155.94663883784028, 55.66771437320748, 0.10467951906526435]
[148.52442824693532, 54.88791054331343, 0.10467951906526435]
[141.10221765603035, 54.10810671341938, 0.10467951906526435]
[133.68000706512538, 53.32830288352533, 0.10467951906526435]
[126.25779647422041, 52.54849905363128, 0.10467951906526435]
[118.83558588331546, 51.76869522373723, 0.10467951906526435]
[111.41337529241049, 50.98889139384318, 0.10467951906526435]
[103.99116470150553, 50.20908756394913, 0.10467951906526435]
>>>> 
>>>> inputs
[40.0, 0.0, 0.08905748103528005]
[40.0, 0.0, 0.08905748103528005]
[40.0, 0.0, 0.08905748103528005]
[40.0, 0.0, 0.08905748103528005]
[40.0, 0.0, 0.08905748103528005]
[40.0, 0.0, 0.08905748103528005]
[40.0, 0.0, 0.08905748103528005]
[40.0, 0.0, 0.08905748103528005]
[40.0, 0.0, 0.08905748103528005]
[40.0, 0.0, 0.08905748103528005]
[40.0, 0.0, 0.08905748103528005]
[40.0, 0.0, 0.08905748103528005]
[40.0, 0.0, 0.08905748103528005]
[40.0, 0.0, 0.08905748103528005]
[40.0, 0.0, 0.08905748103528005]
[40.0, 0.0, 0.08905748103528005]
[40.0, 0.0, 0.08905748103528005]
[40.0, 0.8669840139434847, 0.08905748103528005]
[40.0, 0.8669840139434847, 0.08905748103528005]
[40.0, 0.0, 0.08905748103528005]
[40.0, 0.0, 0.18062220043970506]
[40.0, 0.0, 0.18062220043970506]
[40.0, 0.0, 0.18062220043970506]
[40.0, 0.0, 0.18062220043970506]
[40.0, 0.0, 0.18062220043970506]
[40.0, 0.0, 0.18062220043970506]
[40.0, 0.0, 0.18062220043970506]
[40.0, 0.0, 0.18062220043970506]
[40.0, 0.0, 0.18062220043970506]
[40.0, 0.0, 0.18062220043970506]
[40.0, 0.0, 0.18062220043970506]
[40.0, 0.0, 0.18062220043970506]
[40.0, 0.0, 0.18062220043970506]
[40.0, 0.0, 0.18062220043970506]
[40.0, 0.0, 0.18062220043970506]
[40.0, 0.0, 0.18062220043970506]
[40.0, 0.0, 0.18062220043970506]
[40.0, 0.8669840139434847, 0.18062220043970506]
[40.0, 0.0, 0.18062220043970506]
[40.0, 0.0, 0.18062220043970506]
[40.0, 0.0, 0.20583985337657826]
[40.0, 0.0, 0.20583985337657826]
[40.0, 0.0, 0.20583985337657826]
[40.0, 0.0, 0.20583985337657826]
[40.0, 0.0, 0.20583985337657826]
[40.0, 0.0, 0.20583985337657826]
[40.0, 0.0, 0.20583985337657826]
[40.0, 0.0, 0.20583985337657826]
[40.0, 0.0, 0.20583985337657826]
[40.0, 0.0, 0.20583985337657826]
[40.0, 0.0, 0.20583985337657826]
[40.0, 0.0, 0.20583985337657826]
[40.0, 0.0, 0.20583985337657826]
[40.0, 0.0, 0.20583985337657826]
[40.0, 0.8669840139434847, 0.20583985337657826]
[40.0, 0.8669840139434847, 0.20583985337657826]
[40.0, 0.8669840139434847, 0.20583985337657826]
[40.0, 0.0, 0.20583985337657826]
[40.0, 0.0, 0.20583985337657826]
[40.0, 0.0, 0.20583985337657826]
[40.0, 0.0, 0.2228638988853131]
[40.0, 0.0, 0.2228638988853131]
[40.0, 0.0, 0.2228638988853131]
[40.0, 0.0, 0.2228638988853131]
[40.0, 0.0, 0.2228638988853131]
[40.0, 0.0, 0.2228638988853131]
[40.0, 0.0, 0.2228638988853131]
[40.0, 0.0, 0.2228638988853131]
[40.0, 0.0, 0.2228638988853131]
[40.0, 0.0, 0.2228638988853131]
[40.0, 0.0, 0.2228638988853131]
[40.0, -0.8669840139434847, 0.2228638988853131]
[40.0, -0.8669840139434847, 0.2228638988853131]
[40.0, -0.8669840139434847, 0.2228638988853131]
[40.0, -0.8669840139434847, 0.2228638988853131]
[40.0, -0.8669840139434847, 0.2228638988853131]
[40.0, 0.0, 0.2228638988853131]
[40.0, 0.0, 0.2228638988853131]
[40.0, 0.0, 0.2228638988853131]
[40.0, 0.0, 0.2228638988853131]
[40.0, 0.0, 0.06319363306283969]
[40.0, 0.0, 0.06319363306283969]
[40.0, 0.0, 0.06319363306283969]
[40.0, 0.0, 0.06319363306283969]
[40.0, 0.0, 0.06319363306283969]
[40.0, 0.0, 0.06319363306283969]
[40.0, 0.8669840139434847, 0.06319363306283969]
[40.0, 0.8669840139434847, 0.06319363306283969]
[40.0, 0.8669840139434847, 0.06319363306283969]
[40.0, 0.8669840139434847, 0.06319363306283969]
[40.0, 0.8669840139434847, 0.06319363306283969]
[40.0, 0.8669840139434847, 0.06319363306283969]
[40.0, 0.8669840139434847, 0.06319363306283969]
[40.0, 0.8669840139434847, 0.06319363306283969]
[40.0, 0.8669840139434847, 0.06319363306283969]
[40.0, 0.0, 0.06319363306283969]
[40.0, 0.0, 0.06319363306283969]
[40.0, 0.0, 0.06319363306283969]
[40.0, 0.0, 0.06319363306283969]
[40.0, 0.0, 0.06319363306283969]
[40.0, 0.0, 0.18143796532506057]
[40.0, 0.0, 0.18143796532506057]
[40.0, 0.0, 0.18143796532506057]
[40.0, 0.0, 0.18143796532506057]
[40.0, 0.0, 0.18143796532506057]
[40.0, 0.0, 0.18143796532506057]
[40.0, 0.0, 0.18143796532506057]
[40.0, 0.0, 0.18143796532506057]
[40.0, 0.0, 0.18143796532506057]
[40.0, 0.0, 0.18143796532506057]
[40.0, 0.0, 0.18143796532506057]
[40.0, 0.0, 0.18143796532506057]
[40.0, 0.0, 0.18143796532506057]
[40.0, 0.8669840139434847, 0.18143796532506057]
[40.0, 0.0, 0.18143796532506057]
[40.0, 0.0, 0.18143796532506057]
[40.0, 0.0, 0.18143796532506057]
[40.0, 0.0, 0.18143796532506057]
[40.0, 0.0, 0.18143796532506057]
[40.0, 0.0, 0.18143796532506057]
[40.0, 0.0, 0.16871665288417964]
[40.0, 0.0, 0.16871665288417964]
[40.0, 0.0, 0.16871665288417964]
[40.0, 0.0, 0.16871665288417964]
[40.0, 0.0, 0.16871665288417964]
[40.0, 0.0, 0.16871665288417964]
[40.0, 0.0, 0.16871665288417964]
[40.0, 0.0, 0.16871665288417964]
[40.0, 0.0, 0.16871665288417964]
[40.0, 0.0, 0.16871665288417964]
[40.0, 0.0, 0.16871665288417964]
[40.0, 0.0, 0.16871665288417964]
[40.0, 0.0, 0.16871665288417964]
[40.0, 0.0, 0.16871665288417964]
[40.0, 0.0, 0.16871665288417964]
[40.0, 0.0, 0.16871665288417964]
[40.0, 0.0, 0.16871665288417964]
[40.0, 0.0, 0.16871665288417964]
[40.0, 0.0, 0.16871665288417964]
[40.0, 0.0, 0.16871665288417964]
[40.0, 0.0, 0.21215088093112203]
[40.0, 0.0, 0.21215088093112203]
[40.0, 0.0, 0.21215088093112203]
[40.0, 0.0, 0.21215088093112203]
[40.0, 0.0, 0.21215088093112203]
[40.0, 0.0, 0.21215088093112203]
[40.0, 0.0, 0.21215088093112203]
[40.0, 0.0, 0.21215088093112203]
[40.0, 0.0, 0.21215088093112203]
[40.0, 0.0, 0.21215088093112203]
[40.0, 0.0, 0.21215088093112203]
[40.0, -0.8669840139434847, 0.21215088093112203]
[40.0, 0.0, 0.21215088093112203]
[40.0, 0.0, 0.21215088093112203]
[40.0, 0.0, 0.21215088093112203]
[40.0, 0.0, 0.21215088093112203]
[40.0, 0.0, 0.21215088093112203]
[40.0, 0.0, 0.21215088093112203]
[40.0, 0.0, 0.21215088093112203]
[40.0, 0.0, 0.21215088093112203]
[40.0, 0.0, 0.18224581672950285]
[40.0, 0.0, 0.18224581672950285]
[40.0, 0.0, 0.18224581672950285]
[40.0, 0.0, 0.18224581672950285]
[40.0, 0.0, 0.18224581672950285]
[40.0, 0.0, 0.18224581672950285]
[40.0, 0.0, 0.18224581672950285]
[40.0, 0.0, 0.18224581672950285]
[40.0, 0.0, 0.18224581672950285]
[40.0, 0.0, 0.18224581672950285]
[40.0, 0.0, 0.18224581672950285]
>>>> 
----------------------------
Path number   : 2
Path length   : 1193.4496838466887
Time required : 54.287797689437866 s
>>>> Nodes
[1114.9339650536783, 488.0841510973691, 1.5621259012212703]
[1114.8780870032358, 481.6396404183585, 1.5621259012212703]
[1114.8222089527933, 475.19512973934786, 1.5621259012212703]
[1114.766330902351, 468.75061906033727, 1.5621259012212703]
[1114.7104528519085, 462.3061083813267, 1.5621259012212703]
[1114.654574801466, 455.8615977023161, 1.5621259012212703]
[1114.5986967510235, 449.41708702330544, 1.5621259012212703]
[1114.542818700581, 442.97257634429485, 1.5621259012212703]
[1114.4869406501386, 436.52806566528426, 1.5621259012212703]
[1114.4310625996961, 430.0835549862736, 1.5621259012212703]
[1114.3751845492536, 423.639044307263, 1.5621259012212703]
[1114.319306498811, 417.19453362825243, 1.5621259012212703]
[1114.2634284483688, 410.75002294924184, 1.5621259012212703]
[1114.2075503979263, 404.3055122702312, 1.5621259012212703]
[1114.1516723474838, 397.8610015912206, 1.5621259012212703]
[1114.1516723474838, 397.8610015912206, 1.56212590122127]
[1112.8978548728685, 388.48040580564566, 1.3137203188419404]
[1109.3762205335324, 379.69600331418354, 1.0653147364626103]
[1103.8029578467683, 372.0470570745817, 0.8169091540832805]
[1096.5202021056355, 366.0031258732033, 0.5685035717039506]
[1091.3085719678359, 362.67362722423854, 0.5685035717039513]
[1086.0969418300365, 359.34412857527377, 0.5685035717039513]
[1080.8853116922369, 356.01462992630906, 0.5685035717039513]
[1075.6736815544375, 352.6851312773443, 0.5685035717039513]
[1070.462051416638, 349.3556326283795, 0.5685035717039513]
[1065.2504212788383, 346.0261339794148, 0.5685035717039513]
[1060.038791141039, 342.69663533045, 0.5685035717039513]
[1054.8271610032393, 339.36713668148525, 0.5685035717039513]
[1049.61553086544, 336.0376380325205, 0.5685035717039513]
[1044.4039007276403, 332.70813938355576, 0.5685035717039513]
[1039.1922705898407, 329.378640734591, 0.5685035717039513]
[1033.9806404520414, 326.0491420856262, 0.5685035717039513]
[1028.7690103142418, 322.71964343666144, 0.5685035717039513]
[1023.5573801764423, 319.3901447876967, 0.5685035717039513]
[1018.3457500386428, 316.06064613873195, 0.5685035717039513]
[1013.1341199008433, 312.7311474897672, 0.5685035717039513]
[1007.9224897630437, 309.4016488408024, 0.5685035717039513]
[1002.7108596252442, 306.0721501918377, 0.5685035717039513]
[997.4992294874447, 302.7426515428729, 0.5685035717039513]
[989.6302019922283, 298.13880938354765, 0.5254844562106229]
[983.1645178537217, 294.38957088192905, 0.5254844562106229]
[976.6988337152151, 290.64033238031044, 0.5254844562106229]
[970.2331495767085, 286.89109387869183, 0.5254844562106229]
[963.7674654382018, 283.1418553770732, 0.5254844562106229]
[957.3017812996952, 279.39261687545456, 0.5254844562106229]
[950.8360971611886, 275.64337837383596, 0.5254844562106229]
[944.370413022682, 271.89413987221735, 0.5254844562106229]
[937.9047288841755, 268.14490137059875, 0.5254844562106229]
[931.4390447456688, 264.39566286898014, 0.5254844562106229]
[924.9733606071622, 260.64642436736153, 0.5254844562106229]
[918.5076764686556, 256.8971858657429, 0.5254844562106229]
[912.041992330149, 253.14794736412432, 0.5254844562106229]
[905.5763081916424, 249.3987088625057, 0.5254844562106229]
[899.1106240531358, 245.6494703608871, 0.5254844562106229]
[892.6449399146292, 241.9002318592685, 0.5254844562106229]
[886.1792557761225, 238.15099335764987, 0.5254844562106229]
[879.7135716376159, 234.40175485603126, 0.5254844562106229]
[873.2478874991093, 230.65251635441265, 0.5254844562106229]
[867.7070564458226, 227.93833196193782, 0.42301892418959336]
[865.646639198923, 227.0107353627514, 0.42301892418959336]
[863.5862219520236, 226.083138763565, 0.42301892418959336]
[861.5258047051241, 225.1555421643786, 0.42301892418959336]
[859.4653874582247, 224.22794556519221, 0.42301892418959336]
[857.4049702113252, 223.3003489660058, 0.42301892418959336]
[855.3445529644257, 222.37275236681938, 0.42301892418959336]
[853.2841357175263, 221.445155767633, 0.42301892418959336]
[851.2237184706269, 220.5175591684466, 0.42301892418959336]
[849.1633012237273, 219.5899625692602, 0.42301892418959336]
[847.1028839768279, 218.66236597007378, 0.42301892418959336]
[845.0424667299284, 217.7347693708874, 0.42301892418959336]
[842.982049483029, 216.807172771701, 0.42301892418959336]
[840.9216322361295, 215.8795761725146, 0.42301892418959336]
[838.86121498923, 214.95197957332817, 0.42301892418959336]
[836.8007977423306, 214.0243829741418, 0.42301892418959336]
[834.740380495431, 213.0967863749554, 0.42301892418959336]
[832.6799632485316, 212.16918977576898, 0.42301892418959336]
[832.2835054565238, 211.9879773479322, 0.43443105911040103]
[824.6045165960045, 208.42496462172505, 0.4344310591104004]
[816.9255277354853, 204.8619518955179, 0.4344310591104004]
[809.246538874966, 201.29893916931078, 0.4344310591104004]
[801.5675500144466, 197.73592644310364, 0.4344310591104004]
[793.8885611539273, 194.1729137168965, 0.4344310591104004]
[786.209572293408, 190.60990099068934, 0.4344310591104004]
[778.5305834328888, 187.04688826448222, 0.4344310591104004]
[770.8515945723694, 183.48387553827507, 0.4344310591104004]
[763.1726057118501, 179.92086281206792, 0.4344310591104004]
[755.4936168513309, 176.35785008586078, 0.4344310591104004]
[747.8146279908116, 172.79483735965363, 0.4344310591104004]
[740.1356391302922, 169.2318246334465, 0.4344310591104004]
[732.4566502697729, 165.66881190723936, 0.4344310591104004]
[724.7776614092537, 162.1057991810322, 0.4344310591104004]
[717.0986725487344, 158.54278645482506, 0.4344310591104004]
[709.4196836882151, 154.97977372861791, 0.4344310591104004]
[701.7406948276957, 151.4167610024108, 0.4344310591104004]
[694.0617059671765, 147.85374827620365, 0.4344310591104004]
[686.3827171066572, 144.2907355499965, 0.4344310591104004]
[676.8944649663968, 140.55774402781563, 0.3660863807427911]
[669.8099800987807, 137.84178215826182, 0.3660863807427911]
[662.7254952311645, 135.12582028870804, 0.3660863807427911]
[655.6410103635484, 132.40985841915423, 0.3660863807427911]
[648.5565254959323, 129.69389654960042, 0.3660863807427911]
[641.4720406283161, 126.97793468004663, 0.3660863807427911]
[634.3875557607, 124.26197281049284, 0.3660863807427911]
[627.3030708930839, 121.54601094093903, 0.3660863807427911]
[620.2185860254679, 118.83004907138522, 0.3660863807427911]
[613.1341011578517, 116.11408720183142, 0.3660863807427911]
[606.0496162902356, 113.39812533227763, 0.3660863807427911]
[598.9651314226195, 110.68216346272382, 0.3660863807427911]
[591.8806465550033, 107.96620159317001, 0.3660863807427911]
[584.7961616873872, 105.25023972361622, 0.3660863807427911]
[577.7116768197711, 102.53427785406242, 0.3660863807427911]
[570.627191952155, 99.81831598450862, 0.3660863807427911]
[563.5427070845388, 97.1023541149548, 0.3660863807427911]
[556.4582222169228, 94.38639224540101, 0.3660863807427911]
[548.1706149269463, 92.23684929862142, 0.1414662276689187]
[541.3220921778993, 91.26149946372222, 0.14146622766891814]
[534.4735694288523, 90.28614962882301, 0.14146622766891814]
[527.6250466798053, 89.3107997939238, 0.14146622766891814]
[520.7765239307585, 88.3354499590246, 0.14146622766891814]
[513.9280011817115, 87.3601001241254, 0.14146622766891814]
[507.0794784326644, 86.38475028922619, 0.14146622766891814]
[500.2309556836175, 85.40940045432698, 0.14146622766891814]
[493.3824329345705, 84.43405061942778, 0.14146622766891814]
[486.5339101855235, 83.45870078452859, 0.14146622766891814]
[479.6853874364765, 82.48335094962937, 0.14146622766891814]
[472.8368646874295, 81.50800111473018, 0.14146622766891814]
[465.9883419383826, 80.53265127983097, 0.14146622766891814]
[459.1398191893356, 79.55730144493177, 0.14146622766891814]
[452.2912964402886, 78.58195161003256, 0.14146622766891814]
[445.4427736912416, 77.60660177513336, 0.14146622766891814]
[438.5942509421946, 76.63125194023415, 0.14146622766891814]
[431.74572819314767, 75.65590210533495, 0.14146622766891814]
[424.8972054441007, 74.68055227043574, 0.14146622766891814]
[418.0486826950537, 73.70520243553653, 0.14146622766891814]
[405.22823231044856, 72.91469861052393, 0.04883117026298817]
[395.92891620357676, 72.46024084931544, 0.04883117026298817]
[386.62960009670496, 72.00578308810694, 0.04883117026298817]
[377.3302839898332, 71.55132532689845, 0.04883117026298817]
[368.0309678829615, 71.09686756568995, 0.04883117026298817]
[358.7316517760897, 70.64240980448146, 0.04883117026298817]
[349.4323356692179, 70.18795204327296, 0.04883117026298817]
[340.13301956234613, 69.73349428206447, 0.04883117026298817]
[330.8337034554744, 69.27903652085597, 0.04883117026298817]
[321.5343873486026, 68.82457875964747, 0.04883117026298817]
[312.2350712417308, 68.37012099843898, 0.04883117026298817]
[302.93575513485905, 67.91566323723048, 0.04883117026298817]
[293.6364390279873, 67.46120547602199, 0.04883117026298817]
[284.3371229211155, 67.00674771481349, 0.04883117026298817]
[275.0378068142437, 66.552289953605, 0.04883117026298817]
[265.73849070737197, 66.0978321923965, 0.04883117026298817]
[256.4391746005002, 65.64337443118801, 0.04883117026298817]
[247.13985849362842, 65.1889166699795, 0.04883117026298817]
[245.01316592869986, 65.0253603319361, 0.10467951906526407]
[237.59095533779487, 64.24555650204204, 0.10467951906526435]
[230.16874474688993, 63.465752672147985, 0.10467951906526435]
[222.74653415598496, 62.685948842253936, 0.10467951906526435]
[215.32432356508, 61.906145012359886, 0.10467951906526435]
[207.90211297417503, 61.126341182465836, 0.10467951906526435]
[200.4799023832701, 60.34653735257179, 0.10467951906526435]
[193.05769179236512, 59.56673352267774, 0.10467951906526435]
[185.63548120146015, 58.78692969278369, 0.10467951906526435]
[178.21327061055518, 58.00712586288964, 0.10467951906526435]
[170.79106001965022, 57.22732203299558, 0.10467951906526435]
[163.36884942874525, 56.44751820310153, 0.10467951906526435]
[155.94663883784028, 55.66771437320748, 0.10467951906526435]
[148.52442824693532, 54.88791054331343, 0.10467951906526435]
[141.10221765603035, 54.10810671341938, 0.10467951906526435]
[133.68000706512538, 53.32830288352533, 0.10467951906526435]
[126.25779647422041, 52.54849905363128, 0.10467951906526435]
[118.83558588331546, 51.76869522373723, 0.10467951906526435]
[111.41337529241049, 50.98889139384318, 0.10467951906526435]
[103.99116470150553, 50.20908756394913, 0.10467951906526435]
>>>> 
>>>> inputs
[40.0, 0.0, 0.16022514775867175]
[40.0, 0.0, 0.16022514775867175]
[40.0, 0.0, 0.16022514775867175]
[40.0, 0.0, 0.16022514775867175]
[40.0, 0.0, 0.16022514775867175]
[40.0, 0.0, 0.16022514775867175]
[40.0, 0.0, 0.16022514775867175]
[40.0, 0.0, 0.16022514775867175]
[40.0, 0.0, 0.16022514775867175]
[40.0, 0.0, 0.16022514775867175]
[40.0, 0.0, 0.16022514775867175]
[40.0, 0.0, 0.16022514775867175]
[40.0, 0.0, 0.16022514775867175]
[40.0, 0.0, 0.16022514775867175]
[40.0, 0.8669840139434847, 0.16022514775867175]
[40.0, 0.8669840139434847, 0.16022514775867175]
[40.0, 0.8669840139434847, 0.16022514775867175]
[40.0, 0.8669840139434847, 0.16022514775867175]
[40.0, 0.8669840139434847, 0.16022514775867175]
[40.0, 0.0, 0.16022514775867175]
[40.0, 0.0, 0.14893321688597247]
[40.0, 0.0, 0.14893321688597247]
[40.0, 0.0, 0.14893321688597247]
[40.0, 0.0, 0.14893321688597247]
[40.0, 0.0, 0.14893321688597247]
[40.0, 0.0, 0.14893321688597247]
[40.0, 0.0, 0.14893321688597247]
[40.0, 0.0, 0.14893321688597247]
[40.0, 0.0, 0.14893321688597247]
[40.0, 0.0, 0.14893321688597247]
[40.0, 0.0, 0.14893321688597247]
[40.0, 0.0, 0.14893321688597247]
[40.0, 0.0, 0.14893321688597247]
[40.0, 0.0, 0.14893321688597247]
[40.0, 0.0, 0.14893321688597247]
[40.0, 0.0, 0.14893321688597247]
[40.0, 0.0, 0.14893321688597247]
[40.0, 0.0, 0.14893321688597247]
[40.0, 0.0, 0.14893321688597247]
[40.0, 0.0, 0.14893321688597247]
[40.0, 0.0, 0.18240175109892856]
[40.0, 0.0, 0.18240175109892856]
[40.0, 0.0, 0.18240175109892856]
[40.0, 0.0, 0.18240175109892856]
[40.0, 0.0, 0.18240175109892856]
[40.0, 0.0, 0.18240175109892856]
[40.0, 0.0, 0.18240175109892856]
[40.0, 0.0, 0.18240175109892856]
[40.0, 0.0, 0.18240175109892856]
[40.0, 0.0, 0.18240175109892856]
[40.0, 0.0, 0.18240175109892856]
[40.0, 0.0, 0.18240175109892856]
[40.0, 0.0, 0.18240175109892856]
[40.0, 0.0, 0.18240175109892856]
[40.0, 0.0, 0.18240175109892856]
[40.0, 0.0, 0.18240175109892856]
[40.0, 0.0, 0.18240175109892856]
[40.0, 0.0, 0.18240175109892856]
[40.0, 0.0, 0.18240175109892856]
[40.0, 0.0, 0.18240175109892856]
[40.0, 0.0, 0.05138570271166659]
[40.0, 0.0, 0.05138570271166659]
[40.0, 0.0, 0.05138570271166659]
[40.0, 0.0, 0.05138570271166659]
[40.0, 0.0, 0.05138570271166659]
[40.0, 0.0, 0.05138570271166659]
[40.0, 0.0, 0.05138570271166659]
[40.0, 0.0, 0.05138570271166659]
[40.0, 0.0, 0.05138570271166659]
[40.0, 0.0, 0.05138570271166659]
[40.0, 0.0, 0.05138570271166659]
[40.0, 0.0, 0.05138570271166659]
[40.0, 0.0, 0.05138570271166659]
[40.0, 0.0, 0.05138570271166659]
[40.0, 0.0, 0.05138570271166659]
[40.0, -0.8669840139434847, 0.05138570271166659]
[40.0, 0.0, 0.05138570271166659]
[40.0, 0.0, 0.05138570271166659]
[40.0, 0.0, 0.05138570271166659]
[40.0, 0.0, 0.05138570271166659]
[40.0, 0.0, 0.2043149704832563]
[40.0, 0.0, 0.2043149704832563]
[40.0, 0.0, 0.2043149704832563]
[40.0, 0.0, 0.2043149704832563]
[40.0, 0.0, 0.2043149704832563]
[40.0, 0.0, 0.2043149704832563]
[40.0, 0.0, 0.2043149704832563]
[40.0, 0.0, 0.2043149704832563]
[40.0, 0.0, 0.2043149704832563]
[40.0, 0.0, 0.2043149704832563]
[40.0, 0.0, 0.2043149704832563]
[40.0, 0.0, 0.2043149704832563]
[40.0, 0.0, 0.2043149704832563]
[40.0, 0.0, 0.2043149704832563]
[40.0, 0.0, 0.2043149704832563]
[40.0, 0.0, 0.2043149704832563]
[40.0, 0.0, 0.2043149704832563]
[40.0, 0.0, 0.2043149704832563]
[40.0, 0.0, 0.2043149704832563]
[40.0, 0.0, 0.2043149704832563]
[40.0, 0.0, 0.18143796532506057]
[40.0, 0.0, 0.18143796532506057]
[40.0, 0.0, 0.18143796532506057]
[40.0, 0.0, 0.18143796532506057]
[40.0, 0.0, 0.18143796532506057]
[40.0, 0.0, 0.18143796532506057]
[40.0, 0.0, 0.18143796532506057]
[40.0, 0.0, 0.18143796532506057]
[40.0, 0.0, 0.18143796532506057]
[40.0, 0.0, 0.18143796532506057]
[40.0, 0.0, 0.18143796532506057]
[40.0, 0.0, 0.18143796532506057]
[40.0, 0.0, 0.18143796532506057]
[40.0, 0.8669840139434847, 0.18143796532506057]
[40.0, 0.0, 0.18143796532506057]
[40.0, 0.0, 0.18143796532506057]
[40.0, 0.0, 0.18143796532506057]
[40.0, 0.0, 0.18143796532506057]
[40.0, 0.0, 0.18143796532506057]
[40.0, 0.0, 0.18143796532506057]
[40.0, 0.0, 0.16871665288417964]
[40.0, 0.0, 0.16871665288417964]
[40.0, 0.0, 0.16871665288417964]
[40.0, 0.0, 0.16871665288417964]
[40.0, 0.0, 0.16871665288417964]
[40.0, 0.0, 0.16871665288417964]
[40.0, 0.0, 0.16871665288417964]
[40.0, 0.0, 0.16871665288417964]
[40.0, 0.0, 0.16871665288417964]
[40.0, 0.0, 0.16871665288417964]
[40.0, 0.0, 0.16871665288417964]
[40.0, 0.0, 0.16871665288417964]
[40.0, 0.0, 0.16871665288417964]
[40.0, 0.0, 0.16871665288417964]
[40.0, 0.0, 0.16871665288417964]
[40.0, 0.0, 0.16871665288417964]
[40.0, 0.0, 0.16871665288417964]
[40.0, 0.0, 0.16871665288417964]
[40.0, 0.0, 0.16871665288417964]
[40.0, 0.0, 0.16871665288417964]
[40.0, 0.0, 0.21215088093112203]
[40.0, 0.0, 0.21215088093112203]
[40.0, 0.0, 0.21215088093112203]
[40.0, 0.0, 0.21215088093112203]
[40.0, 0.0, 0.21215088093112203]
[40.0, 0.0, 0.21215088093112203]
[40.0, 0.0, 0.21215088093112203]
[40.0, 0.0, 0.21215088093112203]
[40.0, 0.0, 0.21215088093112203]
[40.0, 0.0, 0.21215088093112203]
[40.0, 0.0, 0.21215088093112203]
[40.0, -0.8669840139434847, 0.21215088093112203]
[40.0, 0.0, 0.21215088093112203]
[40.0, 0.0, 0.21215088093112203]
[40.0, 0.0, 0.21215088093112203]
[40.0, 0.0, 0.21215088093112203]
[40.0, 0.0, 0.21215088093112203]
[40.0, 0.0, 0.21215088093112203]
[40.0, 0.0, 0.21215088093112203]
[40.0, 0.0, 0.21215088093112203]
[40.0, 0.0, 0.18224581672950285]
[40.0, 0.0, 0.18224581672950285]
[40.0, 0.0, 0.18224581672950285]
[40.0, 0.0, 0.18224581672950285]
[40.0, 0.0, 0.18224581672950285]
[40.0, 0.0, 0.18224581672950285]
[40.0, 0.0, 0.18224581672950285]
[40.0, 0.0, 0.18224581672950285]
[40.0, 0.0, 0.18224581672950285]
[40.0, 0.0, 0.18224581672950285]
[40.0, 0.0, 0.18224581672950285]
>>>> 
----------------------------
Path number   : 3
Path length   : 1138.7642013413454
Time required : 63.80907583236694 s
>>>> Nodes
[1087.5687576189866, 489.5445903238171, 1.0443367228200797]
[1085.487633474169, 485.96367516485435, 1.0443367228200797]
[1083.406509329351, 482.3827600058916, 1.0443367228200797]
[1081.3253851845332, 478.8018448469289, 1.0443367228200797]
[1079.2442610397152, 475.2209296879661, 1.0443367228200797]
[1077.1631368948974, 471.64001452900334, 1.0443367228200797]
[1075.0820127500797, 468.0590993700406, 1.0443367228200797]
[1073.0008886052617, 464.47818421107786, 1.0443367228200797]
[1070.919764460444, 460.8972690521151, 1.0443367228200797]
[1068.838640315626, 457.3163538931524, 1.0443367228200797]
[1066.7575161708082, 453.73543873418964, 1.0443367228200797]
[1064.6763920259903, 450.1545235752269, 1.0443367228200797]
[1062.5952678811725, 446.57360841626416, 1.0443367228200797]
[1060.5141437363548, 442.99269325730137, 1.0443367228200797]
[1058.4330195915368, 439.41177809833863, 1.0443367228200797]
[1056.351895446719, 435.8308629393759, 1.0443367228200797]
[1054.270771301901, 432.24994778041315, 1.0443367228200797]
[1052.1896471570833, 428.6690326214504, 1.0443367228200797]
[1052.1896471570833, 428.6690326214504, 1.044336722820079]
[1046.7651799450996, 421.45692197258427, 0.8075261268341042]
[1042.5590341654313, 417.0603852737952, 0.8075261268341049]
[1038.352888385763, 412.66384857500606, 0.8075261268341049]
[1034.146742606095, 408.267311876217, 0.8075261268341049]
[1029.9405968264266, 403.8707751774279, 0.8075261268341049]
[1025.7344510467583, 399.47423847863877, 0.8075261268341049]
[1021.52830526709, 395.0777017798497, 0.8075261268341049]
[1017.3221594874217, 390.6811650810606, 0.8075261268341049]
[1013.1160137077535, 386.28462838227153, 0.8075261268341049]
[1008.9098679280852, 381.8880916834824, 0.8075261268341049]
[1004.7037221484169, 377.4915549846933, 0.8075261268341049]
[1000.4975763687487, 373.0950182859042, 0.8075261268341049]
[996.2914305890804, 368.6984815871151, 0.8075261268341049]
[992.0852848094121, 364.30194488832603, 0.8075261268341049]
[987.8791390297438, 359.90540818953696, 0.8075261268341049]
[983.6729932500756, 355.5088714907478, 0.8075261268341049]
[979.4668474704073, 351.11233479195874, 0.8075261268341049]
[975.260701690739, 346.71579809316967, 0.8075261268341049]
[971.0545559110708, 342.31926139438053, 0.8075261268341049]
[966.8484101314025, 337.92272469559146, 0.8075261268341049]
[964.2333116428291, 335.21052984829026, 0.8035418850475378]
[961.7236368874323, 332.6080921685846, 0.8035418850475378]
[959.2139621320356, 330.005654488879, 0.8035418850475378]
[956.7042873766388, 327.40321680917333, 0.8035418850475378]
[954.194612621242, 324.8007791294677, 0.8035418850475378]
[951.6849378658452, 322.19834144976204, 0.8035418850475378]
[949.1752631104484, 319.5959037700564, 0.8035418850475378]
[946.6655883550517, 316.99346609035075, 0.8035418850475378]
[944.1559135996549, 314.3910284106451, 0.8035418850475378]
[941.6462388442582, 311.7885907309395, 0.8035418850475378]
[939.1365640888614, 309.1861530512339, 0.8035418850475378]
[936.6268893334646, 306.5837153715282, 0.8035418850475378]
[934.1172145780679, 303.9812776918226, 0.8035418850475378]
[931.6075398226711, 301.37884001211694, 0.8035418850475378]
[929.0978650672743, 298.7764023324113, 0.8035418850475378]
[926.5881903118775, 296.17396465270565, 0.8035418850475378]
[924.0785155564807, 293.571526973, 0.8035418850475378]
[921.568840801084, 290.96908929329436, 0.8035418850475378]
[919.0591660456872, 288.3666516135887, 0.8035418850475378]
[912.7715175869597, 282.55466294214926, 0.7359065394195154]
[908.3387192412833, 278.54027141524216, 0.7359065394195154]
[903.9059208956069, 274.525879888335, 0.7359065394195154]
[899.4731225499305, 270.5114883614279, 0.7359065394195154]
[895.0403242042541, 266.4970968345208, 0.7359065394195154]
[890.6075258585777, 262.4827053076137, 0.7359065394195154]
[886.1747275129013, 258.4683137807066, 0.7359065394195154]
[881.741929167225, 254.45392225379945, 0.7359065394195154]
[877.3091308215485, 250.43953072689231, 0.7359065394195154]
[872.8763324758721, 246.4251391999852, 0.7359065394195154]
[868.4435341301958, 242.4107476730781, 0.7359065394195154]
[864.0107357845193, 238.39635614617097, 0.7359065394195154]
[859.5779374388429, 234.38196461926387, 0.7359065394195154]
[855.1451390931666, 230.36757309235674, 0.7359065394195154]
[850.7123407474902, 226.35318156544963, 0.7359065394195154]
[846.2795424018137, 222.3387900385425, 0.7359065394195154]
[841.8467440561374, 218.3243985116354, 0.7359065394195154]
[841.8467440561374, 218.3243985116354, 0.7359065394195157]
[832.2835054565238, 211.9879773479322, 0.43443105911040103]
[824.6045165960045, 208.42496462172505, 0.4344310591104004]
[816.9255277354853, 204.8619518955179, 0.4344310591104004]
[809.246538874966, 201.29893916931078, 0.4344310591104004]
[801.5675500144466, 197.73592644310364, 0.4344310591104004]
[793.8885611539273, 194.1729137168965, 0.4344310591104004]
[786.209572293408, 190.60990099068934, 0.4344310591104004]
[778.5305834328888, 187.04688826448222, 0.4344310591104004]
[770.8515945723694, 183.48387553827507, 0.4344310591104004]
[763.1726057118501, 179.92086281206792, 0.4344310591104004]
[755.4936168513309, 176.35785008586078, 0.4344310591104004]
[747.8146279908116, 172.79483735965363, 0.4344310591104004]
[740.1356391302922, 169.2318246334465, 0.4344310591104004]
[732.4566502697729, 165.66881190723936, 0.4344310591104004]
[724.7776614092537, 162.1057991810322, 0.4344310591104004]
[717.0986725487344, 158.54278645482506, 0.4344310591104004]
[709.4196836882151, 154.97977372861791, 0.4344310591104004]
[701.7406948276957, 151.4167610024108, 0.4344310591104004]
[694.0617059671765, 147.85374827620365, 0.4344310591104004]
[686.3827171066572, 144.2907355499965, 0.4344310591104004]
[676.8944649663968, 140.55774402781563, 0.3660863807427911]
[669.8099800987807, 137.84178215826182, 0.3660863807427911]
[662.7254952311645, 135.12582028870804, 0.3660863807427911]
[655.6410103635484, 132.40985841915423, 0.3660863807427911]
[648.5565254959323, 129.69389654960042, 0.3660863807427911]
[641.4720406283161, 126.97793468004663, 0.3660863807427911]
[634.3875557607, 124.26197281049284, 0.3660863807427911]
[627.3030708930839, 121.54601094093903, 0.3660863807427911]
[620.2185860254679, 118.83004907138522, 0.3660863807427911]
[613.1341011578517, 116.11408720183142, 0.3660863807427911]
[606.0496162902356, 113.39812533227763, 0.3660863807427911]
[598.9651314226195, 110.68216346272382, 0.3660863807427911]
[591.8806465550033, 107.96620159317001, 0.3660863807427911]
[584.7961616873872, 105.25023972361622, 0.3660863807427911]
[577.7116768197711, 102.53427785406242, 0.3660863807427911]
[570.627191952155, 99.81831598450862, 0.3660863807427911]
[563.5427070845388, 97.1023541149548, 0.3660863807427911]
[556.4582222169228, 94.38639224540101, 0.3660863807427911]
[548.1706149269463, 92.23684929862142, 0.1414662276689187]
[541.3220921778993, 91.26149946372222, 0.14146622766891814]
[534.4735694288523, 90.28614962882301, 0.14146622766891814]
[527.6250466798053, 89.3107997939238, 0.14146622766891814]
[520.7765239307585, 88.3354499590246, 0.14146622766891814]
[513.9280011817115, 87.3601001241254, 0.14146622766891814]
[507.0794784326644, 86.38475028922619, 0.14146622766891814]
[500.2309556836175, 85.40940045432698, 0.14146622766891814]
[493.3824329345705, 84.43405061942778, 0.14146622766891814]
[486.5339101855235, 83.45870078452859, 0.14146622766891814]
[479.6853874364765, 82.48335094962937, 0.14146622766891814]
[472.8368646874295, 81.50800111473018, 0.14146622766891814]
[465.9883419383826, 80.53265127983097, 0.14146622766891814]
[459.1398191893356, 79.55730144493177, 0.14146622766891814]
[452.2912964402886, 78.58195161003256, 0.14146622766891814]
[445.4427736912416, 77.60660177513336, 0.14146622766891814]
[438.5942509421946, 76.63125194023415, 0.14146622766891814]
[431.74572819314767, 75.65590210533495, 0.14146622766891814]
[424.8972054441007, 74.68055227043574, 0.14146622766891814]
[418.0486826950537, 73.70520243553653, 0.14146622766891814]
[405.22823231044856, 72.91469861052393, 0.04883117026298817]
[395.92891620357676, 72.46024084931544, 0.04883117026298817]
[386.62960009670496, 72.00578308810694, 0.04883117026298817]
[377.3302839898332, 71.55132532689845, 0.04883117026298817]
[368.0309678829615, 71.09686756568995, 0.04883117026298817]
[358.7316517760897, 70.64240980448146, 0.04883117026298817]
[349.4323356692179, 70.18795204327296, 0.04883117026298817]
[340.13301956234613, 69.73349428206447, 0.04883117026298817]
[330.8337034554744, 69.27903652085597, 0.04883117026298817]
[321.5343873486026, 68.82457875964747, 0.04883117026298817]
[312.2350712417308, 68.37012099843898, 0.04883117026298817]
[302.93575513485905, 67.91566323723048, 0.04883117026298817]
[293.6364390279873, 67.46120547602199, 0.04883117026298817]
[284.3371229211155, 67.00674771481349, 0.04883117026298817]
[275.0378068142437, 66.552289953605, 0.04883117026298817]
[265.73849070737197, 66.0978321923965, 0.04883117026298817]
[256.4391746005002, 65.64337443118801, 0.04883117026298817]
[247.13985849362842, 65.1889166699795, 0.04883117026298817]
[245.01316592869986, 65.0253603319361, 0.10467951906526407]
[237.59095533779487, 64.24555650204204, 0.10467951906526435]
[230.16874474688993, 63.465752672147985, 0.10467951906526435]
[222.74653415598496, 62.685948842253936, 0.10467951906526435]
[215.32432356508, 61.906145012359886, 0.10467951906526435]
[207.90211297417503, 61.126341182465836, 0.10467951906526435]
[200.4799023832701, 60.34653735257179, 0.10467951906526435]
[193.05769179236512, 59.56673352267774, 0.10467951906526435]
[185.63548120146015, 58.78692969278369, 0.10467951906526435]
[178.21327061055518, 58.00712586288964, 0.10467951906526435]
[170.79106001965022, 57.22732203299558, 0.10467951906526435]
[163.36884942874525, 56.44751820310153, 0.10467951906526435]
[155.94663883784028, 55.66771437320748, 0.10467951906526435]
[148.52442824693532, 54.88791054331343, 0.10467951906526435]
[141.10221765603035, 54.10810671341938, 0.10467951906526435]
[133.68000706512538, 53.32830288352533, 0.10467951906526435]
[126.25779647422041, 52.54849905363128, 0.10467951906526435]
[118.83558588331546, 51.76869522373723, 0.10467951906526435]
[111.41337529241049, 50.98889139384318, 0.10467951906526435]
[103.99116470150553, 50.20908756394913, 0.10467951906526435]
>>>> 
>>>> inputs
[40.0, 0.0, 0.09931890157663806]
[40.0, 0.0, 0.09931890157663806]
[40.0, 0.0, 0.09931890157663806]
[40.0, 0.0, 0.09931890157663806]
[40.0, 0.0, 0.09931890157663806]
[40.0, 0.0, 0.09931890157663806]
[40.0, 0.0, 0.09931890157663806]
[40.0, 0.0, 0.09931890157663806]
[40.0, 0.0, 0.09931890157663806]
[40.0, 0.0, 0.09931890157663806]
[40.0, 0.0, 0.09931890157663806]
[40.0, 0.0, 0.09931890157663806]
[40.0, 0.0, 0.09931890157663806]
[40.0, 0.0, 0.09931890157663806]
[40.0, 0.0, 0.09931890157663806]
[40.0, 0.0, 0.09931890157663806]
[40.0, 0.0, 0.09931890157663806]
[40.0, 0.8669840139434847, 0.09931890157663806]
[40.0, 0.8669840139434847, 0.09931890157663806]
[40.0, 0.0, 0.09931890157663806]
[40.0, 0.0, 0.14469721980477018]
[40.0, 0.0, 0.14469721980477018]
[40.0, 0.0, 0.14469721980477018]
[40.0, 0.0, 0.14469721980477018]
[40.0, 0.0, 0.14469721980477018]
[40.0, 0.0, 0.14469721980477018]
[40.0, 0.0, 0.14469721980477018]
[40.0, 0.0, 0.14469721980477018]
[40.0, 0.0, 0.14469721980477018]
[40.0, 0.0, 0.14469721980477018]
[40.0, 0.0, 0.14469721980477018]
[40.0, 0.0, 0.14469721980477018]
[40.0, 0.0, 0.14469721980477018]
[40.0, 0.0, 0.14469721980477018]
[40.0, 0.0, 0.14469721980477018]
[40.0, 0.0, 0.14469721980477018]
[40.0, 0.0, 0.14469721980477018]
[40.0, 0.0, 0.14469721980477018]
[40.0, 0.0, 0.14469721980477018]
[40.0, 0.0, 0.14469721980477018]
[40.0, 0.0, 0.08909520529200943]
[40.0, 0.0, 0.08909520529200943]
[40.0, 0.0, 0.08909520529200943]
[40.0, 0.0, 0.08909520529200943]
[40.0, 0.0, 0.08909520529200943]
[40.0, 0.0, 0.08909520529200943]
[40.0, 0.0, 0.08909520529200943]
[40.0, 0.0, 0.08909520529200943]
[40.0, 0.0, 0.08909520529200943]
[40.0, 0.0, 0.08909520529200943]
[40.0, 0.0, 0.08909520529200943]
[40.0, 0.0, 0.08909520529200943]
[40.0, 0.0, 0.08909520529200943]
[40.0, 0.0, 0.08909520529200943]
[40.0, 0.0, 0.08909520529200943]
[40.0, 0.0, 0.08909520529200943]
[40.0, 0.0, 0.08909520529200943]
[40.0, 0.0, 0.08909520529200943]
[40.0, 0.0, 0.08909520529200943]
[40.0, 0.0, 0.08909520529200943]
[40.0, 0.0, 0.14147763865014235]
[40.0, 0.0, 0.14147763865014235]
[40.0, 0.0, 0.14147763865014235]
[40.0, 0.0, 0.14147763865014235]
[40.0, 0.0, 0.14147763865014235]
[40.0, 0.0, 0.14147763865014235]
[40.0, 0.0, 0.14147763865014235]
[40.0, 0.0, 0.14147763865014235]
[40.0, 0.0, 0.14147763865014235]
[40.0, 0.0, 0.14147763865014235]
[40.0, 0.0, 0.14147763865014235]
[40.0, 0.0, 0.14147763865014235]
[40.0, 0.0, 0.14147763865014235]
[40.0, 0.0, 0.14147763865014235]
[40.0, 0.8669840139434847, 0.14147763865014235]
[40.0, 0.8669840139434847, 0.14147763865014235]
[40.0, 0.0, 0.14147763865014235]
[40.0, 0.0, 0.14147763865014235]
[40.0, 0.0, 0.14147763865014235]
[40.0, 0.0, 0.14147763865014235]
[40.0, 0.0, 0.2043149704832563]
[40.0, 0.0, 0.2043149704832563]
[40.0, 0.0, 0.2043149704832563]
[40.0, 0.0, 0.2043149704832563]
[40.0, 0.0, 0.2043149704832563]
[40.0, 0.0, 0.2043149704832563]
[40.0, 0.0, 0.2043149704832563]
[40.0, 0.0, 0.2043149704832563]
[40.0, 0.0, 0.2043149704832563]
[40.0, 0.0, 0.2043149704832563]
[40.0, 0.0, 0.2043149704832563]
[40.0, 0.0, 0.2043149704832563]
[40.0, 0.0, 0.2043149704832563]
[40.0, 0.0, 0.2043149704832563]
[40.0, 0.0, 0.2043149704832563]
[40.0, 0.0, 0.2043149704832563]
[40.0, 0.0, 0.2043149704832563]
[40.0, 0.0, 0.2043149704832563]
[40.0, 0.0, 0.2043149704832563]
[40.0, 0.0, 0.2043149704832563]
[40.0, 0.0, 0.18143796532506057]
[40.0, 0.0, 0.18143796532506057]
[40.0, 0.0, 0.18143796532506057]
[40.0, 0.0, 0.18143796532506057]
[40.0, 0.0, 0.18143796532506057]
[40.0, 0.0, 0.18143796532506057]
[40.0, 0.0, 0.18143796532506057]
[40.0, 0.0, 0.18143796532506057]
[40.0, 0.0, 0.18143796532506057]
[40.0, 0.0, 0.18143796532506057]
[40.0, 0.0, 0.18143796532506057]
[40.0, 0.0, 0.18143796532506057]
[40.0, 0.0, 0.18143796532506057]
[40.0, 0.8669840139434847, 0.18143796532506057]
[40.0, 0.0, 0.18143796532506057]
[40.0, 0.0, 0.18143796532506057]
[40.0, 0.0, 0.18143796532506057]
[40.0, 0.0, 0.18143796532506057]
[40.0, 0.0, 0.18143796532506057]
[40.0, 0.0, 0.18143796532506057]
[40.0, 0.0, 0.16871665288417964]
[40.0, 0.0, 0.16871665288417964]
[40.0, 0.0, 0.16871665288417964]
[40.0, 0.0, 0.16871665288417964]
[40.0, 0.0, 0.16871665288417964]
[40.0, 0.0, 0.16871665288417964]
[40.0, 0.0, 0.16871665288417964]
[40.0, 0.0, 0.16871665288417964]
[40.0, 0.0, 0.16871665288417964]
[40.0, 0.0, 0.16871665288417964]
[40.0, 0.0, 0.16871665288417964]
[40.0, 0.0, 0.16871665288417964]
[40.0, 0.0, 0.16871665288417964]
[40.0, 0.0, 0.16871665288417964]
[40.0, 0.0, 0.16871665288417964]
[40.0, 0.0, 0.16871665288417964]
[40.0, 0.0, 0.16871665288417964]
[40.0, 0.0, 0.16871665288417964]
[40.0, 0.0, 0.16871665288417964]
[40.0, 0.0, 0.16871665288417964]
[40.0, 0.0, 0.21215088093112203]
[40.0, 0.0, 0.21215088093112203]
[40.0, 0.0, 0.21215088093112203]
[40.0, 0.0, 0.21215088093112203]
[40.0, 0.0, 0.21215088093112203]
[40.0, 0.0, 0.21215088093112203]
[40.0, 0.0, 0.21215088093112203]
[40.0, 0.0, 0.21215088093112203]
[40.0, 0.0, 0.21215088093112203]
[40.0, 0.0, 0.21215088093112203]
[40.0, 0.0, 0.21215088093112203]
[40.0, -0.8669840139434847, 0.21215088093112203]
[40.0, 0.0, 0.21215088093112203]
[40.0, 0.0, 0.21215088093112203]
[40.0, 0.0, 0.21215088093112203]
[40.0, 0.0, 0.21215088093112203]
[40.0, 0.0, 0.21215088093112203]
[40.0, 0.0, 0.21215088093112203]
[40.0, 0.0, 0.21215088093112203]
[40.0, 0.0, 0.21215088093112203]
[40.0, 0.0, 0.18224581672950285]
[40.0, 0.0, 0.18224581672950285]
[40.0, 0.0, 0.18224581672950285]
[40.0, 0.0, 0.18224581672950285]
[40.0, 0.0, 0.18224581672950285]
[40.0, 0.0, 0.18224581672950285]
[40.0, 0.0, 0.18224581672950285]
[40.0, 0.0, 0.18224581672950285]
[40.0, 0.0, 0.18224581672950285]
[40.0, 0.0, 0.18224581672950285]
[40.0, 0.0, 0.18224581672950285]
>>>> 
