----------------------------
RRT search Summary          
----------------------------
Map Name               : Random
Total paths found      : 4
Total number of nodes  : 1384
Total elapsed time     : 82.55591130256653 s
Solver                 : RRTstar 
----------------------------
Path number   : 0
Path length   : 1165.2962870586448
Time required : 10.067426204681396 s
>>>> Nodes
[1111.8176472635373, 494.21629848715946, 0.9297096251152266]
[1107.2009669085264, 488.02966199535587, 0.9297096251152266]
[1102.5842865535158, 481.8430255035523, 0.9297096251152266]
[1097.9676061985049, 475.65638901174873, 0.9297096251152266]
[1093.3509258434942, 469.46975251994513, 0.9297096251152266]
[1088.7342454884833, 463.28311602814154, 0.9297096251152266]
[1084.1175651334725, 457.09647953633794, 0.9297096251152266]
[1079.5008847784618, 450.9098430445344, 0.9297096251152266]
[1074.884204423451, 444.7232065527308, 0.9297096251152266]
[1070.2675240684403, 438.5365700609272, 0.9297096251152266]
[1065.6508437134294, 432.34993356912366, 0.9297096251152266]
[1061.0341633584187, 426.16329707732007, 0.9297096251152266]
[1056.4174830034078, 419.97666058551647, 0.9297096251152266]
[1051.800802648397, 413.7900240937129, 0.9297096251152266]
[1047.1841222933863, 407.60338760190933, 0.9297096251152266]
[1042.5674419383754, 401.41675111010574, 0.9297096251152266]
[1037.9507615833647, 395.23011461830214, 0.9297096251152266]
[1033.3340812283539, 389.04347812649854, 0.9297096251152266]
[1028.7174008733432, 382.856841634695, 0.9297096251152266]
[1024.1007205183323, 376.6702051428914, 0.9297096251152266]
[1017.8497137074789, 369.38183839230913, 0.8488772612752311]
[1013.5432251170475, 364.49070772745904, 0.8488772612752311]
[1009.2367365266163, 359.59957706260894, 0.8488772612752311]
[1004.930247936185, 354.70844639775885, 0.8488772612752311]
[1000.6237593457537, 349.81731573290875, 0.8488772612752311]
[996.3172707553223, 344.92618506805866, 0.8488772612752311]
[992.010782164891, 340.0350544032086, 0.8488772612752311]
[987.7042935744597, 335.14392373835847, 0.8488772612752311]
[983.3978049840284, 330.2527930735084, 0.8488772612752311]
[979.091316393597, 325.36166240865833, 0.8488772612752311]
[974.7848278031657, 320.47053174380824, 0.8488772612752311]
[970.4783392127345, 315.57940107895814, 0.8488772612752311]
[966.1718506223032, 310.68827041410805, 0.8488772612752311]
[961.8653620318718, 305.79713974925795, 0.8488772612752311]
[957.5588734414405, 300.90600908440786, 0.8488772612752311]
[953.2523848510092, 296.01487841955776, 0.8488772612752311]
[948.9458962605779, 291.12374775470767, 0.8488772612752311]
[944.6394076701465, 286.23261708985757, 0.8488772612752311]
[940.3329190797152, 281.3414864250075, 0.8488772612752311]
[930.2470106996664, 272.41557534738087, 0.6876867780026956]
[924.5838600124771, 267.76355435127056, 0.6876867780026956]
[918.9207093252879, 263.1115333551602, 0.6876867780026956]
[913.2575586380987, 258.4595123590499, 0.6876867780026956]
[907.5944079509095, 253.80749136293952, 0.6876867780026956]
[901.9312572637202, 249.15547036682918, 0.6876867780026956]
[896.2681065765311, 244.50344937071884, 0.6876867780026956]
[890.6049558893418, 239.85142837460847, 0.6876867780026956]
[884.9418052021526, 235.19940737849817, 0.6876867780026956]
[879.2786545149635, 230.5473863823878, 0.6876867780026956]
[873.6155038277742, 225.89536538627746, 0.6876867780026956]
[867.952353140585, 221.24334439016712, 0.6876867780026956]
[862.2892024533958, 216.5913233940568, 0.6876867780026956]
[856.6260517662066, 211.93930239794645, 0.6876867780026956]
[850.9629010790173, 207.28728140183608, 0.6876867780026956]
[845.2997503918282, 202.63526040572575, 0.6876867780026956]
[839.6365997046389, 197.9832394096154, 0.6876867780026956]
[833.9734490174498, 193.33121841350507, 0.6876867780026956]
[823.8304838653402, 187.34839673966928, 0.37815796763501974]
[814.8558244344104, 183.7829584311092, 0.3781579676350197]
[805.8811650034806, 180.21752012254908, 0.3781579676350197]
[796.9065055725508, 176.65208181398896, 0.3781579676350197]
[787.931846141621, 173.08664350542887, 0.3781579676350197]
[778.9571867106913, 169.52120519686875, 0.3781579676350197]
[769.9825272797615, 165.95576688830866, 0.3781579676350197]
[761.0078678488317, 162.39032857974854, 0.3781579676350197]
[752.033208417902, 158.82489027118845, 0.3781579676350197]
[743.0585489869721, 155.25945196262833, 0.3781579676350197]
[734.0838895560423, 151.69401365406821, 0.3781579676350197]
[725.1092301251126, 148.12857534550812, 0.3781579676350197]
[716.1345706941828, 144.563137036948, 0.3781579676350197]
[707.159911263253, 140.99769872838792, 0.3781579676350197]
[698.1852518323233, 137.4322604198278, 0.3781579676350197]
[689.2105924013935, 133.8668221112677, 0.3781579676350197]
[680.2359329704636, 130.3013838027076, 0.3781579676350197]
[671.2612735395339, 126.73594549414749, 0.3781579676350197]
[662.2866141086041, 123.17050718558738, 0.3781579676350197]
[653.0203358530073, 120.77916596291938, 0.12695940848081144]
[640.5404561010753, 119.18615954053, 0.12695940848081153]
[628.0605763491433, 117.59315311814063, 0.12695940848081153]
[615.5806965972114, 116.00014669575127, 0.12695940848081153]
[603.1008168452794, 114.4071402733619, 0.12695940848081153]
[590.6209370933474, 112.81413385097252, 0.12695940848081153]
[578.1410573414155, 111.22112742858316, 0.12695940848081153]
[565.6611775894835, 109.6281210061938, 0.12695940848081153]
[553.1812978375515, 108.03511458380443, 0.12695940848081153]
[540.7014180856195, 106.44210816141506, 0.12695940848081153]
[528.2215383336875, 104.8491017390257, 0.12695940848081153]
[515.7416585817556, 103.25609531663633, 0.12695940848081153]
[503.2617788298236, 101.66308889424697, 0.12695940848081153]
[490.7818990778916, 100.0700824718576, 0.12695940848081153]
[478.30201932595963, 98.47707604946822, 0.12695940848081153]
[465.8221395740277, 96.88406962707886, 0.12695940848081153]
[453.3422598220957, 95.2910632046895, 0.12695940848081153]
[440.8623800701637, 93.69805678230013, 0.12695940848081153]
[428.38250031823173, 92.10505035991076, 0.12695940848081153]
[425.30195699813993, 91.58300664977035, 0.20878051270670062]
[423.82207158600346, 91.26946645479124, 0.20878051270670078]
[422.342186173867, 90.95592625981214, 0.20878051270670078]
[420.8623007617305, 90.64238606483303, 0.20878051270670078]
[419.38241534959405, 90.32884586985394, 0.20878051270670078]
[417.9025299374576, 90.01530567487482, 0.20878051270670078]
[416.4226445253211, 89.70176547989573, 0.20878051270670078]
[414.94275911318465, 89.38822528491662, 0.20878051270670078]
[413.4628737010482, 89.0746850899375, 0.20878051270670078]
[411.98298828891166, 88.7611448949584, 0.20878051270670078]
[410.5031028767752, 88.4476046999793, 0.20878051270670078]
[409.0232174646387, 88.1340645050002, 0.20878051270670078]
[407.54333205250225, 87.82052431002109, 0.20878051270670078]
[406.0634466403658, 87.50698411504197, 0.20878051270670078]
[404.5835612282293, 87.19344392006288, 0.20878051270670078]
[403.10367581609285, 86.87990372508376, 0.20878051270670078]
[401.6237904039564, 86.56636353010467, 0.20878051270670078]
[400.1439049918199, 86.25282333512556, 0.20878051270670078]
[400.1439049918199, 86.25282333512556, 0.20878051270670062]
[395.9044544394176, 85.60079607926102, 0.09642785985920121]
[381.6244120808086, 84.21951830652822, 0.09642785985920092]
[367.3443697221996, 82.8382405337954, 0.09642785985920092]
[353.06432736359056, 81.45696276106258, 0.09642785985920092]
[338.7842850049816, 80.07568498832978, 0.09642785985920092]
[324.5042426463725, 78.69440721559698, 0.09642785985920092]
[310.22420028776355, 77.31312944286417, 0.09642785985920092]
[295.9441579291545, 75.93185167013135, 0.09642785985920092]
[281.6641155705455, 74.55057389739855, 0.09642785985920092]
[267.38407321193654, 73.16929612466575, 0.09642785985920092]
[253.10403085332752, 71.78801835193293, 0.09642785985920092]
[238.8239884947185, 70.40674057920012, 0.09642785985920092]
[224.54394613610947, 69.02546280646732, 0.09642785985920092]
[210.26390377750047, 67.64418503373452, 0.09642785985920092]
[195.98386141889145, 66.2629072610017, 0.09642785985920092]
[181.70381906028246, 64.88162948826889, 0.09642785985920092]
[167.42377670167343, 63.500351715536084, 0.09642785985920092]
[153.14373434306444, 62.119073942803276, 0.09642785985920092]
[138.86369198445541, 60.73779617007047, 0.09642785985920092]
[128.81099787797092, 58.36220074355764, 0.36768637395578585]
[127.30292425438192, 57.78128496204683, 0.36768637395578596]
[125.79485063079291, 57.20036918053602, 0.36768637395578596]
[124.28677700720391, 56.619453399025204, 0.36768637395578596]
[122.7787033836149, 56.03853761751439, 0.36768637395578596]
[121.2706297600259, 55.45762183600358, 0.36768637395578596]
[119.7625561364369, 54.87670605449277, 0.36768637395578596]
[118.25448251284789, 54.29579027298196, 0.36768637395578596]
[116.74640888925889, 53.71487449147114, 0.36768637395578596]
[115.23833526566987, 53.13395870996033, 0.36768637395578596]
[113.73026164208088, 52.55304292844952, 0.36768637395578596]
[113.73026164208088, 52.55304292844952, 0.36768637395578563]
[112.07810580222724, 51.959851938433694, 0.32172557721131234]
[110.40044072497103, 51.44319503259262, 0.2757647804668393]
[108.70080967756277, 51.00416340220105, 0.229803983722366]
[106.98280231988747, 50.64368429216561, 0.1838431869778927]
[105.25004712302032, 50.362519042662264, 0.13788239023341964]
[103.50620370581227, 50.161261481168275, 0.09192159348894635]
[101.75495510569077, 50.04033666828499, 0.04596079674447329]
[100.0, 50.00000000000001, 0.0]
>>>> 
>>>> inputs
[40.0, 0.0, 0.18719378384403423]
[40.0, 0.0, 0.18719378384403423]
[40.0, 0.0, 0.18719378384403423]
[40.0, 0.0, 0.18719378384403423]
[40.0, 0.0, 0.18719378384403423]
[40.0, 0.0, 0.18719378384403423]
[40.0, 0.0, 0.18719378384403423]
[40.0, 0.0, 0.18719378384403423]
[40.0, 0.0, 0.18719378384403423]
[40.0, 0.0, 0.18719378384403423]
[40.0, 0.0, 0.18719378384403423]
[40.0, 0.0, 0.18719378384403423]
[40.0, 0.0, 0.18719378384403423]
[40.0, 0.0, 0.18719378384403423]
[40.0, 0.0, 0.18719378384403423]
[40.0, 0.0, 0.18719378384403423]
[40.0, 0.0, 0.18719378384403423]
[40.0, 0.0, 0.18719378384403423]
[40.0, 0.0, 0.18719378384403423]
[40.0, 0.0, 0.18719378384403423]
[40.0, 0.0, 0.16247086344154116]
[40.0, 0.0, 0.16247086344154116]
[40.0, 0.0, 0.16247086344154116]
[40.0, 0.0, 0.16247086344154116]
[40.0, 0.0, 0.16247086344154116]
[40.0, 0.0, 0.16247086344154116]
[40.0, 0.0, 0.16247086344154116]
[40.0, 0.0, 0.16247086344154116]
[40.0, 0.0, 0.16247086344154116]
[40.0, 0.0, 0.16247086344154116]
[40.0, 0.0, 0.16247086344154116]
[40.0, 0.0, 0.16247086344154116]
[40.0, 0.0, 0.16247086344154116]
[40.0, 0.0, 0.16247086344154116]
[40.0, 0.0, 0.16247086344154116]
[40.0, 0.0, 0.16247086344154116]
[40.0, 0.0, 0.16247086344154116]
[40.0, 0.0, 0.16247086344154116]
[40.0, 0.0, 0.16247086344154116]
[40.0, 0.0, 0.16247086344154116]
[40.0, 0.0, 0.17967885481637896]
[40.0, 0.0, 0.17967885481637896]
[40.0, 0.0, 0.17967885481637896]
[40.0, 0.0, 0.17967885481637896]
[40.0, 0.0, 0.17967885481637896]
[40.0, 0.0, 0.17967885481637896]
[40.0, 0.0, 0.17967885481637896]
[40.0, 0.0, 0.17967885481637896]
[40.0, 0.0, 0.17967885481637896]
[40.0, 0.0, 0.17967885481637896]
[40.0, 0.0, 0.17967885481637896]
[40.0, 0.0, 0.17967885481637896]
[40.0, 0.0, 0.17967885481637896]
[40.0, 0.0, 0.17967885481637896]
[40.0, 0.0, 0.17967885481637896]
[40.0, 0.0, 0.17967885481637896]
[40.0, 0.8669840139434847, 0.17967885481637896]
[40.0, 0.0, 0.17967885481637896]
[40.0, 0.0, 0.17967885481637896]
[40.0, 0.0, 0.17967885481637896]
[40.0, 0.0, 0.22927543116397234]
[40.0, 0.0, 0.22927543116397234]
[40.0, 0.0, 0.22927543116397234]
[40.0, 0.0, 0.22927543116397234]
[40.0, 0.0, 0.22927543116397234]
[40.0, 0.0, 0.22927543116397234]
[40.0, 0.0, 0.22927543116397234]
[40.0, 0.0, 0.22927543116397234]
[40.0, 0.0, 0.22927543116397234]
[40.0, 0.0, 0.22927543116397234]
[40.0, 0.0, 0.22927543116397234]
[40.0, 0.0, 0.22927543116397234]
[40.0, 0.0, 0.22927543116397234]
[40.0, 0.0, 0.22927543116397234]
[40.0, 0.0, 0.22927543116397234]
[40.0, 0.8669840139434847, 0.22927543116397234]
[40.0, 0.0, 0.22927543116397234]
[40.0, 0.0, 0.22927543116397234]
[40.0, 0.0, 0.22927543116397234]
[40.0, 0.0, 0.22927543116397234]
[40.0, 0.0, 0.28698230599304236]
[40.0, 0.0, 0.28698230599304236]
[40.0, 0.0, 0.28698230599304236]
[40.0, 0.0, 0.28698230599304236]
[40.0, 0.0, 0.28698230599304236]
[40.0, 0.0, 0.28698230599304236]
[40.0, 0.0, 0.28698230599304236]
[40.0, 0.0, 0.28698230599304236]
[40.0, 0.0, 0.28698230599304236]
[40.0, 0.0, 0.28698230599304236]
[40.0, 0.0, 0.28698230599304236]
[40.0, 0.0, 0.28698230599304236]
[40.0, 0.0, 0.28698230599304236]
[40.0, 0.0, 0.28698230599304236]
[40.0, -0.8669840139434847, 0.28698230599304236]
[40.0, 0.0, 0.28698230599304236]
[40.0, 0.0, 0.28698230599304236]
[40.0, 0.0, 0.28698230599304236]
[40.0, 0.0, 0.28698230599304236]
[40.0, 0.0, 0.28698230599304236]
[40.0, 0.0, 0.03751007054415837]
[40.0, 0.0, 0.03751007054415837]
[40.0, 0.0, 0.03751007054415837]
[40.0, 0.0, 0.03751007054415837]
[40.0, 0.0, 0.03751007054415837]
[40.0, 0.0, 0.03751007054415837]
[40.0, 0.0, 0.03751007054415837]
[40.0, 0.0, 0.03751007054415837]
[40.0, 0.0, 0.03751007054415837]
[40.0, 0.0, 0.03751007054415837]
[40.0, 0.0, 0.03751007054415837]
[40.0, 0.0, 0.03751007054415837]
[40.0, 0.8669840139434847, 0.03751007054415837]
[40.0, 0.8669840139434847, 0.03751007054415837]
[40.0, 0.0, 0.03751007054415837]
[40.0, 0.0, 0.03751007054415837]
[40.0, 0.0, 0.03751007054415837]
[40.0, 0.0, 0.03751007054415837]
[40.0, 0.0, 0.03751007054415837]
[40.0, 0.0, 0.03751007054415837]
[40.0, 0.0, 0.33575218390487827]
[40.0, 0.0, 0.33575218390487827]
[40.0, 0.0, 0.33575218390487827]
[40.0, 0.0, 0.33575218390487827]
[40.0, 0.0, 0.33575218390487827]
[40.0, 0.0, 0.33575218390487827]
[40.0, 0.0, 0.33575218390487827]
[40.0, 0.0, 0.33575218390487827]
[40.0, 0.0, 0.33575218390487827]
[40.0, 0.0, 0.33575218390487827]
[40.0, 0.0, 0.33575218390487827]
[40.0, 0.0, 0.33575218390487827]
[40.0, -0.8669840139434847, 0.33575218390487827]
[40.0, 0.0, 0.33575218390487827]
[40.0, 0.0, 0.33575218390487827]
[40.0, 0.0, 0.33575218390487827]
[40.0, 0.0, 0.33575218390487827]
[40.0, 0.0, 0.33575218390487827]
[40.0, 0.0, 0.33575218390487827]
[40.0, 0.0, 0.33575218390487827]
[40.0, 0.0, 0.03775686511530042]
[40.0, 0.0, 0.03775686511530042]
[40.0, 0.0, 0.03775686511530042]
[40.0, 0.8669840139434847, 0.03775686511530042]
[40.0, 0.8669840139434847, 0.03775686511530042]
[40.0, 0.8669840139434847, 0.03775686511530042]
[40.0, 0.8669840139434847, 0.03775686511530042]
[40.0, 0.8669840139434847, 0.03775686511530042]
[40.0, 0.8669840139434847, 0.03775686511530042]
[40.0, 0.8669840139434847, 0.03775686511530042]
[40.0, 0.8669840139434847, 0.03775686511530042]
[40.0, 0.8669840139434847, 0.03775686511530042]
>>>> 
----------------------------
Path number   : 1
Path length   : 1151.306643204597
Time required : 25.374028205871582 s
>>>> Nodes
[1087.7098390070594, 506.6260912146225, 0.9758836754172043]
[1083.292524182177, 500.098305365448, 0.9758836754172043]
[1078.8752093572948, 493.5705195162736, 0.9758836754172043]
[1074.4578945324124, 487.0427336670991, 0.9758836754172043]
[1070.0405797075302, 480.51494781792474, 0.9758836754172043]
[1065.6232648826478, 473.9871619687503, 0.9758836754172043]
[1061.2059500577657, 467.45937611957584, 0.9758836754172043]
[1056.7886352328833, 460.9315902704014, 0.9758836754172043]
[1052.371320408001, 454.40380442122694, 0.9758836754172043]
[1047.9540055831187, 447.87601857205254, 0.9758836754172043]
[1043.5366907582363, 441.3482327228781, 0.9758836754172043]
[1039.1193759333541, 434.82044687370364, 0.9758836754172043]
[1034.7020611084718, 428.2926610245292, 0.9758836754172043]
[1030.2847462835896, 421.76487517535475, 0.9758836754172043]
[1025.8674314587072, 415.2370893261803, 0.9758836754172043]
[1021.4501166338249, 408.70930347700585, 0.9758836754172043]
[1017.0328018089426, 402.18151762783145, 0.9758836754172043]
[1012.6154869840603, 395.653731778657, 0.9758836754172043]
[1008.1981721591781, 389.12594592948255, 0.9758836754172043]
[1003.7808573342958, 382.5981600803081, 0.9758836754172043]
[997.0230370249905, 374.79968400120464, 0.7989418972592773]
[994.5272187813327, 372.23532791234703, 0.7989418972592773]
[992.031400537675, 369.6709718234894, 0.7989418972592773]
[989.5355822940173, 367.1066157346318, 0.7989418972592773]
[987.0397640503597, 364.5422596457742, 0.7989418972592773]
[984.543945806702, 361.9779035569166, 0.7989418972592773]
[982.0481275630443, 359.413547468059, 0.7989418972592773]
[979.5523093193866, 356.8491913792014, 0.7989418972592773]
[977.0564910757289, 354.28483529034384, 0.7989418972592773]
[974.5606728320712, 351.7204792014862, 0.7989418972592773]
[972.0648545884135, 349.1561231126286, 0.7989418972592773]
[969.5690363447558, 346.591767023771, 0.7989418972592773]
[967.0732181010981, 344.0274109349134, 0.7989418972592773]
[964.5773998574405, 341.4630548460558, 0.7989418972592773]
[962.0815816137828, 338.8986987571982, 0.7989418972592773]
[959.585763370125, 336.3343426683406, 0.7989418972592773]
[957.0899451264673, 333.769986579483, 0.7989418972592773]
[954.5941268828096, 331.20563049062537, 0.7989418972592773]
[952.8093270121935, 329.23948075155874, 0.868474636814573]
[947.0889824694058, 322.47996132993154, 0.8684746368145736]
[941.3686379266181, 315.72044190830434, 0.8684746368145736]
[935.6482933838304, 308.96092248667713, 0.8684746368145736]
[929.9279488410426, 302.20140306504993, 0.8684746368145736]
[924.207604298255, 295.44188364342267, 0.8684746368145736]
[918.4872597554672, 288.68236422179547, 0.8684746368145736]
[912.7669152126795, 281.92284480016826, 0.8684746368145736]
[907.0465706698918, 275.16332537854106, 0.8684746368145736]
[901.3262261271041, 268.40380595691386, 0.8684746368145736]
[895.6058815843163, 261.64428653528665, 0.8684746368145736]
[889.8855370415287, 254.88476711365942, 0.8684746368145736]
[884.1651924987409, 248.12524769203222, 0.8684746368145736]
[878.4448479559532, 241.36572827040501, 0.8684746368145736]
[872.7245034131655, 234.60620884877778, 0.8684746368145736]
[867.0041588703778, 227.84668942715058, 0.8684746368145736]
[867.0041588703778, 227.84668942715058, 0.8684746368145736]
[858.491680293605, 220.38449230700152, 0.571017359802824]
[848.1659326102185, 215.74492205114615, 0.27356008279107447]
[836.9338298325063, 214.33547372967976, -0.023897194220675155]
[832.801827991649, 214.43423578111558, -0.023897194220674763]
[828.6698261507919, 214.5329978325514, -0.023897194220674763]
[824.5378243099346, 214.63175988398717, -0.023897194220674763]
[820.4058224690775, 214.73052193542298, -0.023897194220674763]
[816.2738206282203, 214.8292839868588, -0.023897194220674763]
[812.141818787363, 214.9280460382946, -0.023897194220674763]
[808.0098169465059, 215.0268080897304, -0.023897194220674763]
[803.8778151056487, 215.1255701411662, -0.023897194220674763]
[799.7458132647915, 215.22433219260202, -0.023897194220674763]
[795.6138114239343, 215.32309424403783, -0.023897194220674763]
[791.4818095830772, 215.42185629547362, -0.023897194220674763]
[787.3498077422199, 215.52061834690943, -0.023897194220674763]
[783.2178059013627, 215.61938039834524, -0.023897194220674763]
[779.0858040605056, 215.71814244978106, -0.023897194220674763]
[774.9538022196483, 215.81690450121684, -0.023897194220674763]
[770.8218003787912, 215.91566655265265, -0.023897194220674763]
[766.6897985379339, 216.01442860408847, -0.023897194220674763]
[766.6897985379339, 216.01442860408847, -0.023897194220674933]
[759.8337956912399, 215.56012985819928, 0.15622957345262733]
[750.0695256276285, 214.02212868947046, 0.15622957345262634]
[740.3052555640172, 212.48412752074162, 0.15622957345262634]
[730.540985500406, 210.94612635201278, 0.15622957345262634]
[720.7767154367947, 209.40812518328391, 0.15622957345262634]
[711.0124453731835, 207.87012401455507, 0.15622957345262634]
[701.2481753095722, 206.33212284582623, 0.15622957345262634]
[691.4839052459608, 204.7941216770974, 0.15622957345262634]
[681.7196351823496, 203.25612050836855, 0.15622957345262634]
[671.9553651187383, 201.7181193396397, 0.15622957345262634]
[662.1910950551271, 200.18011817091087, 0.15622957345262634]
[652.4268249915158, 198.64211700218203, 0.15622957345262634]
[642.6625549279045, 197.1041158334532, 0.15622957345262634]
[632.8982848642933, 195.56611466472432, 0.15622957345262634]
[623.1340148006819, 194.02811349599548, 0.15622957345262634]
[613.3697447370706, 192.49011232726664, 0.15622957345262634]
[603.6054746734594, 190.9521111585378, 0.15622957345262634]
[593.8412046098481, 189.41410998980896, 0.15622957345262634]
[593.8412046098481, 189.41410998980894, 0.15622957345262733]
[579.7568390531732, 184.2077845238426, 0.5519194497736315]
[577.5052208619189, 182.82135220937027, 0.5519194497736314]
[575.2536026706648, 181.43491989489794, 0.5519194497736314]
[573.0019844794106, 180.04848758042561, 0.5519194497736314]
[570.7503662881564, 178.66205526595328, 0.5519194497736314]
[568.4987480969022, 177.27562295148095, 0.5519194497736314]
[566.2471299056481, 175.88919063700862, 0.5519194497736314]
[563.9955117143938, 174.5027583225363, 0.5519194497736314]
[561.7438935231396, 173.11632600806394, 0.5519194497736314]
[559.4922753318855, 171.7298936935916, 0.5519194497736314]
[557.2406571406312, 170.34346137911928, 0.5519194497736314]
[554.9890389493771, 168.95702906464695, 0.5519194497736314]
[552.7374207581229, 167.57059675017462, 0.5519194497736314]
[550.4858025668688, 166.1841644357023, 0.5519194497736314]
[548.2341843756145, 164.79773212122996, 0.5519194497736314]
[545.9825661843604, 163.41129980675763, 0.5519194497736314]
[543.7309479931062, 162.0248674922853, 0.5519194497736314]
[543.7309479931062, 162.02486749228532, 0.551919449773631]
[539.2163151964578, 159.64534683097534, 0.41821488211343993]
[534.4247704673745, 157.88889387818472, 0.28451031445324904]
[524.2813617794171, 154.92251525736674, 0.2845103144532499]
[514.1379530914598, 151.95613663654876, 0.2845103144532499]
[503.99454440350246, 148.98975801573079, 0.2845103144532499]
[493.85113571554507, 146.0233793949128, 0.2845103144532499]
[483.7077270275878, 143.05700077409483, 0.2845103144532499]
[473.5643183396304, 140.09062215327685, 0.2845103144532499]
[463.42090965167307, 137.12424353245888, 0.2845103144532499]
[453.27750096371574, 134.1578649116409, 0.2845103144532499]
[443.13409227575835, 131.19148629082292, 0.2845103144532499]
[432.990683587801, 128.22510767000497, 0.2845103144532499]
[422.8472748998437, 125.25872904918698, 0.2845103144532499]
[412.7038662118863, 122.292350428369, 0.2845103144532499]
[402.56045752392896, 119.32597180755104, 0.2845103144532499]
[392.4170488359716, 116.35959318673306, 0.2845103144532499]
[382.27364014801424, 113.39321456591509, 0.2845103144532499]
[372.1302314600569, 110.42683594509711, 0.2845103144532499]
[361.9868227720996, 107.46045732427913, 0.2845103144532499]
[351.8434140841422, 104.49407870346116, 0.2845103144532499]
[341.70000539618485, 101.52770008264318, 0.2845103144532499]
[326.9019362170585, 98.22539128233677, 0.21314861167391913]
[314.7451713106629, 95.59422584771556, 0.21314861167391913]
[302.58840640426723, 92.96306041309435, 0.21314861167391913]
[290.43164149787157, 90.33189497847316, 0.21314861167391913]
[278.2748765914759, 87.70072954385196, 0.21314861167391913]
[266.11811168508024, 85.06956410923075, 0.21314861167391913]
[253.96134677868463, 82.43839867460956, 0.21314861167391913]
[241.80458187228896, 79.80723323998836, 0.21314861167391913]
[229.6478169658933, 77.17606780536715, 0.21314861167391913]
[217.49105205949763, 74.54490237074596, 0.21314861167391913]
[205.334287153102, 71.91373693612475, 0.21314861167391913]
[193.17752224670636, 69.28257150150355, 0.21314861167391913]
[181.0207573403107, 66.65140606688234, 0.21314861167391913]
[168.86399243391503, 64.02024063226115, 0.21314861167391913]
[156.7072275275194, 61.38907519763995, 0.21314861167391913]
[144.55046262112373, 58.757909763018745, 0.21314861167391913]
[132.3936977147281, 56.12674432839755, 0.21314861167391913]
[120.23693280833243, 53.49557889377635, 0.21314861167391913]
[108.08016790193678, 50.864413459155145, 0.21314861167391913]
>>>> 
>>>> inputs
[40.0, 0.0, 0.19564394076263583]
[40.0, 0.0, 0.19564394076263583]
[40.0, 0.0, 0.19564394076263583]
[40.0, 0.0, 0.19564394076263583]
[40.0, 0.0, 0.19564394076263583]
[40.0, 0.0, 0.19564394076263583]
[40.0, 0.0, 0.19564394076263583]
[40.0, 0.0, 0.19564394076263583]
[40.0, 0.0, 0.19564394076263583]
[40.0, 0.0, 0.19564394076263583]
[40.0, 0.0, 0.19564394076263583]
[40.0, 0.0, 0.19564394076263583]
[40.0, 0.0, 0.19564394076263583]
[40.0, 0.0, 0.19564394076263583]
[40.0, 0.0, 0.19564394076263583]
[40.0, 0.0, 0.19564394076263583]
[40.0, 0.0, 0.19564394076263583]
[40.0, 0.0, 0.19564394076263583]
[40.0, 0.0, 0.19564394076263583]
[40.0, 0.0, 0.19564394076263583]
[40.0, 0.0, 0.08383420877622164]
[40.0, 0.0, 0.08383420877622164]
[40.0, 0.0, 0.08383420877622164]
[40.0, 0.0, 0.08383420877622164]
[40.0, 0.0, 0.08383420877622164]
[40.0, 0.0, 0.08383420877622164]
[40.0, 0.0, 0.08383420877622164]
[40.0, 0.0, 0.08383420877622164]
[40.0, 0.0, 0.08383420877622164]
[40.0, 0.0, 0.08383420877622164]
[40.0, 0.0, 0.08383420877622164]
[40.0, 0.0, 0.08383420877622164]
[40.0, 0.0, 0.08383420877622164]
[40.0, 0.0, 0.08383420877622164]
[40.0, 0.0, 0.08383420877622164]
[40.0, 0.0, 0.08383420877622164]
[40.0, 0.0, 0.08383420877622164]
[40.0, -0.8669840139434847, 0.08383420877622164]
[40.0, 0.0, 0.08383420877622164]
[40.0, 0.0, 0.08383420877622164]
[40.0, 0.0, 0.20864142795777746]
[40.0, 0.0, 0.20864142795777746]
[40.0, 0.0, 0.20864142795777746]
[40.0, 0.0, 0.20864142795777746]
[40.0, 0.0, 0.20864142795777746]
[40.0, 0.0, 0.20864142795777746]
[40.0, 0.0, 0.20864142795777746]
[40.0, 0.0, 0.20864142795777746]
[40.0, 0.0, 0.20864142795777746]
[40.0, 0.0, 0.20864142795777746]
[40.0, 0.0, 0.20864142795777746]
[40.0, 0.0, 0.20864142795777746]
[40.0, 0.0, 0.20864142795777746]
[40.0, 0.8669840139434847, 0.20864142795777746]
[40.0, 0.8669840139434847, 0.20864142795777746]
[40.0, 0.8669840139434847, 0.20864142795777746]
[40.0, 0.8669840139434847, 0.20864142795777746]
[40.0, 0.0, 0.20864142795777746]
[40.0, 0.0, 0.20864142795777746]
[40.0, 0.0, 0.20864142795777746]
[40.0, 0.0, 0.09643053639337532]
[40.0, 0.0, 0.09643053639337532]
[40.0, 0.0, 0.09643053639337532]
[40.0, 0.0, 0.09643053639337532]
[40.0, 0.0, 0.09643053639337532]
[40.0, 0.0, 0.09643053639337532]
[40.0, 0.0, 0.09643053639337532]
[40.0, 0.0, 0.09643053639337532]
[40.0, 0.0, 0.09643053639337532]
[40.0, 0.0, 0.09643053639337532]
[40.0, 0.0, 0.09643053639337532]
[40.0, 0.0, 0.09643053639337532]
[40.0, 0.0, 0.09643053639337532]
[40.0, 0.0, 0.09643053639337532]
[40.0, -0.8669840139434847, 0.09643053639337532]
[40.0, -0.8669840139434847, 0.09643053639337532]
[40.0, 0.0, 0.09643053639337532]
[40.0, 0.0, 0.09643053639337532]
[40.0, 0.0, 0.09643053639337532]
[40.0, 0.0, 0.09643053639337532]
[40.0, 0.0, 0.22894173264925727]
[40.0, 0.0, 0.22894173264925727]
[40.0, 0.0, 0.22894173264925727]
[40.0, 0.0, 0.22894173264925727]
[40.0, 0.0, 0.22894173264925727]
[40.0, 0.0, 0.22894173264925727]
[40.0, 0.0, 0.22894173264925727]
[40.0, 0.0, 0.22894173264925727]
[40.0, 0.0, 0.22894173264925727]
[40.0, 0.0, 0.22894173264925727]
[40.0, 0.0, 0.22894173264925727]
[40.0, 0.0, 0.22894173264925727]
[40.0, 0.0, 0.22894173264925727]
[40.0, -0.8669840139434847, 0.22894173264925727]
[40.0, -0.8669840139434847, 0.22894173264925727]
[40.0, 0.0, 0.22894173264925727]
[40.0, 0.0, 0.22894173264925727]
[40.0, 0.0, 0.22894173264925727]
[40.0, 0.0, 0.22894173264925727]
[40.0, 0.0, 0.22894173264925727]
[40.0, 0.0, 0.06565254687365912]
[40.0, 0.0, 0.06565254687365912]
[40.0, 0.0, 0.06565254687365912]
[40.0, 0.0, 0.06565254687365912]
[40.0, 0.0, 0.06565254687365912]
[40.0, 0.0, 0.06565254687365912]
[40.0, 0.0, 0.06565254687365912]
[40.0, 0.0, 0.06565254687365912]
[40.0, 0.0, 0.06565254687365912]
[40.0, 0.0, 0.06565254687365912]
[40.0, 0.0, 0.06565254687365912]
[40.0, 0.8669840139434847, 0.06565254687365912]
[40.0, 0.8669840139434847, 0.06565254687365912]
[40.0, 0.8669840139434847, 0.06565254687365912]
[40.0, 0.0, 0.06565254687365912]
[40.0, 0.0, 0.06565254687365912]
[40.0, 0.0, 0.06565254687365912]
[40.0, 0.0, 0.06565254687365912]
[40.0, 0.0, 0.06565254687365912]
[40.0, 0.0, 0.06565254687365912]
[40.0, 0.0, 0.25440347061154456]
[40.0, 0.0, 0.25440347061154456]
[40.0, 0.0, 0.25440347061154456]
[40.0, 0.0, 0.25440347061154456]
[40.0, 0.0, 0.25440347061154456]
[40.0, 0.0, 0.25440347061154456]
[40.0, 0.0, 0.25440347061154456]
[40.0, 0.0, 0.25440347061154456]
[40.0, 0.0, 0.25440347061154456]
[40.0, 0.0, 0.25440347061154456]
[40.0, 0.0, 0.25440347061154456]
[40.0, 0.0, 0.25440347061154456]
[40.0, 0.0, 0.25440347061154456]
[40.0, 0.0, 0.25440347061154456]
[40.0, 0.0, 0.25440347061154456]
[40.0, 0.0, 0.25440347061154456]
[40.0, 0.0, 0.25440347061154456]
[40.0, 0.0, 0.25440347061154456]
[40.0, 0.0, 0.25440347061154456]
[40.0, 0.0, 0.25440347061154456]
[40.0, 0.0, 0.30558543998127496]
[40.0, 0.0, 0.30558543998127496]
[40.0, 0.0, 0.30558543998127496]
[40.0, 0.0, 0.30558543998127496]
[40.0, 0.0, 0.30558543998127496]
[40.0, 0.0, 0.30558543998127496]
[40.0, 0.0, 0.30558543998127496]
[40.0, 0.0, 0.30558543998127496]
[40.0, 0.0, 0.30558543998127496]
[40.0, 0.0, 0.30558543998127496]
[40.0, 0.0, 0.30558543998127496]
[40.0, 0.0, 0.30558543998127496]
>>>> 
----------------------------
Path number   : 2
Path length   : 1141.7105263005244
Time required : 26.87522315979004 s
>>>> Nodes
[1091.6070183040756, 491.83399763290544, 0.8945196225499369]
[1086.8875097269563, 485.9531494472342, 0.8945196225499369]
[1082.168001149837, 480.072301261563, 0.8945196225499369]
[1077.4484925727174, 474.1914530758918, 0.8945196225499369]
[1072.7289839955981, 468.31060489022053, 0.8945196225499369]
[1068.0094754184788, 462.4297567045493, 0.8945196225499369]
[1063.2899668413595, 456.5489085188781, 0.8945196225499369]
[1058.5704582642402, 450.6680603332069, 0.8945196225499369]
[1053.8509496871209, 444.7872121475356, 0.8945196225499369]
[1049.1314411100016, 438.9063639618644, 0.8945196225499369]
[1044.411932532882, 433.0255157761932, 0.8945196225499369]
[1039.6924239557627, 427.1446675905219, 0.8945196225499369]
[1034.9729153786434, 421.2638194048507, 0.8945196225499369]
[1030.253406801524, 415.38297121917947, 0.8945196225499369]
[1025.5338982244048, 409.50212303350827, 0.8945196225499369]
[1020.8143896472853, 403.621274847837, 0.8945196225499369]
[1016.094881070166, 397.7404266621658, 0.8945196225499369]
[1011.3753724930467, 391.85957847649456, 0.8945196225499369]
[1006.6558639159273, 385.97873029082336, 0.8945196225499369]
[1001.936355338808, 380.0978821051521, 0.8945196225499369]
[997.0230370249905, 374.79968400120464, 0.7989418972592773]
[994.5272187813327, 372.23532791234703, 0.7989418972592773]
[992.031400537675, 369.6709718234894, 0.7989418972592773]
[989.5355822940173, 367.1066157346318, 0.7989418972592773]
[987.0397640503597, 364.5422596457742, 0.7989418972592773]
[984.543945806702, 361.9779035569166, 0.7989418972592773]
[982.0481275630443, 359.413547468059, 0.7989418972592773]
[979.5523093193866, 356.8491913792014, 0.7989418972592773]
[977.0564910757289, 354.28483529034384, 0.7989418972592773]
[974.5606728320712, 351.7204792014862, 0.7989418972592773]
[972.0648545884135, 349.1561231126286, 0.7989418972592773]
[969.5690363447558, 346.591767023771, 0.7989418972592773]
[967.0732181010981, 344.0274109349134, 0.7989418972592773]
[964.5773998574405, 341.4630548460558, 0.7989418972592773]
[962.0815816137828, 338.8986987571982, 0.7989418972592773]
[959.585763370125, 336.3343426683406, 0.7989418972592773]
[957.0899451264673, 333.769986579483, 0.7989418972592773]
[954.5941268828096, 331.20563049062537, 0.7989418972592773]
[952.8093270121935, 329.23948075155874, 0.868474636814573]
[947.0889824694058, 322.47996132993154, 0.8684746368145736]
[941.3686379266181, 315.72044190830434, 0.8684746368145736]
[935.6482933838304, 308.96092248667713, 0.8684746368145736]
[929.9279488410426, 302.20140306504993, 0.8684746368145736]
[924.207604298255, 295.44188364342267, 0.8684746368145736]
[918.4872597554672, 288.68236422179547, 0.8684746368145736]
[912.7669152126795, 281.92284480016826, 0.8684746368145736]
[907.0465706698918, 275.16332537854106, 0.8684746368145736]
[901.3262261271041, 268.40380595691386, 0.8684746368145736]
[895.6058815843163, 261.64428653528665, 0.8684746368145736]
[889.8855370415287, 254.88476711365942, 0.8684746368145736]
[884.1651924987409, 248.12524769203222, 0.8684746368145736]
[878.4448479559532, 241.36572827040501, 0.8684746368145736]
[872.7245034131655, 234.60620884877778, 0.8684746368145736]
[867.0041588703778, 227.84668942715058, 0.8684746368145736]
[867.0041588703778, 227.84668942715058, 0.8684746368145736]
[858.491680293605, 220.38449230700152, 0.571017359802824]
[848.1659326102185, 215.74492205114615, 0.27356008279107447]
[836.9338298325063, 214.33547372967976, -0.023897194220675155]
[832.801827991649, 214.43423578111558, -0.023897194220674763]
[828.6698261507919, 214.5329978325514, -0.023897194220674763]
[824.5378243099346, 214.63175988398717, -0.023897194220674763]
[820.4058224690775, 214.73052193542298, -0.023897194220674763]
[816.2738206282203, 214.8292839868588, -0.023897194220674763]
[812.141818787363, 214.9280460382946, -0.023897194220674763]
[808.0098169465059, 215.0268080897304, -0.023897194220674763]
[803.8778151056487, 215.1255701411662, -0.023897194220674763]
[799.7458132647915, 215.22433219260202, -0.023897194220674763]
[795.6138114239343, 215.32309424403783, -0.023897194220674763]
[791.4818095830772, 215.42185629547362, -0.023897194220674763]
[787.3498077422199, 215.52061834690943, -0.023897194220674763]
[783.2178059013627, 215.61938039834524, -0.023897194220674763]
[779.0858040605056, 215.71814244978106, -0.023897194220674763]
[774.9538022196483, 215.81690450121684, -0.023897194220674763]
[770.8218003787912, 215.91566655265265, -0.023897194220674763]
[766.6897985379339, 216.01442860408847, -0.023897194220674763]
[766.6897985379339, 216.01442860408847, -0.023897194220674933]
[759.8337956912399, 215.56012985819928, 0.15622957345262733]
[750.0695256276285, 214.02212868947046, 0.15622957345262634]
[740.3052555640172, 212.48412752074162, 0.15622957345262634]
[730.540985500406, 210.94612635201278, 0.15622957345262634]
[720.7767154367947, 209.40812518328391, 0.15622957345262634]
[711.0124453731835, 207.87012401455507, 0.15622957345262634]
[701.2481753095722, 206.33212284582623, 0.15622957345262634]
[691.4839052459608, 204.7941216770974, 0.15622957345262634]
[681.7196351823496, 203.25612050836855, 0.15622957345262634]
[671.9553651187383, 201.7181193396397, 0.15622957345262634]
[662.1910950551271, 200.18011817091087, 0.15622957345262634]
[652.4268249915158, 198.64211700218203, 0.15622957345262634]
[642.6625549279045, 197.1041158334532, 0.15622957345262634]
[632.8982848642933, 195.56611466472432, 0.15622957345262634]
[623.1340148006819, 194.02811349599548, 0.15622957345262634]
[613.3697447370706, 192.49011232726664, 0.15622957345262634]
[603.6054746734594, 190.9521111585378, 0.15622957345262634]
[593.8412046098481, 189.41410998980896, 0.15622957345262634]
[593.8412046098481, 189.41410998980894, 0.15622957345262733]
[579.7568390531732, 184.2077845238426, 0.5519194497736315]
[577.5052208619189, 182.82135220937027, 0.5519194497736314]
[575.2536026706648, 181.43491989489794, 0.5519194497736314]
[573.0019844794106, 180.04848758042561, 0.5519194497736314]
[570.7503662881564, 178.66205526595328, 0.5519194497736314]
[568.4987480969022, 177.27562295148095, 0.5519194497736314]
[566.2471299056481, 175.88919063700862, 0.5519194497736314]
[563.9955117143938, 174.5027583225363, 0.5519194497736314]
[561.7438935231396, 173.11632600806394, 0.5519194497736314]
[559.4922753318855, 171.7298936935916, 0.5519194497736314]
[557.2406571406312, 170.34346137911928, 0.5519194497736314]
[554.9890389493771, 168.95702906464695, 0.5519194497736314]
[552.7374207581229, 167.57059675017462, 0.5519194497736314]
[550.4858025668688, 166.1841644357023, 0.5519194497736314]
[548.2341843756145, 164.79773212122996, 0.5519194497736314]
[545.9825661843604, 163.41129980675763, 0.5519194497736314]
[543.7309479931062, 162.0248674922853, 0.5519194497736314]
[543.7309479931062, 162.02486749228532, 0.551919449773631]
[539.2163151964578, 159.64534683097534, 0.41821488211343993]
[534.4247704673745, 157.88889387818472, 0.28451031445324904]
[524.2813617794171, 154.92251525736674, 0.2845103144532499]
[514.1379530914598, 151.95613663654876, 0.2845103144532499]
[503.99454440350246, 148.98975801573079, 0.2845103144532499]
[493.85113571554507, 146.0233793949128, 0.2845103144532499]
[483.7077270275878, 143.05700077409483, 0.2845103144532499]
[473.5643183396304, 140.09062215327685, 0.2845103144532499]
[463.42090965167307, 137.12424353245888, 0.2845103144532499]
[453.27750096371574, 134.1578649116409, 0.2845103144532499]
[443.13409227575835, 131.19148629082292, 0.2845103144532499]
[432.990683587801, 128.22510767000497, 0.2845103144532499]
[422.8472748998437, 125.25872904918698, 0.2845103144532499]
[412.7038662118863, 122.292350428369, 0.2845103144532499]
[402.56045752392896, 119.32597180755104, 0.2845103144532499]
[392.4170488359716, 116.35959318673306, 0.2845103144532499]
[382.27364014801424, 113.39321456591509, 0.2845103144532499]
[372.1302314600569, 110.42683594509711, 0.2845103144532499]
[361.9868227720996, 107.46045732427913, 0.2845103144532499]
[351.8434140841422, 104.49407870346116, 0.2845103144532499]
[341.70000539618485, 101.52770008264318, 0.2845103144532499]
[326.9019362170585, 98.22539128233677, 0.21314861167391913]
[314.7451713106629, 95.59422584771556, 0.21314861167391913]
[302.58840640426723, 92.96306041309435, 0.21314861167391913]
[290.43164149787157, 90.33189497847316, 0.21314861167391913]
[278.2748765914759, 87.70072954385196, 0.21314861167391913]
[266.11811168508024, 85.06956410923075, 0.21314861167391913]
[253.96134677868463, 82.43839867460956, 0.21314861167391913]
[241.80458187228896, 79.80723323998836, 0.21314861167391913]
[229.6478169658933, 77.17606780536715, 0.21314861167391913]
[217.49105205949763, 74.54490237074596, 0.21314861167391913]
[205.334287153102, 71.91373693612475, 0.21314861167391913]
[193.17752224670636, 69.28257150150355, 0.21314861167391913]
[181.0207573403107, 66.65140606688234, 0.21314861167391913]
[168.86399243391503, 64.02024063226115, 0.21314861167391913]
[156.7072275275194, 61.38907519763995, 0.21314861167391913]
[144.55046262112373, 58.757909763018745, 0.21314861167391913]
[132.3936977147281, 56.12674432839755, 0.21314861167391913]
[120.23693280833243, 53.49557889377635, 0.21314861167391913]
[108.08016790193678, 50.864413459155145, 0.21314861167391913]
>>>> 
>>>> inputs
[40.0, 0.0, 0.1836487946325451]
[40.0, 0.0, 0.1836487946325451]
[40.0, 0.0, 0.1836487946325451]
[40.0, 0.0, 0.1836487946325451]
[40.0, 0.0, 0.1836487946325451]
[40.0, 0.0, 0.1836487946325451]
[40.0, 0.0, 0.1836487946325451]
[40.0, 0.0, 0.1836487946325451]
[40.0, 0.0, 0.1836487946325451]
[40.0, 0.0, 0.1836487946325451]
[40.0, 0.0, 0.1836487946325451]
[40.0, 0.0, 0.1836487946325451]
[40.0, 0.0, 0.1836487946325451]
[40.0, 0.0, 0.1836487946325451]
[40.0, 0.0, 0.1836487946325451]
[40.0, 0.0, 0.1836487946325451]
[40.0, 0.0, 0.1836487946325451]
[40.0, 0.0, 0.1836487946325451]
[40.0, 0.0, 0.1836487946325451]
[40.0, 0.0, 0.1836487946325451]
[40.0, 0.0, 0.08383420877622164]
[40.0, 0.0, 0.08383420877622164]
[40.0, 0.0, 0.08383420877622164]
[40.0, 0.0, 0.08383420877622164]
[40.0, 0.0, 0.08383420877622164]
[40.0, 0.0, 0.08383420877622164]
[40.0, 0.0, 0.08383420877622164]
[40.0, 0.0, 0.08383420877622164]
[40.0, 0.0, 0.08383420877622164]
[40.0, 0.0, 0.08383420877622164]
[40.0, 0.0, 0.08383420877622164]
[40.0, 0.0, 0.08383420877622164]
[40.0, 0.0, 0.08383420877622164]
[40.0, 0.0, 0.08383420877622164]
[40.0, 0.0, 0.08383420877622164]
[40.0, 0.0, 0.08383420877622164]
[40.0, 0.0, 0.08383420877622164]
[40.0, -0.8669840139434847, 0.08383420877622164]
[40.0, 0.0, 0.08383420877622164]
[40.0, 0.0, 0.08383420877622164]
[40.0, 0.0, 0.20864142795777746]
[40.0, 0.0, 0.20864142795777746]
[40.0, 0.0, 0.20864142795777746]
[40.0, 0.0, 0.20864142795777746]
[40.0, 0.0, 0.20864142795777746]
[40.0, 0.0, 0.20864142795777746]
[40.0, 0.0, 0.20864142795777746]
[40.0, 0.0, 0.20864142795777746]
[40.0, 0.0, 0.20864142795777746]
[40.0, 0.0, 0.20864142795777746]
[40.0, 0.0, 0.20864142795777746]
[40.0, 0.0, 0.20864142795777746]
[40.0, 0.0, 0.20864142795777746]
[40.0, 0.8669840139434847, 0.20864142795777746]
[40.0, 0.8669840139434847, 0.20864142795777746]
[40.0, 0.8669840139434847, 0.20864142795777746]
[40.0, 0.8669840139434847, 0.20864142795777746]
[40.0, 0.0, 0.20864142795777746]
[40.0, 0.0, 0.20864142795777746]
[40.0, 0.0, 0.20864142795777746]
[40.0, 0.0, 0.09643053639337532]
[40.0, 0.0, 0.09643053639337532]
[40.0, 0.0, 0.09643053639337532]
[40.0, 0.0, 0.09643053639337532]
[40.0, 0.0, 0.09643053639337532]
[40.0, 0.0, 0.09643053639337532]
[40.0, 0.0, 0.09643053639337532]
[40.0, 0.0, 0.09643053639337532]
[40.0, 0.0, 0.09643053639337532]
[40.0, 0.0, 0.09643053639337532]
[40.0, 0.0, 0.09643053639337532]
[40.0, 0.0, 0.09643053639337532]
[40.0, 0.0, 0.09643053639337532]
[40.0, 0.0, 0.09643053639337532]
[40.0, -0.8669840139434847, 0.09643053639337532]
[40.0, -0.8669840139434847, 0.09643053639337532]
[40.0, 0.0, 0.09643053639337532]
[40.0, 0.0, 0.09643053639337532]
[40.0, 0.0, 0.09643053639337532]
[40.0, 0.0, 0.09643053639337532]
[40.0, 0.0, 0.22894173264925727]
[40.0, 0.0, 0.22894173264925727]
[40.0, 0.0, 0.22894173264925727]
[40.0, 0.0, 0.22894173264925727]
[40.0, 0.0, 0.22894173264925727]
[40.0, 0.0, 0.22894173264925727]
[40.0, 0.0, 0.22894173264925727]
[40.0, 0.0, 0.22894173264925727]
[40.0, 0.0, 0.22894173264925727]
[40.0, 0.0, 0.22894173264925727]
[40.0, 0.0, 0.22894173264925727]
[40.0, 0.0, 0.22894173264925727]
[40.0, 0.0, 0.22894173264925727]
[40.0, -0.8669840139434847, 0.22894173264925727]
[40.0, -0.8669840139434847, 0.22894173264925727]
[40.0, 0.0, 0.22894173264925727]
[40.0, 0.0, 0.22894173264925727]
[40.0, 0.0, 0.22894173264925727]
[40.0, 0.0, 0.22894173264925727]
[40.0, 0.0, 0.22894173264925727]
[40.0, 0.0, 0.06565254687365912]
[40.0, 0.0, 0.06565254687365912]
[40.0, 0.0, 0.06565254687365912]
[40.0, 0.0, 0.06565254687365912]
[40.0, 0.0, 0.06565254687365912]
[40.0, 0.0, 0.06565254687365912]
[40.0, 0.0, 0.06565254687365912]
[40.0, 0.0, 0.06565254687365912]
[40.0, 0.0, 0.06565254687365912]
[40.0, 0.0, 0.06565254687365912]
[40.0, 0.0, 0.06565254687365912]
[40.0, 0.8669840139434847, 0.06565254687365912]
[40.0, 0.8669840139434847, 0.06565254687365912]
[40.0, 0.8669840139434847, 0.06565254687365912]
[40.0, 0.0, 0.06565254687365912]
[40.0, 0.0, 0.06565254687365912]
[40.0, 0.0, 0.06565254687365912]
[40.0, 0.0, 0.06565254687365912]
[40.0, 0.0, 0.06565254687365912]
[40.0, 0.0, 0.06565254687365912]
[40.0, 0.0, 0.25440347061154456]
[40.0, 0.0, 0.25440347061154456]
[40.0, 0.0, 0.25440347061154456]
[40.0, 0.0, 0.25440347061154456]
[40.0, 0.0, 0.25440347061154456]
[40.0, 0.0, 0.25440347061154456]
[40.0, 0.0, 0.25440347061154456]
[40.0, 0.0, 0.25440347061154456]
[40.0, 0.0, 0.25440347061154456]
[40.0, 0.0, 0.25440347061154456]
[40.0, 0.0, 0.25440347061154456]
[40.0, 0.0, 0.25440347061154456]
[40.0, 0.0, 0.25440347061154456]
[40.0, 0.0, 0.25440347061154456]
[40.0, 0.0, 0.25440347061154456]
[40.0, 0.0, 0.25440347061154456]
[40.0, 0.0, 0.25440347061154456]
[40.0, 0.0, 0.25440347061154456]
[40.0, 0.0, 0.25440347061154456]
[40.0, 0.0, 0.25440347061154456]
[40.0, 0.0, 0.30558543998127496]
[40.0, 0.0, 0.30558543998127496]
[40.0, 0.0, 0.30558543998127496]
[40.0, 0.0, 0.30558543998127496]
[40.0, 0.0, 0.30558543998127496]
[40.0, 0.0, 0.30558543998127496]
[40.0, 0.0, 0.30558543998127496]
[40.0, 0.0, 0.30558543998127496]
[40.0, 0.0, 0.30558543998127496]
[40.0, 0.0, 0.30558543998127496]
[40.0, 0.0, 0.30558543998127496]
[40.0, 0.0, 0.30558543998127496]
>>>> 
----------------------------
Path number   : 3
Path length   : 1138.0858652485297
Time required : 39.032363176345825 s
>>>> Nodes
[1086.4828046233433, 491.2383093247581, 0.920564101874844]
[1082.0652273786013, 485.430070698488, 0.920564101874844]
[1077.6476501338595, 479.6218320722179, 0.920564101874844]
[1073.2300728891175, 473.8135934459478, 0.920564101874844]
[1068.8124956443758, 468.0053548196777, 0.920564101874844]
[1064.3949183996338, 462.19711619340757, 0.920564101874844]
[1059.9773411548917, 456.38887756713746, 0.920564101874844]
[1055.55976391015, 450.58063894086735, 0.920564101874844]
[1051.142186665408, 444.77240031459723, 0.920564101874844]
[1046.7246094206662, 438.9641616883271, 0.920564101874844]
[1042.3070321759242, 433.155923062057, 0.920564101874844]
[1037.8894549311822, 427.3476844357869, 0.920564101874844]
[1033.4718776864404, 421.5394458095168, 0.920564101874844]
[1029.0543004416984, 415.7312071832467, 0.920564101874844]
[1024.6367231969566, 409.92296855697657, 0.920564101874844]
[1020.2191459522146, 404.11472993070646, 0.920564101874844]
[1015.8015687074727, 398.30649130443635, 0.920564101874844]
[1011.3839914627307, 392.49825267816624, 0.920564101874844]
[1006.9664142179888, 386.6900140518961, 0.920564101874844]
[1002.5488369732469, 380.881775425626, 0.920564101874844]
[997.0230370249905, 374.79968400120464, 0.7989418972592773]
[994.5272187813327, 372.23532791234703, 0.7989418972592773]
[992.031400537675, 369.6709718234894, 0.7989418972592773]
[989.5355822940173, 367.1066157346318, 0.7989418972592773]
[987.0397640503597, 364.5422596457742, 0.7989418972592773]
[984.543945806702, 361.9779035569166, 0.7989418972592773]
[982.0481275630443, 359.413547468059, 0.7989418972592773]
[979.5523093193866, 356.8491913792014, 0.7989418972592773]
[977.0564910757289, 354.28483529034384, 0.7989418972592773]
[974.5606728320712, 351.7204792014862, 0.7989418972592773]
[972.0648545884135, 349.1561231126286, 0.7989418972592773]
[969.5690363447558, 346.591767023771, 0.7989418972592773]
[967.0732181010981, 344.0274109349134, 0.7989418972592773]
[964.5773998574405, 341.4630548460558, 0.7989418972592773]
[962.0815816137828, 338.8986987571982, 0.7989418972592773]
[959.585763370125, 336.3343426683406, 0.7989418972592773]
[957.0899451264673, 333.769986579483, 0.7989418972592773]
[954.5941268828096, 331.20563049062537, 0.7989418972592773]
[952.8093270121935, 329.23948075155874, 0.868474636814573]
[947.0889824694058, 322.47996132993154, 0.8684746368145736]
[941.3686379266181, 315.72044190830434, 0.8684746368145736]
[935.6482933838304, 308.96092248667713, 0.8684746368145736]
[929.9279488410426, 302.20140306504993, 0.8684746368145736]
[924.207604298255, 295.44188364342267, 0.8684746368145736]
[918.4872597554672, 288.68236422179547, 0.8684746368145736]
[912.7669152126795, 281.92284480016826, 0.8684746368145736]
[907.0465706698918, 275.16332537854106, 0.8684746368145736]
[901.3262261271041, 268.40380595691386, 0.8684746368145736]
[895.6058815843163, 261.64428653528665, 0.8684746368145736]
[889.8855370415287, 254.88476711365942, 0.8684746368145736]
[884.1651924987409, 248.12524769203222, 0.8684746368145736]
[878.4448479559532, 241.36572827040501, 0.8684746368145736]
[872.7245034131655, 234.60620884877778, 0.8684746368145736]
[867.0041588703778, 227.84668942715058, 0.8684746368145736]
[867.0041588703778, 227.84668942715058, 0.8684746368145736]
[858.491680293605, 220.38449230700152, 0.571017359802824]
[848.1659326102185, 215.74492205114615, 0.27356008279107447]
[836.9338298325063, 214.33547372967976, -0.023897194220675155]
[832.801827991649, 214.43423578111558, -0.023897194220674763]
[828.6698261507919, 214.5329978325514, -0.023897194220674763]
[824.5378243099346, 214.63175988398717, -0.023897194220674763]
[820.4058224690775, 214.73052193542298, -0.023897194220674763]
[816.2738206282203, 214.8292839868588, -0.023897194220674763]
[812.141818787363, 214.9280460382946, -0.023897194220674763]
[808.0098169465059, 215.0268080897304, -0.023897194220674763]
[803.8778151056487, 215.1255701411662, -0.023897194220674763]
[799.7458132647915, 215.22433219260202, -0.023897194220674763]
[795.6138114239343, 215.32309424403783, -0.023897194220674763]
[791.4818095830772, 215.42185629547362, -0.023897194220674763]
[787.3498077422199, 215.52061834690943, -0.023897194220674763]
[783.2178059013627, 215.61938039834524, -0.023897194220674763]
[779.0858040605056, 215.71814244978106, -0.023897194220674763]
[774.9538022196483, 215.81690450121684, -0.023897194220674763]
[770.8218003787912, 215.91566655265265, -0.023897194220674763]
[766.6897985379339, 216.01442860408847, -0.023897194220674763]
[766.6897985379339, 216.01442860408847, -0.023897194220674933]
[759.8337956912399, 215.56012985819928, 0.15622957345262733]
[750.0695256276285, 214.02212868947046, 0.15622957345262634]
[740.3052555640172, 212.48412752074162, 0.15622957345262634]
[730.540985500406, 210.94612635201278, 0.15622957345262634]
[720.7767154367947, 209.40812518328391, 0.15622957345262634]
[711.0124453731835, 207.87012401455507, 0.15622957345262634]
[701.2481753095722, 206.33212284582623, 0.15622957345262634]
[691.4839052459608, 204.7941216770974, 0.15622957345262634]
[681.7196351823496, 203.25612050836855, 0.15622957345262634]
[671.9553651187383, 201.7181193396397, 0.15622957345262634]
[662.1910950551271, 200.18011817091087, 0.15622957345262634]
[652.4268249915158, 198.64211700218203, 0.15622957345262634]
[642.6625549279045, 197.1041158334532, 0.15622957345262634]
[632.8982848642933, 195.56611466472432, 0.15622957345262634]
[623.1340148006819, 194.02811349599548, 0.15622957345262634]
[613.3697447370706, 192.49011232726664, 0.15622957345262634]
[603.6054746734594, 190.9521111585378, 0.15622957345262634]
[593.8412046098481, 189.41410998980896, 0.15622957345262634]
[593.8412046098481, 189.41410998980894, 0.15622957345262733]
[579.7568390531732, 184.2077845238426, 0.5519194497736315]
[577.5052208619189, 182.82135220937027, 0.5519194497736314]
[575.2536026706648, 181.43491989489794, 0.5519194497736314]
[573.0019844794106, 180.04848758042561, 0.5519194497736314]
[570.7503662881564, 178.66205526595328, 0.5519194497736314]
[568.4987480969022, 177.27562295148095, 0.5519194497736314]
[566.2471299056481, 175.88919063700862, 0.5519194497736314]
[563.9955117143938, 174.5027583225363, 0.5519194497736314]
[561.7438935231396, 173.11632600806394, 0.5519194497736314]
[559.4922753318855, 171.7298936935916, 0.5519194497736314]
[557.2406571406312, 170.34346137911928, 0.5519194497736314]
[554.9890389493771, 168.95702906464695, 0.5519194497736314]
[552.7374207581229, 167.57059675017462, 0.5519194497736314]
[550.4858025668688, 166.1841644357023, 0.5519194497736314]
[548.2341843756145, 164.79773212122996, 0.5519194497736314]
[545.9825661843604, 163.41129980675763, 0.5519194497736314]
[543.7309479931062, 162.0248674922853, 0.5519194497736314]
[543.7309479931062, 162.02486749228532, 0.551919449773631]
[539.2163151964578, 159.64534683097534, 0.41821488211343993]
[534.4247704673745, 157.88889387818472, 0.28451031445324904]
[524.2813617794171, 154.92251525736674, 0.2845103144532499]
[514.1379530914598, 151.95613663654876, 0.2845103144532499]
[503.99454440350246, 148.98975801573079, 0.2845103144532499]
[493.85113571554507, 146.0233793949128, 0.2845103144532499]
[483.7077270275878, 143.05700077409483, 0.2845103144532499]
[473.5643183396304, 140.09062215327685, 0.2845103144532499]
[463.42090965167307, 137.12424353245888, 0.2845103144532499]
[453.27750096371574, 134.1578649116409, 0.2845103144532499]
[443.13409227575835, 131.19148629082292, 0.2845103144532499]
[432.990683587801, 128.22510767000497, 0.2845103144532499]
[422.8472748998437, 125.25872904918698, 0.2845103144532499]
[412.7038662118863, 122.292350428369, 0.2845103144532499]
[402.56045752392896, 119.32597180755104, 0.2845103144532499]
[392.4170488359716, 116.35959318673306, 0.2845103144532499]
[382.27364014801424, 113.39321456591509, 0.2845103144532499]
[372.1302314600569, 110.42683594509711, 0.2845103144532499]
[361.9868227720996, 107.46045732427913, 0.2845103144532499]
[351.8434140841422, 104.49407870346116, 0.2845103144532499]
[341.70000539618485, 101.52770008264318, 0.2845103144532499]
[326.9019362170585, 98.22539128233677, 0.21314861167391913]
[314.7451713106629, 95.59422584771556, 0.21314861167391913]
[302.58840640426723, 92.96306041309435, 0.21314861167391913]
[290.43164149787157, 90.33189497847316, 0.21314861167391913]
[278.2748765914759, 87.70072954385196, 0.21314861167391913]
[266.11811168508024, 85.06956410923075, 0.21314861167391913]
[253.96134677868463, 82.43839867460956, 0.21314861167391913]
[241.80458187228896, 79.80723323998836, 0.21314861167391913]
[229.6478169658933, 77.17606780536715, 0.21314861167391913]
[217.49105205949763, 74.54490237074596, 0.21314861167391913]
[205.334287153102, 71.91373693612475, 0.21314861167391913]
[193.17752224670636, 69.28257150150355, 0.21314861167391913]
[181.0207573403107, 66.65140606688234, 0.21314861167391913]
[168.86399243391503, 64.02024063226115, 0.21314861167391913]
[156.7072275275194, 61.38907519763995, 0.21314861167391913]
[144.55046262112373, 58.757909763018745, 0.21314861167391913]
[132.3936977147281, 56.12674432839755, 0.21314861167391913]
[120.23693280833243, 53.49557889377635, 0.21314861167391913]
[108.08016790193678, 50.864413459155145, 0.21314861167391913]
>>>> 
>>>> inputs
[40.0, 0.0, 0.1791179683175518]
[40.0, 0.0, 0.1791179683175518]
[40.0, 0.0, 0.1791179683175518]
[40.0, 0.0, 0.1791179683175518]
[40.0, 0.0, 0.1791179683175518]
[40.0, 0.0, 0.1791179683175518]
[40.0, 0.0, 0.1791179683175518]
[40.0, 0.0, 0.1791179683175518]
[40.0, 0.0, 0.1791179683175518]
[40.0, 0.0, 0.1791179683175518]
[40.0, 0.0, 0.1791179683175518]
[40.0, 0.0, 0.1791179683175518]
[40.0, 0.0, 0.1791179683175518]
[40.0, 0.0, 0.1791179683175518]
[40.0, 0.0, 0.1791179683175518]
[40.0, 0.0, 0.1791179683175518]
[40.0, 0.0, 0.1791179683175518]
[40.0, 0.0, 0.1791179683175518]
[40.0, 0.0, 0.1791179683175518]
[40.0, 0.0, 0.1791179683175518]
[40.0, 0.0, 0.08383420877622164]
[40.0, 0.0, 0.08383420877622164]
[40.0, 0.0, 0.08383420877622164]
[40.0, 0.0, 0.08383420877622164]
[40.0, 0.0, 0.08383420877622164]
[40.0, 0.0, 0.08383420877622164]
[40.0, 0.0, 0.08383420877622164]
[40.0, 0.0, 0.08383420877622164]
[40.0, 0.0, 0.08383420877622164]
[40.0, 0.0, 0.08383420877622164]
[40.0, 0.0, 0.08383420877622164]
[40.0, 0.0, 0.08383420877622164]
[40.0, 0.0, 0.08383420877622164]
[40.0, 0.0, 0.08383420877622164]
[40.0, 0.0, 0.08383420877622164]
[40.0, 0.0, 0.08383420877622164]
[40.0, 0.0, 0.08383420877622164]
[40.0, -0.8669840139434847, 0.08383420877622164]
[40.0, 0.0, 0.08383420877622164]
[40.0, 0.0, 0.08383420877622164]
[40.0, 0.0, 0.20864142795777746]
[40.0, 0.0, 0.20864142795777746]
[40.0, 0.0, 0.20864142795777746]
[40.0, 0.0, 0.20864142795777746]
[40.0, 0.0, 0.20864142795777746]
[40.0, 0.0, 0.20864142795777746]
[40.0, 0.0, 0.20864142795777746]
[40.0, 0.0, 0.20864142795777746]
[40.0, 0.0, 0.20864142795777746]
[40.0, 0.0, 0.20864142795777746]
[40.0, 0.0, 0.20864142795777746]
[40.0, 0.0, 0.20864142795777746]
[40.0, 0.0, 0.20864142795777746]
[40.0, 0.8669840139434847, 0.20864142795777746]
[40.0, 0.8669840139434847, 0.20864142795777746]
[40.0, 0.8669840139434847, 0.20864142795777746]
[40.0, 0.8669840139434847, 0.20864142795777746]
[40.0, 0.0, 0.20864142795777746]
[40.0, 0.0, 0.20864142795777746]
[40.0, 0.0, 0.20864142795777746]
[40.0, 0.0, 0.09643053639337532]
[40.0, 0.0, 0.09643053639337532]
[40.0, 0.0, 0.09643053639337532]
[40.0, 0.0, 0.09643053639337532]
[40.0, 0.0, 0.09643053639337532]
[40.0, 0.0, 0.09643053639337532]
[40.0, 0.0, 0.09643053639337532]
[40.0, 0.0, 0.09643053639337532]
[40.0, 0.0, 0.09643053639337532]
[40.0, 0.0, 0.09643053639337532]
[40.0, 0.0, 0.09643053639337532]
[40.0, 0.0, 0.09643053639337532]
[40.0, 0.0, 0.09643053639337532]
[40.0, 0.0, 0.09643053639337532]
[40.0, -0.8669840139434847, 0.09643053639337532]
[40.0, -0.8669840139434847, 0.09643053639337532]
[40.0, 0.0, 0.09643053639337532]
[40.0, 0.0, 0.09643053639337532]
[40.0, 0.0, 0.09643053639337532]
[40.0, 0.0, 0.09643053639337532]
[40.0, 0.0, 0.22894173264925727]
[40.0, 0.0, 0.22894173264925727]
[40.0, 0.0, 0.22894173264925727]
[40.0, 0.0, 0.22894173264925727]
[40.0, 0.0, 0.22894173264925727]
[40.0, 0.0, 0.22894173264925727]
[40.0, 0.0, 0.22894173264925727]
[40.0, 0.0, 0.22894173264925727]
[40.0, 0.0, 0.22894173264925727]
[40.0, 0.0, 0.22894173264925727]
[40.0, 0.0, 0.22894173264925727]
[40.0, 0.0, 0.22894173264925727]
[40.0, 0.0, 0.22894173264925727]
[40.0, -0.8669840139434847, 0.22894173264925727]
[40.0, -0.8669840139434847, 0.22894173264925727]
[40.0, 0.0, 0.22894173264925727]
[40.0, 0.0, 0.22894173264925727]
[40.0, 0.0, 0.22894173264925727]
[40.0, 0.0, 0.22894173264925727]
[40.0, 0.0, 0.22894173264925727]
[40.0, 0.0, 0.06565254687365912]
[40.0, 0.0, 0.06565254687365912]
[40.0, 0.0, 0.06565254687365912]
[40.0, 0.0, 0.06565254687365912]
[40.0, 0.0, 0.06565254687365912]
[40.0, 0.0, 0.06565254687365912]
[40.0, 0.0, 0.06565254687365912]
[40.0, 0.0, 0.06565254687365912]
[40.0, 0.0, 0.06565254687365912]
[40.0, 0.0, 0.06565254687365912]
[40.0, 0.0, 0.06565254687365912]
[40.0, 0.8669840139434847, 0.06565254687365912]
[40.0, 0.8669840139434847, 0.06565254687365912]
[40.0, 0.8669840139434847, 0.06565254687365912]
[40.0, 0.0, 0.06565254687365912]
[40.0, 0.0, 0.06565254687365912]
[40.0, 0.0, 0.06565254687365912]
[40.0, 0.0, 0.06565254687365912]
[40.0, 0.0, 0.06565254687365912]
[40.0, 0.0, 0.06565254687365912]
[40.0, 0.0, 0.25440347061154456]
[40.0, 0.0, 0.25440347061154456]
[40.0, 0.0, 0.25440347061154456]
[40.0, 0.0, 0.25440347061154456]
[40.0, 0.0, 0.25440347061154456]
[40.0, 0.0, 0.25440347061154456]
[40.0, 0.0, 0.25440347061154456]
[40.0, 0.0, 0.25440347061154456]
[40.0, 0.0, 0.25440347061154456]
[40.0, 0.0, 0.25440347061154456]
[40.0, 0.0, 0.25440347061154456]
[40.0, 0.0, 0.25440347061154456]
[40.0, 0.0, 0.25440347061154456]
[40.0, 0.0, 0.25440347061154456]
[40.0, 0.0, 0.25440347061154456]
[40.0, 0.0, 0.25440347061154456]
[40.0, 0.0, 0.25440347061154456]
[40.0, 0.0, 0.25440347061154456]
[40.0, 0.0, 0.25440347061154456]
[40.0, 0.0, 0.25440347061154456]
[40.0, 0.0, 0.30558543998127496]
[40.0, 0.0, 0.30558543998127496]
[40.0, 0.0, 0.30558543998127496]
[40.0, 0.0, 0.30558543998127496]
[40.0, 0.0, 0.30558543998127496]
[40.0, 0.0, 0.30558543998127496]
[40.0, 0.0, 0.30558543998127496]
[40.0, 0.0, 0.30558543998127496]
[40.0, 0.0, 0.30558543998127496]
[40.0, 0.0, 0.30558543998127496]
[40.0, 0.0, 0.30558543998127496]
[40.0, 0.0, 0.30558543998127496]
>>>> 
