----------------------------
RRT search Summary          
----------------------------
Map Name               : Random
Total paths found      : 2
Total number of nodes  : 1325
Total elapsed time     : 86.33946776390076 s
Solver                 : RRTstar 
----------------------------
Path number   : 0
Path length   : 1163.2508722739278
Time required : 17.679364919662476 s
>>>> Nodes
[1098.6689471045001, 502.76476284158645, 1.076589133732536]
[1095.1809802374255, 496.2912330838447, 1.076589133732536]
[1091.6930133703506, 489.8177033261029, 1.076589133732536]
[1088.205046503276, 483.34417356836116, 1.076589133732536]
[1084.7170796362013, 476.8706438106194, 1.076589133732536]
[1081.2291127691265, 470.39711405287767, 1.076589133732536]
[1077.7411459020518, 463.9235842951359, 1.076589133732536]
[1074.2531790349772, 457.4500545373942, 1.076589133732536]
[1070.7652121679023, 450.9765247796524, 1.076589133732536]
[1067.2772453008276, 444.50299502191064, 1.076589133732536]
[1063.789278433753, 438.0294652641689, 1.076589133732536]
[1060.3013115666781, 431.5559355064271, 1.076589133732536]
[1056.8133446996035, 425.08240574868535, 1.076589133732536]
[1053.3253778325288, 418.6088759909436, 1.076589133732536]
[1049.837410965454, 412.13534623320186, 1.076589133732536]
[1046.3494440983793, 405.6618164754601, 1.076589133732536]
[1042.8614772313047, 399.1882867177183, 1.076589133732536]
[1039.3735103642298, 392.71475695997657, 1.076589133732536]
[1035.8855434971551, 386.2412272022348, 1.076589133732536]
[1031.0807473015927, 379.29308004611306, 0.8549769214876942]
[1025.853901896811, 373.28312810283086, 0.8549769214876947]
[1020.6270564920292, 367.27317615954865, 0.8549769214876947]
[1015.4002110872475, 361.26322421626645, 0.8549769214876947]
[1010.1733656824657, 355.25327227298425, 0.8549769214876947]
[1004.9465202776839, 349.24332032970204, 0.8549769214876947]
[999.7196748729021, 343.23336838641984, 0.8549769214876947]
[994.4928294681204, 337.22341644313764, 0.8549769214876947]
[989.2659840633386, 331.21346449985543, 0.8549769214876947]
[984.0391386585568, 325.2035125565733, 0.8549769214876947]
[978.8122932537751, 319.1935606132911, 0.8549769214876947]
[973.5854478489933, 313.1836086700089, 0.8549769214876947]
[968.3586024442116, 307.1736567267267, 0.8549769214876947]
[963.1317570394298, 301.1637047834445, 0.8549769214876947]
[957.904911634648, 295.15375284016227, 0.8549769214876947]
[952.6780662298663, 289.14380089688007, 0.8549769214876947]
[947.4512208250845, 283.13384895359786, 0.8549769214876947]
[942.2243754203027, 277.12389701031566, 0.8549769214876947]
[936.997530015521, 271.11394506703346, 0.8549769214876947]
[928.285892275133, 263.7056731654608, 0.5544615896679936]
[923.476675390233, 260.72751374428935, 0.5544615896679935]
[918.6674585053331, 257.7493543231179, 0.5544615896679935]
[913.8582416204331, 254.77119490194656, 0.5544615896679935]
[909.0490247355331, 251.7930354807752, 0.5544615896679935]
[904.239807850633, 248.8148760596038, 0.5544615896679935]
[899.430590965733, 245.83671663843242, 0.5544615896679935]
[894.6213740808331, 242.85855721726102, 0.5544615896679935]
[889.8121571959331, 239.88039779608965, 0.5544615896679935]
[885.0029403110331, 236.90223837491826, 0.5544615896679935]
[880.1937234261331, 233.92407895374686, 0.5544615896679935]
[875.3845065412331, 230.9459195325755, 0.5544615896679935]
[870.5752896563331, 227.9677601114041, 0.5544615896679935]
[865.7660727714331, 224.98960069023272, 0.5544615896679935]
[860.956855886533, 222.01144126906132, 0.5544615896679935]
[856.1476390016331, 219.03328184788995, 0.5544615896679935]
[851.3384221167331, 216.05512242671855, 0.5544615896679935]
[851.3384221167331, 216.05512242671855, 0.5544615896679939]
[841.1225016219555, 211.63630686470742, 0.2620213684180417]
[830.0664170416434, 210.35024454908176, -0.03041885283191026]
[821.2268773669522, 210.61921617107242, -0.030418852831911054]
[812.3873376922609, 210.8881877930631, -0.030418852831911054]
[803.5477980175697, 211.15715941505377, -0.030418852831911054]
[794.7082583428785, 211.42613103704446, -0.030418852831911054]
[785.8687186681873, 211.69510265903511, -0.030418852831911054]
[777.0291789934961, 211.9640742810258, -0.030418852831911054]
[768.1896393188049, 212.23304590301646, -0.030418852831911054]
[759.3500996441137, 212.50201752500715, -0.030418852831911054]
[750.5105599694224, 212.7709891469978, -0.030418852831911054]
[741.6710202947312, 213.0399607689885, -0.030418852831911054]
[732.83148062004, 213.30893239097915, -0.030418852831911054]
[723.9919409453488, 213.57790401296984, -0.030418852831911054]
[715.1524012706576, 213.8468756349605, -0.030418852831911054]
[706.3128615959663, 214.11584725695118, -0.030418852831911054]
[697.4733219212751, 214.38481887894184, -0.030418852831911054]
[688.6337822465839, 214.65379050093253, -0.030418852831911054]
[679.7942425718927, 214.9227621229232, -0.030418852831911054]
[679.7942425718927, 214.9227621229232, -0.03041885283191026]
[670.0475428179521, 213.96317972987464, 0.22669040656315054]
[665.4643452008602, 212.90604220492256, 0.2266904065631505]
[660.8811475837681, 211.8489046799705, 0.2266904065631505]
[656.2979499666761, 210.79176715501842, 0.2266904065631505]
[651.714752349584, 209.73462963006637, 0.2266904065631505]
[647.1315547324921, 208.67749210511428, 0.2266904065631505]
[642.5483571154, 207.62035458016223, 0.2266904065631505]
[637.965159498308, 206.56321705521015, 0.2266904065631505]
[633.381961881216, 205.5060795302581, 0.2266904065631505]
[628.798764264124, 204.448942005306, 0.2266904065631505]
[624.215566647032, 203.39180448035393, 0.2266904065631505]
[619.6323690299399, 202.33466695540187, 0.2266904065631505]
[615.049171412848, 201.2775294304498, 0.2266904065631505]
[610.4659737957559, 200.22039190549773, 0.2266904065631505]
[605.8827761786639, 199.16325438054565, 0.2266904065631505]
[601.2995785615718, 198.1061168555936, 0.2266904065631505]
[596.7163809444799, 197.04897933064152, 0.2266904065631505]
[592.1331833273878, 195.99184180568946, 0.2266904065631505]
[587.5499857102958, 194.93470428073738, 0.2266904065631505]
[583.7586838684621, 193.8513602339015, 0.3299649728810645]
[575.468484778791, 191.01208533535674, 0.32996497288106347]
[567.1782856891198, 188.17281043681197, 0.32996497288106347]
[558.8880865994488, 185.3335355382672, 0.32996497288106347]
[550.5978875097776, 182.49426063972243, 0.32996497288106347]
[542.3076884201065, 179.65498574117765, 0.32996497288106347]
[534.0174893304354, 176.81571084263288, 0.32996497288106347]
[525.7272902407643, 173.9764359440881, 0.32996497288106347]
[517.4370911510932, 171.13716104554334, 0.32996497288106347]
[509.14689206142214, 168.29788614699856, 0.32996497288106347]
[500.856692971751, 165.45861124845376, 0.32996497288106347]
[492.5664938820799, 162.619336349909, 0.32996497288106347]
[484.2762947924088, 159.78006145136422, 0.32996497288106347]
[475.98609570273766, 156.94078655281945, 0.32996497288106347]
[467.69589661306657, 154.10151165427467, 0.32996497288106347]
[459.4056975233955, 151.2622367557299, 0.32996497288106347]
[451.1154984337244, 148.42296185718513, 0.32996497288106347]
[442.8252993440533, 145.58368695864036, 0.32996497288106347]
[434.53510025438214, 142.74441206009558, 0.32996497288106347]
[426.24490116471105, 139.9051371615508, 0.32996497288106347]
[413.7649863624873, 137.19147136866331, 0.18096609085601284]
[406.7866092125423, 135.91465315321062, 0.18096609085601284]
[399.8082320625973, 134.6378349377579, 0.18096609085601284]
[392.82985491265225, 133.3610167223052, 0.18096609085601284]
[385.8514777627072, 132.08419850685252, 0.18096609085601284]
[378.8731006127622, 130.8073802913998, 0.18096609085601284]
[371.8947234628171, 129.5305620759471, 0.18096609085601284]
[364.91634631287207, 128.2537438604944, 0.18096609085601284]
[357.93796916292706, 126.9769256450417, 0.18096609085601284]
[350.95959201298206, 125.700107429589, 0.18096609085601284]
[343.981214863037, 124.4232892141363, 0.18096609085601284]
[337.00283771309194, 123.1464709986836, 0.18096609085601284]
[330.02446056314693, 121.8696527832309, 0.18096609085601284]
[323.04608341320187, 120.5928345677782, 0.18096609085601284]
[316.06770626325687, 119.3160163523255, 0.18096609085601284]
[309.0893291133118, 118.0391981368728, 0.18096609085601284]
[302.1109519633668, 116.7623799214201, 0.18096609085601284]
[295.13257481342174, 115.4855617059674, 0.18096609085601284]
[289.39779231251987, 113.96798818523382, 0.33642670202432345]
[279.57622113038263, 110.53317345688805, 0.33642670202432357]
[269.75464994824546, 107.09835872854228, 0.33642670202432357]
[259.9330787661082, 103.66354400019652, 0.33642670202432357]
[250.111507583971, 100.22872927185075, 0.33642670202432357]
[240.2899364018338, 96.793914543505, 0.33642670202432357]
[230.46836521969658, 93.35909981515923, 0.33642670202432357]
[220.64679403755937, 89.92428508681346, 0.33642670202432357]
[210.82522285542217, 86.48947035846768, 0.33642670202432357]
[201.00365167328493, 83.05465563012193, 0.33642670202432357]
[191.18208049114773, 79.61984090177616, 0.33642670202432357]
[181.36050930901052, 76.18502617343039, 0.33642670202432357]
[171.5389381268733, 72.75021144508463, 0.33642670202432357]
[161.71736694473609, 69.31539671673886, 0.33642670202432357]
[151.89579576259888, 65.88058198839309, 0.33642670202432357]
[142.07422458046165, 62.445767260047326, 0.33642670202432357]
[132.25265339832444, 59.01095253170156, 0.33642670202432357]
[122.43108221618724, 55.57613780335579, 0.33642670202432357]
[112.60951103405002, 52.14132307501003, 0.33642670202432357]
[100.0, 50.00000000000001, 0.0]
>>>> 
>>>> inputs
[40.0, 0.0, 0.1760327172178196]
[40.0, 0.0, 0.1760327172178196]
[40.0, 0.0, 0.1760327172178196]
[40.0, 0.0, 0.1760327172178196]
[40.0, 0.0, 0.1760327172178196]
[40.0, 0.0, 0.1760327172178196]
[40.0, 0.0, 0.1760327172178196]
[40.0, 0.0, 0.1760327172178196]
[40.0, 0.0, 0.1760327172178196]
[40.0, 0.0, 0.1760327172178196]
[40.0, 0.0, 0.1760327172178196]
[40.0, 0.0, 0.1760327172178196]
[40.0, 0.0, 0.1760327172178196]
[40.0, 0.0, 0.1760327172178196]
[40.0, 0.0, 0.1760327172178196]
[40.0, 0.0, 0.1760327172178196]
[40.0, 0.0, 0.1760327172178196]
[40.0, 0.0, 0.1760327172178196]
[40.0, 0.8669840139434847, 0.1760327172178196]
[40.0, 0.0, 0.1760327172178196]
[40.0, 0.0, 0.19355852224131323]
[40.0, 0.0, 0.19355852224131323]
[40.0, 0.0, 0.19355852224131323]
[40.0, 0.0, 0.19355852224131323]
[40.0, 0.0, 0.19355852224131323]
[40.0, 0.0, 0.19355852224131323]
[40.0, 0.0, 0.19355852224131323]
[40.0, 0.0, 0.19355852224131323]
[40.0, 0.0, 0.19355852224131323]
[40.0, 0.0, 0.19355852224131323]
[40.0, 0.0, 0.19355852224131323]
[40.0, 0.0, 0.19355852224131323]
[40.0, 0.0, 0.19355852224131323]
[40.0, 0.0, 0.19355852224131323]
[40.0, 0.0, 0.19355852224131323]
[40.0, 0.0, 0.19355852224131323]
[40.0, 0.0, 0.19355852224131323]
[40.0, 0.8669840139434847, 0.19355852224131323]
[40.0, 0.0, 0.19355852224131323]
[40.0, 0.0, 0.19355852224131323]
[40.0, 0.0, 0.14105953449545283]
[40.0, 0.0, 0.14105953449545283]
[40.0, 0.0, 0.14105953449545283]
[40.0, 0.0, 0.14105953449545283]
[40.0, 0.0, 0.14105953449545283]
[40.0, 0.0, 0.14105953449545283]
[40.0, 0.0, 0.14105953449545283]
[40.0, 0.0, 0.14105953449545283]
[40.0, 0.0, 0.14105953449545283]
[40.0, 0.0, 0.14105953449545283]
[40.0, 0.0, 0.14105953449545283]
[40.0, 0.0, 0.14105953449545283]
[40.0, 0.0, 0.14105953449545283]
[40.0, 0.0, 0.14105953449545283]
[40.0, 0.8669840139434847, 0.14105953449545283]
[40.0, 0.8669840139434847, 0.14105953449545283]
[40.0, 0.8669840139434847, 0.14105953449545283]
[40.0, 0.0, 0.14105953449545283]
[40.0, 0.0, 0.14105953449545283]
[40.0, 0.0, 0.14105953449545283]
[40.0, 0.0, 0.20020321936721075]
[40.0, 0.0, 0.20020321936721075]
[40.0, 0.0, 0.20020321936721075]
[40.0, 0.0, 0.20020321936721075]
[40.0, 0.0, 0.20020321936721075]
[40.0, 0.0, 0.20020321936721075]
[40.0, 0.0, 0.20020321936721075]
[40.0, 0.0, 0.20020321936721075]
[40.0, 0.0, 0.20020321936721075]
[40.0, 0.0, 0.20020321936721075]
[40.0, 0.0, 0.20020321936721075]
[40.0, 0.0, 0.20020321936721075]
[40.0, 0.0, 0.20020321936721075]
[40.0, 0.0, 0.20020321936721075]
[40.0, -0.8669840139434847, 0.20020321936721075]
[40.0, -0.8669840139434847, 0.20020321936721075]
[40.0, 0.0, 0.20020321936721075]
[40.0, 0.0, 0.20020321936721075]
[40.0, 0.0, 0.20020321936721075]
[40.0, 0.0, 0.20020321936721075]
[40.0, 0.0, 0.11076053158322566]
[40.0, 0.0, 0.11076053158322566]
[40.0, 0.0, 0.11076053158322566]
[40.0, 0.0, 0.11076053158322566]
[40.0, 0.0, 0.11076053158322566]
[40.0, 0.0, 0.11076053158322566]
[40.0, 0.0, 0.11076053158322566]
[40.0, 0.0, 0.11076053158322566]
[40.0, 0.0, 0.11076053158322566]
[40.0, 0.0, 0.11076053158322566]
[40.0, 0.0, 0.11076053158322566]
[40.0, 0.0, 0.11076053158322566]
[40.0, 0.0, 0.11076053158322566]
[40.0, 0.0, 0.11076053158322566]
[40.0, -0.8669840139434847, 0.11076053158322566]
[40.0, 0.0, 0.11076053158322566]
[40.0, 0.0, 0.11076053158322566]
[40.0, 0.0, 0.11076053158322566]
[40.0, 0.0, 0.11076053158322566]
[40.0, 0.0, 0.11076053158322566]
[40.0, 0.0, 0.21523367973189092]
[40.0, 0.0, 0.21523367973189092]
[40.0, 0.0, 0.21523367973189092]
[40.0, 0.0, 0.21523367973189092]
[40.0, 0.0, 0.21523367973189092]
[40.0, 0.0, 0.21523367973189092]
[40.0, 0.0, 0.21523367973189092]
[40.0, 0.0, 0.21523367973189092]
[40.0, 0.0, 0.21523367973189092]
[40.0, 0.0, 0.21523367973189092]
[40.0, 0.0, 0.21523367973189092]
[40.0, 0.0, 0.21523367973189092]
[40.0, 0.0, 0.21523367973189092]
[40.0, 0.0, 0.21523367973189092]
[40.0, 0.0, 0.21523367973189092]
[40.0, 0.0, 0.21523367973189092]
[40.0, 0.0, 0.21523367973189092]
[40.0, 0.0, 0.21523367973189092]
[40.0, 0.0, 0.21523367973189092]
[40.0, 0.0, 0.21523367973189092]
[40.0, 0.0, 0.16704273462607133]
[40.0, 0.0, 0.16704273462607133]
[40.0, 0.0, 0.16704273462607133]
[40.0, 0.0, 0.16704273462607133]
[40.0, 0.0, 0.16704273462607133]
[40.0, 0.0, 0.16704273462607133]
[40.0, 0.0, 0.16704273462607133]
[40.0, 0.0, 0.16704273462607133]
[40.0, 0.0, 0.16704273462607133]
[40.0, 0.0, 0.16704273462607133]
[40.0, 0.0, 0.16704273462607133]
[40.0, 0.0, 0.16704273462607133]
[40.0, -0.8669840139434847, 0.16704273462607133]
[40.0, 0.0, 0.16704273462607133]
[40.0, 0.0, 0.16704273462607133]
[40.0, 0.0, 0.16704273462607133]
[40.0, 0.0, 0.16704273462607133]
[40.0, 0.0, 0.16704273462607133]
[40.0, 0.0, 0.16704273462607133]
[40.0, 0.0, 0.16704273462607133]
[40.0, 0.0, 0.2501726510794254]
[40.0, 0.0, 0.2501726510794254]
[40.0, 0.0, 0.2501726510794254]
[40.0, 0.0, 0.2501726510794254]
[40.0, 0.0, 0.2501726510794254]
[40.0, 0.0, 0.2501726510794254]
[40.0, 0.0, 0.2501726510794254]
[40.0, 0.0, 0.2501726510794254]
[40.0, 0.0, 0.2501726510794254]
[40.0, 0.0, 0.2501726510794254]
[40.0, 0.0, 0.2501726510794254]
[40.0, 0.8669840139434847, 0.2501726510794254]
>>>> 
----------------------------
Path number   : 1
Path length   : 1138.5157028726073
Time required : 39.77711081504822 s
>>>> Nodes
[1087.3150619243859, 487.68089580125, 0.9086971558436157]
[1082.7952654441565, 481.8823745681507, 0.9086971558436157]
[1078.2754689639273, 476.08385333505134, 0.9086971558436157]
[1073.7556724836982, 470.285332101952, 0.9086971558436157]
[1069.2358760034688, 464.4868108688526, 0.9086971558436157]
[1064.7160795232394, 458.6882896357533, 0.9086971558436157]
[1060.1962830430102, 452.88976840265394, 0.9086971558436157]
[1055.676486562781, 447.0912471695546, 0.9086971558436157]
[1051.1566900825517, 441.29272593645527, 0.9086971558436157]
[1046.6368936023223, 435.4942047033559, 0.9086971558436157]
[1042.1170971220931, 429.69568347025654, 0.9086971558436157]
[1037.597300641864, 423.8971622371572, 0.9086971558436157]
[1033.0775041616346, 418.09864100405787, 0.9086971558436157]
[1028.5577076814052, 412.30011977095853, 0.9086971558436157]
[1024.037911201176, 406.5015985378592, 0.9086971558436157]
[1019.5181147209468, 400.70307730475986, 0.9086971558436157]
[1014.9983182407175, 394.9045560716605, 0.9086971558436157]
[1010.4785217604882, 389.10603483856113, 0.9086971558436157]
[1005.9587252802589, 383.3075136054618, 0.9086971558436157]
[1001.4389288000297, 377.50899237236246, 0.9086971558436157]
[992.1385230080867, 368.4134900914619, 0.7246479366524552]
[987.6445292363773, 364.43484517752813, 0.7246479366524552]
[983.1505354646678, 360.4562002635944, 0.7246479366524552]
[978.6565416929584, 356.47755534966063, 0.7246479366524552]
[974.1625479212489, 352.4989104357269, 0.7246479366524552]
[969.6685541495394, 348.52026552179314, 0.7246479366524552]
[965.17456037783, 344.5416206078594, 0.7246479366524552]
[960.6805666061205, 340.56297569392564, 0.7246479366524552]
[956.186572834411, 336.5843307799919, 0.7246479366524552]
[951.6925790627015, 332.6056858660582, 0.7246479366524552]
[947.198585290992, 328.62704095212445, 0.7246479366524552]
[942.7045915192825, 324.6483960381907, 0.7246479366524552]
[938.2105977475732, 320.66975112425695, 0.7246479366524552]
[933.7166039758637, 316.6911062103232, 0.7246479366524552]
[929.2226102041542, 312.71246129638945, 0.7246479366524552]
[924.7286164324447, 308.7338163824557, 0.7246479366524552]
[920.2346226607352, 304.75517146852195, 0.7246479366524552]
[920.2346226607352, 304.75517146852195, 0.7246479366524543]
[914.6170653236763, 298.5588628549393, 0.9440484265255717]
[910.8705285577306, 293.38512843351265, 0.9440484265255721]
[907.123991791785, 288.211394012086, 0.9440484265255721]
[903.3774550258393, 283.03765959065936, 0.9440484265255721]
[899.6309182598936, 277.8639251692327, 0.9440484265255721]
[895.8843814939479, 272.690190747806, 0.9440484265255721]
[892.1378447280023, 267.51645632637934, 0.9440484265255721]
[888.3913079620565, 262.34272190495267, 0.9440484265255721]
[884.6447711961108, 257.16898748352605, 0.9440484265255721]
[880.8982344301652, 251.99525306209935, 0.9440484265255721]
[877.1516976642195, 246.8215186406727, 0.9440484265255721]
[873.4051608982738, 241.64778421924603, 0.9440484265255721]
[869.6586241323281, 236.47404979781936, 0.9440484265255721]
[865.9120873663825, 231.30031537639272, 0.9440484265255721]
[862.1655506004367, 226.12658095496604, 0.9440484265255721]
[862.1655506004367, 226.12658095496602, 0.944048426525572]
[855.8480625153416, 219.32556404666443, 0.7004316066862014]
[848.076615897396, 214.24923622463126, 0.45681478684683086]
[839.3101629155431, 211.19738616126213, 0.2131979670074604]
[830.0664170416434, 210.35024454908176, -0.03041885283191026]
[821.2268773669522, 210.61921617107242, -0.030418852831911054]
[812.3873376922609, 210.8881877930631, -0.030418852831911054]
[803.5477980175697, 211.15715941505377, -0.030418852831911054]
[794.7082583428785, 211.42613103704446, -0.030418852831911054]
[785.8687186681873, 211.69510265903511, -0.030418852831911054]
[777.0291789934961, 211.9640742810258, -0.030418852831911054]
[768.1896393188049, 212.23304590301646, -0.030418852831911054]
[759.3500996441137, 212.50201752500715, -0.030418852831911054]
[750.5105599694224, 212.7709891469978, -0.030418852831911054]
[741.6710202947312, 213.0399607689885, -0.030418852831911054]
[732.83148062004, 213.30893239097915, -0.030418852831911054]
[723.9919409453488, 213.57790401296984, -0.030418852831911054]
[715.1524012706576, 213.8468756349605, -0.030418852831911054]
[706.3128615959663, 214.11584725695118, -0.030418852831911054]
[697.4733219212751, 214.38481887894184, -0.030418852831911054]
[688.6337822465839, 214.65379050093253, -0.030418852831911054]
[679.7942425718927, 214.9227621229232, -0.030418852831911054]
[679.7942425718927, 214.9227621229232, -0.03041885283191026]
[670.0475428179521, 213.96317972987464, 0.22669040656315054]
[665.4643452008602, 212.90604220492256, 0.2266904065631505]
[660.8811475837681, 211.8489046799705, 0.2266904065631505]
[656.2979499666761, 210.79176715501842, 0.2266904065631505]
[651.714752349584, 209.73462963006637, 0.2266904065631505]
[647.1315547324921, 208.67749210511428, 0.2266904065631505]
[642.5483571154, 207.62035458016223, 0.2266904065631505]
[637.965159498308, 206.56321705521015, 0.2266904065631505]
[633.381961881216, 205.5060795302581, 0.2266904065631505]
[628.798764264124, 204.448942005306, 0.2266904065631505]
[624.215566647032, 203.39180448035393, 0.2266904065631505]
[619.6323690299399, 202.33466695540187, 0.2266904065631505]
[615.049171412848, 201.2775294304498, 0.2266904065631505]
[610.4659737957559, 200.22039190549773, 0.2266904065631505]
[605.8827761786639, 199.16325438054565, 0.2266904065631505]
[601.2995785615718, 198.1061168555936, 0.2266904065631505]
[596.7163809444799, 197.04897933064152, 0.2266904065631505]
[592.1331833273878, 195.99184180568946, 0.2266904065631505]
[587.5499857102958, 194.93470428073738, 0.2266904065631505]
[583.7586838684621, 193.8513602339015, 0.3299649728810645]
[575.468484778791, 191.01208533535674, 0.32996497288106347]
[567.1782856891198, 188.17281043681197, 0.32996497288106347]
[558.8880865994488, 185.3335355382672, 0.32996497288106347]
[550.5978875097776, 182.49426063972243, 0.32996497288106347]
[542.3076884201065, 179.65498574117765, 0.32996497288106347]
[534.0174893304354, 176.81571084263288, 0.32996497288106347]
[525.7272902407643, 173.9764359440881, 0.32996497288106347]
[517.4370911510932, 171.13716104554334, 0.32996497288106347]
[509.14689206142214, 168.29788614699856, 0.32996497288106347]
[500.856692971751, 165.45861124845376, 0.32996497288106347]
[492.5664938820799, 162.619336349909, 0.32996497288106347]
[484.2762947924088, 159.78006145136422, 0.32996497288106347]
[475.98609570273766, 156.94078655281945, 0.32996497288106347]
[467.69589661306657, 154.10151165427467, 0.32996497288106347]
[459.4056975233955, 151.2622367557299, 0.32996497288106347]
[451.1154984337244, 148.42296185718513, 0.32996497288106347]
[442.8252993440533, 145.58368695864036, 0.32996497288106347]
[434.53510025438214, 142.74441206009558, 0.32996497288106347]
[426.24490116471105, 139.9051371615508, 0.32996497288106347]
[413.7649863624873, 137.19147136866331, 0.18096609085601284]
[406.7866092125423, 135.91465315321062, 0.18096609085601284]
[399.8082320625973, 134.6378349377579, 0.18096609085601284]
[392.82985491265225, 133.3610167223052, 0.18096609085601284]
[385.8514777627072, 132.08419850685252, 0.18096609085601284]
[378.8731006127622, 130.8073802913998, 0.18096609085601284]
[371.8947234628171, 129.5305620759471, 0.18096609085601284]
[364.91634631287207, 128.2537438604944, 0.18096609085601284]
[357.93796916292706, 126.9769256450417, 0.18096609085601284]
[350.95959201298206, 125.700107429589, 0.18096609085601284]
[343.981214863037, 124.4232892141363, 0.18096609085601284]
[337.00283771309194, 123.1464709986836, 0.18096609085601284]
[330.02446056314693, 121.8696527832309, 0.18096609085601284]
[323.04608341320187, 120.5928345677782, 0.18096609085601284]
[316.06770626325687, 119.3160163523255, 0.18096609085601284]
[309.0893291133118, 118.0391981368728, 0.18096609085601284]
[302.1109519633668, 116.7623799214201, 0.18096609085601284]
[295.13257481342174, 115.4855617059674, 0.18096609085601284]
[289.39779231251987, 113.96798818523382, 0.33642670202432345]
[279.57622113038263, 110.53317345688805, 0.33642670202432357]
[269.75464994824546, 107.09835872854228, 0.33642670202432357]
[259.9330787661082, 103.66354400019652, 0.33642670202432357]
[250.111507583971, 100.22872927185075, 0.33642670202432357]
[240.2899364018338, 96.793914543505, 0.33642670202432357]
[230.46836521969658, 93.35909981515923, 0.33642670202432357]
[220.64679403755937, 89.92428508681346, 0.33642670202432357]
[210.82522285542217, 86.48947035846768, 0.33642670202432357]
[201.00365167328493, 83.05465563012193, 0.33642670202432357]
[191.18208049114773, 79.61984090177616, 0.33642670202432357]
[181.36050930901052, 76.18502617343039, 0.33642670202432357]
[171.5389381268733, 72.75021144508463, 0.33642670202432357]
[161.71736694473609, 69.31539671673886, 0.33642670202432357]
[151.89579576259888, 65.88058198839309, 0.33642670202432357]
[142.07422458046165, 62.445767260047326, 0.33642670202432357]
[132.25265339832444, 59.01095253170156, 0.33642670202432357]
[122.43108221618724, 55.57613780335579, 0.33642670202432357]
[112.60951103405002, 52.14132307501003, 0.33642670202432357]
[100.0, 50.00000000000001, 0.0]
>>>> 
>>>> inputs
[40.0, 0.0, 0.18339690290984773]
[40.0, 0.0, 0.18339690290984773]
[40.0, 0.0, 0.18339690290984773]
[40.0, 0.0, 0.18339690290984773]
[40.0, 0.0, 0.18339690290984773]
[40.0, 0.0, 0.18339690290984773]
[40.0, 0.0, 0.18339690290984773]
[40.0, 0.0, 0.18339690290984773]
[40.0, 0.0, 0.18339690290984773]
[40.0, 0.0, 0.18339690290984773]
[40.0, 0.0, 0.18339690290984773]
[40.0, 0.0, 0.18339690290984773]
[40.0, 0.0, 0.18339690290984773]
[40.0, 0.0, 0.18339690290984773]
[40.0, 0.0, 0.18339690290984773]
[40.0, 0.0, 0.18339690290984773]
[40.0, 0.0, 0.18339690290984773]
[40.0, 0.0, 0.18339690290984773]
[40.0, 0.0, 0.18339690290984773]
[40.0, 0.0, 0.18339690290984773]
[40.0, 0.0, 0.13802091882728246]
[40.0, 0.0, 0.13802091882728246]
[40.0, 0.0, 0.13802091882728246]
[40.0, 0.0, 0.13802091882728246]
[40.0, 0.0, 0.13802091882728246]
[40.0, 0.0, 0.13802091882728246]
[40.0, 0.0, 0.13802091882728246]
[40.0, 0.0, 0.13802091882728246]
[40.0, 0.0, 0.13802091882728246]
[40.0, 0.0, 0.13802091882728246]
[40.0, 0.0, 0.13802091882728246]
[40.0, 0.0, 0.13802091882728246]
[40.0, 0.0, 0.13802091882728246]
[40.0, 0.0, 0.13802091882728246]
[40.0, 0.0, 0.13802091882728246]
[40.0, 0.0, 0.13802091882728246]
[40.0, -0.8669840139434847, 0.13802091882728246]
[40.0, -0.8669840139434847, 0.13802091882728246]
[40.0, 0.0, 0.13802091882728246]
[40.0, 0.0, 0.13802091882728246]
[40.0, 0.0, 0.1583139904658048]
[40.0, 0.0, 0.1583139904658048]
[40.0, 0.0, 0.1583139904658048]
[40.0, 0.0, 0.1583139904658048]
[40.0, 0.0, 0.1583139904658048]
[40.0, 0.0, 0.1583139904658048]
[40.0, 0.0, 0.1583139904658048]
[40.0, 0.0, 0.1583139904658048]
[40.0, 0.0, 0.1583139904658048]
[40.0, 0.0, 0.1583139904658048]
[40.0, 0.0, 0.1583139904658048]
[40.0, 0.0, 0.1583139904658048]
[40.0, 0.8669840139434847, 0.1583139904658048]
[40.0, 0.8669840139434847, 0.1583139904658048]
[40.0, 0.8669840139434847, 0.1583139904658048]
[40.0, 0.8669840139434847, 0.1583139904658048]
[40.0, 0.8669840139434847, 0.1583139904658048]
[40.0, 0.0, 0.1583139904658048]
[40.0, 0.0, 0.1583139904658048]
[40.0, 0.0, 0.1583139904658048]
[40.0, 0.0, 0.20020321936721075]
[40.0, 0.0, 0.20020321936721075]
[40.0, 0.0, 0.20020321936721075]
[40.0, 0.0, 0.20020321936721075]
[40.0, 0.0, 0.20020321936721075]
[40.0, 0.0, 0.20020321936721075]
[40.0, 0.0, 0.20020321936721075]
[40.0, 0.0, 0.20020321936721075]
[40.0, 0.0, 0.20020321936721075]
[40.0, 0.0, 0.20020321936721075]
[40.0, 0.0, 0.20020321936721075]
[40.0, 0.0, 0.20020321936721075]
[40.0, 0.0, 0.20020321936721075]
[40.0, 0.0, 0.20020321936721075]
[40.0, -0.8669840139434847, 0.20020321936721075]
[40.0, -0.8669840139434847, 0.20020321936721075]
[40.0, 0.0, 0.20020321936721075]
[40.0, 0.0, 0.20020321936721075]
[40.0, 0.0, 0.20020321936721075]
[40.0, 0.0, 0.20020321936721075]
[40.0, 0.0, 0.11076053158322566]
[40.0, 0.0, 0.11076053158322566]
[40.0, 0.0, 0.11076053158322566]
[40.0, 0.0, 0.11076053158322566]
[40.0, 0.0, 0.11076053158322566]
[40.0, 0.0, 0.11076053158322566]
[40.0, 0.0, 0.11076053158322566]
[40.0, 0.0, 0.11076053158322566]
[40.0, 0.0, 0.11076053158322566]
[40.0, 0.0, 0.11076053158322566]
[40.0, 0.0, 0.11076053158322566]
[40.0, 0.0, 0.11076053158322566]
[40.0, 0.0, 0.11076053158322566]
[40.0, 0.0, 0.11076053158322566]
[40.0, -0.8669840139434847, 0.11076053158322566]
[40.0, 0.0, 0.11076053158322566]
[40.0, 0.0, 0.11076053158322566]
[40.0, 0.0, 0.11076053158322566]
[40.0, 0.0, 0.11076053158322566]
[40.0, 0.0, 0.11076053158322566]
[40.0, 0.0, 0.21523367973189092]
[40.0, 0.0, 0.21523367973189092]
[40.0, 0.0, 0.21523367973189092]
[40.0, 0.0, 0.21523367973189092]
[40.0, 0.0, 0.21523367973189092]
[40.0, 0.0, 0.21523367973189092]
[40.0, 0.0, 0.21523367973189092]
[40.0, 0.0, 0.21523367973189092]
[40.0, 0.0, 0.21523367973189092]
[40.0, 0.0, 0.21523367973189092]
[40.0, 0.0, 0.21523367973189092]
[40.0, 0.0, 0.21523367973189092]
[40.0, 0.0, 0.21523367973189092]
[40.0, 0.0, 0.21523367973189092]
[40.0, 0.0, 0.21523367973189092]
[40.0, 0.0, 0.21523367973189092]
[40.0, 0.0, 0.21523367973189092]
[40.0, 0.0, 0.21523367973189092]
[40.0, 0.0, 0.21523367973189092]
[40.0, 0.0, 0.21523367973189092]
[40.0, 0.0, 0.16704273462607133]
[40.0, 0.0, 0.16704273462607133]
[40.0, 0.0, 0.16704273462607133]
[40.0, 0.0, 0.16704273462607133]
[40.0, 0.0, 0.16704273462607133]
[40.0, 0.0, 0.16704273462607133]
[40.0, 0.0, 0.16704273462607133]
[40.0, 0.0, 0.16704273462607133]
[40.0, 0.0, 0.16704273462607133]
[40.0, 0.0, 0.16704273462607133]
[40.0, 0.0, 0.16704273462607133]
[40.0, 0.0, 0.16704273462607133]
[40.0, -0.8669840139434847, 0.16704273462607133]
[40.0, 0.0, 0.16704273462607133]
[40.0, 0.0, 0.16704273462607133]
[40.0, 0.0, 0.16704273462607133]
[40.0, 0.0, 0.16704273462607133]
[40.0, 0.0, 0.16704273462607133]
[40.0, 0.0, 0.16704273462607133]
[40.0, 0.0, 0.16704273462607133]
[40.0, 0.0, 0.2501726510794254]
[40.0, 0.0, 0.2501726510794254]
[40.0, 0.0, 0.2501726510794254]
[40.0, 0.0, 0.2501726510794254]
[40.0, 0.0, 0.2501726510794254]
[40.0, 0.0, 0.2501726510794254]
[40.0, 0.0, 0.2501726510794254]
[40.0, 0.0, 0.2501726510794254]
[40.0, 0.0, 0.2501726510794254]
[40.0, 0.0, 0.2501726510794254]
[40.0, 0.0, 0.2501726510794254]
[40.0, 0.8669840139434847, 0.2501726510794254]
>>>> 
