----------------------------
RRT search Summary          
----------------------------
Map Name               : Random
Total paths found      : 4
Total number of nodes  : 1404
Total elapsed time     : 84.14794921875 s
Solver                 : RRTstar 
----------------------------
Path number   : 0
Path length   : 1187.6848743787539
Time required : 17.729647159576416 s
>>>> Nodes
[1092.6586269224024, 502.009232961226, 1.775476874622474]
[1093.8506420616663, 496.2670052344595, 1.775476874622474]
[1095.04265720093, 490.52477750769293, 1.775476874622474]
[1096.2346723401938, 484.7825497809264, 1.775476874622474]
[1097.4266874794578, 479.04032205415984, 1.775476874622474]
[1098.6187026187217, 473.2980943273933, 1.775476874622474]
[1099.8107177579855, 467.5558666006267, 1.775476874622474]
[1101.0027328972492, 461.81363887386016, 1.775476874622474]
[1102.1947480365131, 456.0714111470936, 1.775476874622474]
[1103.386763175777, 450.32918342032707, 1.775476874622474]
[1104.5787783150408, 444.5869556935605, 1.775476874622474]
[1105.7707934543046, 438.844727966794, 1.775476874622474]
[1106.9628085935685, 433.10250024002744, 1.775476874622474]
[1106.9628085935685, 433.10250024002744, 1.7754768746224743]
[1107.7527128148308, 426.0918737174496, 1.5905142176684195]
[1107.2398206189455, 419.05555546759473, 1.4055515607143647]
[1105.441628688144, 412.23358077562756, 1.2205889037603102]
[1102.419480113737, 405.85867286162204, 1.0356262468062556]
[1098.276471752505, 400.14830381605225, 0.8506635898522008]
[1093.1539372050775, 395.297275808686, 0.6657009328981461]
[1086.736788841615, 390.25801474566197, 0.6657009328981476]
[1080.3196404781525, 385.218753682638, 0.6657009328981476]
[1073.90249211469, 380.17949261961405, 0.6657009328981476]
[1067.4853437512274, 375.14023155659004, 0.6657009328981476]
[1061.068195387765, 370.1009704935661, 0.6657009328981476]
[1054.6510470243024, 365.06170943054207, 0.6657009328981476]
[1048.2338986608402, 360.0224483675181, 0.6657009328981476]
[1041.8167502973777, 354.9831873044941, 0.6657009328981476]
[1035.3996019339152, 349.94392624147014, 0.6657009328981476]
[1028.9824535704527, 344.9046651784462, 0.6657009328981476]
[1022.5653052069902, 339.86540411542217, 0.6657009328981476]
[1016.1481568435277, 334.8261430523982, 0.6657009328981476]
[1009.7310084800652, 329.7868819893742, 0.6657009328981476]
[1003.3138601166027, 324.74762092635024, 0.6657009328981476]
[996.8967117531402, 319.7083598633262, 0.6657009328981476]
[990.4795633896778, 314.66909880030227, 0.6657009328981476]
[984.0624150262153, 309.62983773727825, 0.6657009328981476]
[977.6452666627528, 304.5905766742543, 0.6657009328981476]
[976.2205568219903, 303.4149952583422, 0.7140626913428427]
[971.4846496302716, 299.3107746202919, 0.7140626913428423]
[966.7487424385529, 295.2065539822417, 0.7140626913428423]
[962.0128352468342, 291.10233334419144, 0.7140626913428423]
[957.2769280551156, 286.9981127061412, 0.7140626913428423]
[952.5410208633969, 282.89389206809096, 0.7140626913428423]
[947.8051136716782, 278.7896714300407, 0.7140626913428423]
[943.0692064799596, 274.6854507919905, 0.7140626913428423]
[938.3332992882408, 270.5812301539402, 0.7140626913428423]
[933.5973920965222, 266.47700951589, 0.7140626913428423]
[928.8614849048035, 262.37278887783975, 0.7140626913428423]
[924.1255777130849, 258.2685682397895, 0.7140626913428423]
[919.3896705213662, 254.16434760173928, 0.7140626913428423]
[914.6537633296475, 250.06012696368904, 0.7140626913428423]
[909.9178561379289, 245.95590632563878, 0.7140626913428423]
[905.1819489462101, 241.85168568758854, 0.7140626913428423]
[900.4460417544915, 237.7474650495383, 0.7140626913428423]
[900.4460417544915, 237.7474650495383, 0.7140626913428423]
[890.1859831484077, 231.38132827625446, 0.3966186226215975]
[878.4514329260535, 228.53583515634062, 0.07917455390035255]
[868.6225138224158, 227.75600470528977, 0.07917455390035119]
[858.7935947187783, 226.97617425423894, 0.07917455390035119]
[848.9646756151408, 226.1963438031881, 0.07917455390035119]
[839.1357565115031, 225.41651335213726, 0.07917455390035119]
[829.3068374078656, 224.63668290108643, 0.07917455390035119]
[819.477918304228, 223.8568524500356, 0.07917455390035119]
[809.6489992005904, 223.07702199898478, 0.07917455390035119]
[799.8200800969528, 222.29719154793395, 0.07917455390035119]
[789.9911609933152, 221.51736109688312, 0.07917455390035119]
[780.1622418896777, 220.7375306458323, 0.07917455390035119]
[770.3333227860401, 219.95770019478147, 0.07917455390035119]
[760.5044036824025, 219.17786974373064, 0.07917455390035119]
[750.6754845787649, 218.3980392926798, 0.07917455390035119]
[740.8465654751274, 217.61820884162896, 0.07917455390035119]
[731.0176463714897, 216.83837839057813, 0.07917455390035119]
[721.1887272678522, 216.0585479395273, 0.07917455390035119]
[711.3598081642145, 215.27871748847647, 0.07917455390035119]
[701.530889060577, 214.49888703742565, 0.07917455390035119]
[696.3990322469584, 213.73830714349015, 0.2150983961303412]
[686.2360933722277, 211.51792549695307, 0.21509839613034262]
[676.0731544974972, 209.297543850416, 0.21509839613034262]
[665.9102156227665, 207.07716220387888, 0.21509839613034262]
[655.7472767480358, 204.8567805573418, 0.21509839613034262]
[645.5843378733051, 202.63639891080473, 0.21509839613034262]
[635.4213989985744, 200.41601726426765, 0.21509839613034262]
[625.2584601238439, 198.19563561773055, 0.21509839613034262]
[615.0955212491132, 195.97525397119347, 0.21509839613034262]
[604.9325823743825, 193.7548723246564, 0.21509839613034262]
[594.7696434996518, 191.5344906781193, 0.21509839613034262]
[584.6067046249211, 189.31410903158223, 0.21509839613034262]
[574.4437657501906, 187.09372738504513, 0.21509839613034262]
[564.2808268754599, 184.87334573850805, 0.21509839613034262]
[554.1178880007292, 182.65296409197097, 0.21509839613034262]
[543.9549491259985, 180.4325824454339, 0.21509839613034262]
[533.7920102512679, 178.2122007988968, 0.21509839613034262]
[523.6290713765372, 175.9918191523597, 0.21509839613034262]
[513.4661325018066, 173.77143750582263, 0.21509839613034262]
[509.94429745770884, 172.8237710695034, 0.31061575613461256]
[507.5952578847573, 172.06971391507383, 0.31061575613461234]
[505.24621831180576, 171.31565676064423, 0.31061575613461234]
[502.8971787388542, 170.56159960621466, 0.31061575613461234]
[500.5481391659027, 169.80754245178508, 0.31061575613461234]
[498.19909959295114, 169.0534852973555, 0.31061575613461234]
[495.8500600199996, 168.2994281429259, 0.31061575613461234]
[493.50102044704806, 167.54537098849633, 0.31061575613461234]
[491.1519808740965, 166.79131383406676, 0.31061575613461234]
[488.802941301145, 166.03725667963718, 0.31061575613461234]
[486.45390172819344, 165.28319952520758, 0.31061575613461234]
[484.1048621552419, 164.529142370778, 0.31061575613461234]
[481.75582258229036, 163.77508521634843, 0.31061575613461234]
[479.4067830093388, 163.02102806191886, 0.31061575613461234]
[477.0577434363873, 162.26697090748925, 0.31061575613461234]
[474.70870386343574, 161.51291375305968, 0.31061575613461234]
[472.3596642904842, 160.7588565986301, 0.31061575613461234]
[470.01062471753266, 160.00479944420053, 0.31061575613461234]
[467.6615851445811, 159.25074228977093, 0.31061575613461234]
[465.3125455716296, 158.49668513534135, 0.31061575613461234]
[449.82828407156705, 153.86489439779638, 0.2901631748339561]
[435.09025812971566, 149.46425985088814, 0.2901631748339561]
[420.3522321878643, 145.06362530397993, 0.2901631748339561]
[405.61420624601294, 140.6629907570717, 0.2901631748339561]
[390.8761803041615, 136.2623562101635, 0.2901631748339561]
[376.13815436231016, 131.86172166325525, 0.2901631748339561]
[361.40012842045877, 127.46108711634702, 0.2901631748339561]
[346.6621024786074, 123.0604525694388, 0.2901631748339561]
[331.92407653675605, 118.65981802253057, 0.2901631748339561]
[317.18605059490466, 114.25918347562234, 0.2901631748339561]
[302.44802465305327, 109.8585489287141, 0.2901631748339561]
[287.7099987112019, 105.45791438180588, 0.2901631748339561]
[272.9719727693505, 101.05727983489766, 0.2901631748339561]
[258.23394682749915, 96.65664528798942, 0.2901631748339561]
[243.49592088564776, 92.2560107410812, 0.2901631748339561]
[228.75789494379637, 87.85537619417298, 0.2901631748339561]
[214.019869001945, 83.45474164726474, 0.2901631748339561]
[199.28184306009362, 79.05410710035652, 0.2901631748339561]
[198.87281156710924, 78.92947640347734, 0.3013577081547216]
[193.72367996527638, 77.32900014096316, 0.30135770815472185]
[188.5745483634435, 75.728523878449, 0.30135770815472185]
[183.42541676161065, 74.12804761593483, 0.30135770815472185]
[178.27628515977779, 72.52757135342065, 0.30135770815472185]
[173.12715355794492, 70.9270950909065, 0.30135770815472185]
[167.97802195611206, 69.32661882839233, 0.30135770815472185]
[162.8288903542792, 67.72614256587816, 0.30135770815472185]
[157.67975875244633, 66.125666303364, 0.30135770815472185]
[152.53062715061347, 64.52519004084984, 0.30135770815472185]
[147.3814955487806, 62.92471377833567, 0.30135770815472185]
[142.23236394694774, 61.32423751582151, 0.30135770815472185]
[137.08323234511488, 59.72376125330734, 0.30135770815472185]
[131.93410074328202, 58.123284990793174, 0.30135770815472185]
[126.78496914144917, 56.52280872827901, 0.30135770815472185]
[121.6358375396163, 54.92233246576484, 0.30135770815472185]
[116.48670593778344, 53.321856203250675, 0.30135770815472185]
[111.33757433595058, 51.72137994073651, 0.30135770815472185]
[111.33757433595058, 51.72137994073651, 0.30135770815472207]
[100.0, 50.00000000000001, 0.0]
>>>> 
>>>> inputs
[40.0, 0.0, 0.14095759656310763]
[40.0, 0.0, 0.14095759656310763]
[40.0, 0.0, 0.14095759656310763]
[40.0, 0.0, 0.14095759656310763]
[40.0, 0.0, 0.14095759656310763]
[40.0, 0.0, 0.14095759656310763]
[40.0, 0.0, 0.14095759656310763]
[40.0, 0.0, 0.14095759656310763]
[40.0, 0.0, 0.14095759656310763]
[40.0, 0.0, 0.14095759656310763]
[40.0, 0.0, 0.14095759656310763]
[40.0, 0.0, 0.14095759656310763]
[40.0, 0.8669840139434847, 0.14095759656310763]
[40.0, 0.8669840139434847, 0.14095759656310763]
[40.0, 0.8669840139434847, 0.14095759656310763]
[40.0, 0.8669840139434847, 0.14095759656310763]
[40.0, 0.8669840139434847, 0.14095759656310763]
[40.0, 0.8669840139434847, 0.14095759656310763]
[40.0, 0.8669840139434847, 0.14095759656310763]
[40.0, 0.0, 0.14095759656310763]
[40.0, 0.0, 0.18589303494463472]
[40.0, 0.0, 0.18589303494463472]
[40.0, 0.0, 0.18589303494463472]
[40.0, 0.0, 0.18589303494463472]
[40.0, 0.0, 0.18589303494463472]
[40.0, 0.0, 0.18589303494463472]
[40.0, 0.0, 0.18589303494463472]
[40.0, 0.0, 0.18589303494463472]
[40.0, 0.0, 0.18589303494463472]
[40.0, 0.0, 0.18589303494463472]
[40.0, 0.0, 0.18589303494463472]
[40.0, 0.0, 0.18589303494463472]
[40.0, 0.0, 0.18589303494463472]
[40.0, 0.0, 0.18589303494463472]
[40.0, 0.0, 0.18589303494463472]
[40.0, 0.0, 0.18589303494463472]
[40.0, 0.0, 0.18589303494463472]
[40.0, -0.8669840139434847, 0.18589303494463472]
[40.0, 0.0, 0.18589303494463472]
[40.0, 0.0, 0.18589303494463472]
[40.0, 0.0, 0.15565073154750028]
[40.0, 0.0, 0.15565073154750028]
[40.0, 0.0, 0.15565073154750028]
[40.0, 0.0, 0.15565073154750028]
[40.0, 0.0, 0.15565073154750028]
[40.0, 0.0, 0.15565073154750028]
[40.0, 0.0, 0.15565073154750028]
[40.0, 0.0, 0.15565073154750028]
[40.0, 0.0, 0.15565073154750028]
[40.0, 0.0, 0.15565073154750028]
[40.0, 0.0, 0.15565073154750028]
[40.0, 0.0, 0.15565073154750028]
[40.0, 0.0, 0.15565073154750028]
[40.0, 0.0, 0.15565073154750028]
[40.0, 0.8669840139434847, 0.15565073154750028]
[40.0, 0.8669840139434847, 0.15565073154750028]
[40.0, 0.8669840139434847, 0.15565073154750028]
[40.0, 0.0, 0.15565073154750028]
[40.0, 0.0, 0.15565073154750028]
[40.0, 0.0, 0.15565073154750028]
[40.0, 0.0, 0.22833553401384338]
[40.0, 0.0, 0.22833553401384338]
[40.0, 0.0, 0.22833553401384338]
[40.0, 0.0, 0.22833553401384338]
[40.0, 0.0, 0.22833553401384338]
[40.0, 0.0, 0.22833553401384338]
[40.0, 0.0, 0.22833553401384338]
[40.0, 0.0, 0.22833553401384338]
[40.0, 0.0, 0.22833553401384338]
[40.0, 0.0, 0.22833553401384338]
[40.0, 0.0, 0.22833553401384338]
[40.0, 0.0, 0.22833553401384338]
[40.0, 0.0, 0.22833553401384338]
[40.0, 0.0, 0.22833553401384338]
[40.0, 0.0, 0.22833553401384338]
[40.0, -0.8669840139434847, 0.22833553401384338]
[40.0, 0.0, 0.22833553401384338]
[40.0, 0.0, 0.22833553401384338]
[40.0, 0.0, 0.22833553401384338]
[40.0, 0.0, 0.22833553401384338]
[40.0, 0.0, 0.23862056116835711]
[40.0, 0.0, 0.23862056116835711]
[40.0, 0.0, 0.23862056116835711]
[40.0, 0.0, 0.23862056116835711]
[40.0, 0.0, 0.23862056116835711]
[40.0, 0.0, 0.23862056116835711]
[40.0, 0.0, 0.23862056116835711]
[40.0, 0.0, 0.23862056116835711]
[40.0, 0.0, 0.23862056116835711]
[40.0, 0.0, 0.23862056116835711]
[40.0, 0.0, 0.23862056116835711]
[40.0, 0.0, 0.23862056116835711]
[40.0, 0.0, 0.23862056116835711]
[40.0, 0.0, 0.23862056116835711]
[40.0, -0.8669840139434847, 0.23862056116835711]
[40.0, 0.0, 0.23862056116835711]
[40.0, 0.0, 0.23862056116835711]
[40.0, 0.0, 0.23862056116835711]
[40.0, 0.0, 0.23862056116835711]
[40.0, 0.0, 0.23862056116835711]
[40.0, 0.0, 0.05957019606096177]
[40.0, 0.0, 0.05957019606096177]
[40.0, 0.0, 0.05957019606096177]
[40.0, 0.0, 0.05957019606096177]
[40.0, 0.0, 0.05957019606096177]
[40.0, 0.0, 0.05957019606096177]
[40.0, 0.0, 0.05957019606096177]
[40.0, 0.0, 0.05957019606096177]
[40.0, 0.0, 0.05957019606096177]
[40.0, 0.0, 0.05957019606096177]
[40.0, 0.0, 0.05957019606096177]
[40.0, 0.0, 0.05957019606096177]
[40.0, 0.0, 0.05957019606096177]
[40.0, 0.0, 0.05957019606096177]
[40.0, 0.0, 0.05957019606096177]
[40.0, 0.0, 0.05957019606096177]
[40.0, 0.0, 0.05957019606096177]
[40.0, 0.0, 0.05957019606096177]
[40.0, 0.0, 0.05957019606096177]
[40.0, 0.0, 0.05957019606096177]
[40.0, 0.0, 0.34660687677232704]
[40.0, 0.0, 0.34660687677232704]
[40.0, 0.0, 0.34660687677232704]
[40.0, 0.0, 0.34660687677232704]
[40.0, 0.0, 0.34660687677232704]
[40.0, 0.0, 0.34660687677232704]
[40.0, 0.0, 0.34660687677232704]
[40.0, 0.0, 0.34660687677232704]
[40.0, 0.0, 0.34660687677232704]
[40.0, 0.0, 0.34660687677232704]
[40.0, 0.0, 0.34660687677232704]
[40.0, 0.0, 0.34660687677232704]
[40.0, -0.8669840139434847, 0.34660687677232704]
[40.0, 0.0, 0.34660687677232704]
[40.0, 0.0, 0.34660687677232704]
[40.0, 0.0, 0.34660687677232704]
[40.0, 0.0, 0.34660687677232704]
[40.0, 0.0, 0.34660687677232704]
[40.0, 0.0, 0.34660687677232704]
[40.0, 0.0, 0.34660687677232704]
[40.0, 0.0, 0.1289715619027102]
[40.0, 0.0, 0.1289715619027102]
[40.0, 0.0, 0.1289715619027102]
[40.0, 0.0, 0.1289715619027102]
[40.0, 0.0, 0.1289715619027102]
[40.0, 0.0, 0.1289715619027102]
[40.0, 0.0, 0.1289715619027102]
[40.0, 0.0, 0.1289715619027102]
[40.0, 0.0, 0.1289715619027102]
[40.0, 0.0, 0.1289715619027102]
[40.0, 0.8669840139434847, 0.1289715619027102]
[40.0, 0.8669840139434847, 0.1289715619027102]
>>>> 
----------------------------
Path number   : 1
Path length   : 1164.1503802361099
Time required : 33.661126136779785 s
>>>> Nodes
[1096.8776890335348, 512.2843629878828, 1.0680499885228123]
[1095.4090876440828, 509.61356596301323, 1.0680499885228123]
[1093.9404862546307, 506.9427689381437, 1.0680499885228123]
[1092.4718848651785, 504.2719719132741, 1.0680499885228123]
[1091.0032834757264, 501.60117488840456, 1.0680499885228123]
[1089.5346820862744, 498.93037786353494, 1.0680499885228123]
[1088.0660806968224, 496.2595808386654, 1.0680499885228123]
[1086.5974793073701, 493.5887838137958, 1.0680499885228123]
[1085.128877917918, 490.91798678892627, 1.0680499885228123]
[1083.660276528466, 488.2471897640567, 1.0680499885228123]
[1082.191675139014, 485.57639273918716, 1.0680499885228123]
[1080.7230737495618, 482.9055957143176, 1.0680499885228123]
[1079.2544723601097, 480.23479868944804, 1.0680499885228123]
[1077.7858709706577, 477.5640016645784, 1.0680499885228123]
[1076.3172695812057, 474.89320463970887, 1.0680499885228123]
[1074.8486681917534, 472.2224076148393, 1.0680499885228123]
[1073.3800668023014, 469.55161058996975, 1.0680499885228123]
[1071.9114654128493, 466.8808135651002, 1.0680499885228123]
[1071.9114654128493, 466.8808135651002, 1.0680499885228119]
[1068.3726424468196, 461.5557018854971, 0.9004658807243802]
[1063.4689541761413, 455.3703629706812, 0.9004658807243799]
[1058.565265905463, 449.18502405586526, 0.9004658807243799]
[1053.6615776347849, 442.9996851410493, 0.9004658807243799]
[1048.7578893641069, 436.8143462262334, 0.9004658807243799]
[1043.8542010934286, 430.62900731141747, 0.9004658807243799]
[1038.9505128227504, 424.4436683966015, 0.9004658807243799]
[1034.0468245520722, 418.25832948178555, 0.9004658807243799]
[1029.143136281394, 412.0729905669696, 0.9004658807243799]
[1024.239448010716, 405.8876516521537, 0.9004658807243799]
[1019.3357597400376, 399.70231273733776, 0.9004658807243799]
[1014.4320714693595, 393.51697382252183, 0.9004658807243799]
[1009.5283831986812, 387.3316349077059, 0.9004658807243799]
[1004.624694928003, 381.14629599289, 0.9004658807243799]
[999.7210066573249, 374.960957078074, 0.9004658807243799]
[994.8173183866467, 368.77561816325806, 0.9004658807243799]
[989.9136301159684, 362.59027924844213, 0.9004658807243799]
[985.0099418452903, 356.4049403336262, 0.9004658807243799]
[980.1062535746121, 350.21960141881027, 0.9004658807243799]
[978.6668050153056, 348.2810944150733, 0.9636879328692709]
[973.875800506584, 341.3838254372075, 0.9636879328692709]
[969.0847959978626, 334.48655645934167, 0.9636879328692709]
[964.293791489141, 327.5892874814759, 0.9636879328692709]
[959.5027869804194, 320.69201850361003, 0.9636879328692709]
[954.7117824716979, 313.79474952574424, 0.9636879328692709]
[949.9207779629763, 306.89748054787844, 0.9636879328692709]
[945.1297734542547, 300.0002115700126, 0.9636879328692709]
[940.3387689455333, 293.1029425921468, 0.9636879328692709]
[935.5477644368117, 286.20567361428095, 0.9636879328692709]
[930.7567599280901, 279.30840463641516, 0.9636879328692709]
[925.9657554193686, 272.41113565854937, 0.9636879328692709]
[921.174750910647, 265.5138666806835, 0.9636879328692709]
[916.3837464019255, 258.6165977028177, 0.9636879328692709]
[911.592741893204, 251.7193287249519, 0.9636879328692709]
[906.8017373844824, 244.8220597470861, 0.9636879328692709]
[906.8017373844824, 244.8220597470861, 0.9636879328692706]
[899.1158216102414, 236.64632537529, 0.6688501398796313]
[889.385815679841, 231.0567888648744, 0.37401234688999185]
[878.4514329260535, 228.53583515634062, 0.07917455390035255]
[868.6225138224158, 227.75600470528977, 0.07917455390035119]
[858.7935947187783, 226.97617425423894, 0.07917455390035119]
[848.9646756151408, 226.1963438031881, 0.07917455390035119]
[839.1357565115031, 225.41651335213726, 0.07917455390035119]
[829.3068374078656, 224.63668290108643, 0.07917455390035119]
[819.477918304228, 223.8568524500356, 0.07917455390035119]
[809.6489992005904, 223.07702199898478, 0.07917455390035119]
[799.8200800969528, 222.29719154793395, 0.07917455390035119]
[789.9911609933152, 221.51736109688312, 0.07917455390035119]
[780.1622418896777, 220.7375306458323, 0.07917455390035119]
[770.3333227860401, 219.95770019478147, 0.07917455390035119]
[760.5044036824025, 219.17786974373064, 0.07917455390035119]
[750.6754845787649, 218.3980392926798, 0.07917455390035119]
[740.8465654751274, 217.61820884162896, 0.07917455390035119]
[731.0176463714897, 216.83837839057813, 0.07917455390035119]
[721.1887272678522, 216.0585479395273, 0.07917455390035119]
[711.3598081642145, 215.27871748847647, 0.07917455390035119]
[701.530889060577, 214.49888703742565, 0.07917455390035119]
[696.3990322469584, 213.73830714349015, 0.2150983961303412]
[686.2360933722277, 211.51792549695307, 0.21509839613034262]
[676.0731544974972, 209.297543850416, 0.21509839613034262]
[665.9102156227665, 207.07716220387888, 0.21509839613034262]
[655.7472767480358, 204.8567805573418, 0.21509839613034262]
[645.5843378733051, 202.63639891080473, 0.21509839613034262]
[635.4213989985744, 200.41601726426765, 0.21509839613034262]
[625.2584601238439, 198.19563561773055, 0.21509839613034262]
[615.0955212491132, 195.97525397119347, 0.21509839613034262]
[604.9325823743825, 193.7548723246564, 0.21509839613034262]
[594.7696434996518, 191.5344906781193, 0.21509839613034262]
[584.6067046249211, 189.31410903158223, 0.21509839613034262]
[574.4437657501906, 187.09372738504513, 0.21509839613034262]
[564.2808268754599, 184.87334573850805, 0.21509839613034262]
[554.1178880007292, 182.65296409197097, 0.21509839613034262]
[543.9549491259985, 180.4325824454339, 0.21509839613034262]
[533.7920102512679, 178.2122007988968, 0.21509839613034262]
[523.6290713765372, 175.9918191523597, 0.21509839613034262]
[513.4661325018066, 173.77143750582263, 0.21509839613034262]
[509.94429745770884, 172.8237710695034, 0.31061575613461256]
[507.5952578847573, 172.06971391507383, 0.31061575613461234]
[505.24621831180576, 171.31565676064423, 0.31061575613461234]
[502.8971787388542, 170.56159960621466, 0.31061575613461234]
[500.5481391659027, 169.80754245178508, 0.31061575613461234]
[498.19909959295114, 169.0534852973555, 0.31061575613461234]
[495.8500600199996, 168.2994281429259, 0.31061575613461234]
[493.50102044704806, 167.54537098849633, 0.31061575613461234]
[491.1519808740965, 166.79131383406676, 0.31061575613461234]
[488.802941301145, 166.03725667963718, 0.31061575613461234]
[486.45390172819344, 165.28319952520758, 0.31061575613461234]
[484.1048621552419, 164.529142370778, 0.31061575613461234]
[481.75582258229036, 163.77508521634843, 0.31061575613461234]
[479.4067830093388, 163.02102806191886, 0.31061575613461234]
[477.0577434363873, 162.26697090748925, 0.31061575613461234]
[474.70870386343574, 161.51291375305968, 0.31061575613461234]
[472.3596642904842, 160.7588565986301, 0.31061575613461234]
[470.01062471753266, 160.00479944420053, 0.31061575613461234]
[467.6615851445811, 159.25074228977093, 0.31061575613461234]
[465.3125455716296, 158.49668513534135, 0.31061575613461234]
[449.82828407156705, 153.86489439779638, 0.2901631748339561]
[435.09025812971566, 149.46425985088814, 0.2901631748339561]
[420.3522321878643, 145.06362530397993, 0.2901631748339561]
[405.61420624601294, 140.6629907570717, 0.2901631748339561]
[390.8761803041615, 136.2623562101635, 0.2901631748339561]
[376.13815436231016, 131.86172166325525, 0.2901631748339561]
[361.40012842045877, 127.46108711634702, 0.2901631748339561]
[346.6621024786074, 123.0604525694388, 0.2901631748339561]
[331.92407653675605, 118.65981802253057, 0.2901631748339561]
[317.18605059490466, 114.25918347562234, 0.2901631748339561]
[302.44802465305327, 109.8585489287141, 0.2901631748339561]
[287.7099987112019, 105.45791438180588, 0.2901631748339561]
[272.9719727693505, 101.05727983489766, 0.2901631748339561]
[258.23394682749915, 96.65664528798942, 0.2901631748339561]
[243.49592088564776, 92.2560107410812, 0.2901631748339561]
[228.75789494379637, 87.85537619417298, 0.2901631748339561]
[214.019869001945, 83.45474164726474, 0.2901631748339561]
[199.28184306009362, 79.05410710035652, 0.2901631748339561]
[198.87281156710924, 78.92947640347734, 0.3013577081547216]
[193.72367996527638, 77.32900014096316, 0.30135770815472185]
[188.5745483634435, 75.728523878449, 0.30135770815472185]
[183.42541676161065, 74.12804761593483, 0.30135770815472185]
[178.27628515977779, 72.52757135342065, 0.30135770815472185]
[173.12715355794492, 70.9270950909065, 0.30135770815472185]
[167.97802195611206, 69.32661882839233, 0.30135770815472185]
[162.8288903542792, 67.72614256587816, 0.30135770815472185]
[157.67975875244633, 66.125666303364, 0.30135770815472185]
[152.53062715061347, 64.52519004084984, 0.30135770815472185]
[147.3814955487806, 62.92471377833567, 0.30135770815472185]
[142.23236394694774, 61.32423751582151, 0.30135770815472185]
[137.08323234511488, 59.72376125330734, 0.30135770815472185]
[131.93410074328202, 58.123284990793174, 0.30135770815472185]
[126.78496914144917, 56.52280872827901, 0.30135770815472185]
[121.6358375396163, 54.92233246576484, 0.30135770815472185]
[116.48670593778344, 53.321856203250675, 0.30135770815472185]
[111.33757433595058, 51.72137994073651, 0.30135770815472185]
[111.33757433595058, 51.72137994073651, 0.30135770815472207]
[100.0, 50.00000000000001, 0.0]
>>>> 
>>>> inputs
[40.0, 0.0, 0.07277030653138634]
[40.0, 0.0, 0.07277030653138634]
[40.0, 0.0, 0.07277030653138634]
[40.0, 0.0, 0.07277030653138634]
[40.0, 0.0, 0.07277030653138634]
[40.0, 0.0, 0.07277030653138634]
[40.0, 0.0, 0.07277030653138634]
[40.0, 0.0, 0.07277030653138634]
[40.0, 0.0, 0.07277030653138634]
[40.0, 0.0, 0.07277030653138634]
[40.0, 0.0, 0.07277030653138634]
[40.0, 0.0, 0.07277030653138634]
[40.0, 0.0, 0.07277030653138634]
[40.0, 0.0, 0.07277030653138634]
[40.0, 0.0, 0.07277030653138634]
[40.0, 0.0, 0.07277030653138634]
[40.0, 0.0, 0.07277030653138634]
[40.0, 0.8669840139434847, 0.07277030653138634]
[40.0, 0.8669840139434847, 0.07277030653138634]
[40.0, 0.0, 0.07277030653138634]
[40.0, 0.0, 0.18061843827539809]
[40.0, 0.0, 0.18061843827539809]
[40.0, 0.0, 0.18061843827539809]
[40.0, 0.0, 0.18061843827539809]
[40.0, 0.0, 0.18061843827539809]
[40.0, 0.0, 0.18061843827539809]
[40.0, 0.0, 0.18061843827539809]
[40.0, 0.0, 0.18061843827539809]
[40.0, 0.0, 0.18061843827539809]
[40.0, 0.0, 0.18061843827539809]
[40.0, 0.0, 0.18061843827539809]
[40.0, 0.0, 0.18061843827539809]
[40.0, 0.0, 0.18061843827539809]
[40.0, 0.0, 0.18061843827539809]
[40.0, 0.0, 0.18061843827539809]
[40.0, 0.0, 0.18061843827539809]
[40.0, 0.0, 0.18061843827539809]
[40.0, -0.8669840139434847, 0.18061843827539809]
[40.0, 0.0, 0.18061843827539809]
[40.0, 0.0, 0.18061843827539809]
[40.0, 0.0, 0.19969450057015342]
[40.0, 0.0, 0.19969450057015342]
[40.0, 0.0, 0.19969450057015342]
[40.0, 0.0, 0.19969450057015342]
[40.0, 0.0, 0.19969450057015342]
[40.0, 0.0, 0.19969450057015342]
[40.0, 0.0, 0.19969450057015342]
[40.0, 0.0, 0.19969450057015342]
[40.0, 0.0, 0.19969450057015342]
[40.0, 0.0, 0.19969450057015342]
[40.0, 0.0, 0.19969450057015342]
[40.0, 0.0, 0.19969450057015342]
[40.0, 0.0, 0.19969450057015342]
[40.0, 0.8669840139434847, 0.19969450057015342]
[40.0, 0.8669840139434847, 0.19969450057015342]
[40.0, 0.8669840139434847, 0.19969450057015342]
[40.0, 0.8669840139434847, 0.19969450057015342]
[40.0, 0.0, 0.19969450057015342]
[40.0, 0.0, 0.19969450057015342]
[40.0, 0.0, 0.19969450057015342]
[40.0, 0.0, 0.22833553401384338]
[40.0, 0.0, 0.22833553401384338]
[40.0, 0.0, 0.22833553401384338]
[40.0, 0.0, 0.22833553401384338]
[40.0, 0.0, 0.22833553401384338]
[40.0, 0.0, 0.22833553401384338]
[40.0, 0.0, 0.22833553401384338]
[40.0, 0.0, 0.22833553401384338]
[40.0, 0.0, 0.22833553401384338]
[40.0, 0.0, 0.22833553401384338]
[40.0, 0.0, 0.22833553401384338]
[40.0, 0.0, 0.22833553401384338]
[40.0, 0.0, 0.22833553401384338]
[40.0, 0.0, 0.22833553401384338]
[40.0, 0.0, 0.22833553401384338]
[40.0, -0.8669840139434847, 0.22833553401384338]
[40.0, 0.0, 0.22833553401384338]
[40.0, 0.0, 0.22833553401384338]
[40.0, 0.0, 0.22833553401384338]
[40.0, 0.0, 0.22833553401384338]
[40.0, 0.0, 0.23862056116835711]
[40.0, 0.0, 0.23862056116835711]
[40.0, 0.0, 0.23862056116835711]
[40.0, 0.0, 0.23862056116835711]
[40.0, 0.0, 0.23862056116835711]
[40.0, 0.0, 0.23862056116835711]
[40.0, 0.0, 0.23862056116835711]
[40.0, 0.0, 0.23862056116835711]
[40.0, 0.0, 0.23862056116835711]
[40.0, 0.0, 0.23862056116835711]
[40.0, 0.0, 0.23862056116835711]
[40.0, 0.0, 0.23862056116835711]
[40.0, 0.0, 0.23862056116835711]
[40.0, 0.0, 0.23862056116835711]
[40.0, -0.8669840139434847, 0.23862056116835711]
[40.0, 0.0, 0.23862056116835711]
[40.0, 0.0, 0.23862056116835711]
[40.0, 0.0, 0.23862056116835711]
[40.0, 0.0, 0.23862056116835711]
[40.0, 0.0, 0.23862056116835711]
[40.0, 0.0, 0.05957019606096177]
[40.0, 0.0, 0.05957019606096177]
[40.0, 0.0, 0.05957019606096177]
[40.0, 0.0, 0.05957019606096177]
[40.0, 0.0, 0.05957019606096177]
[40.0, 0.0, 0.05957019606096177]
[40.0, 0.0, 0.05957019606096177]
[40.0, 0.0, 0.05957019606096177]
[40.0, 0.0, 0.05957019606096177]
[40.0, 0.0, 0.05957019606096177]
[40.0, 0.0, 0.05957019606096177]
[40.0, 0.0, 0.05957019606096177]
[40.0, 0.0, 0.05957019606096177]
[40.0, 0.0, 0.05957019606096177]
[40.0, 0.0, 0.05957019606096177]
[40.0, 0.0, 0.05957019606096177]
[40.0, 0.0, 0.05957019606096177]
[40.0, 0.0, 0.05957019606096177]
[40.0, 0.0, 0.05957019606096177]
[40.0, 0.0, 0.05957019606096177]
[40.0, 0.0, 0.34660687677232704]
[40.0, 0.0, 0.34660687677232704]
[40.0, 0.0, 0.34660687677232704]
[40.0, 0.0, 0.34660687677232704]
[40.0, 0.0, 0.34660687677232704]
[40.0, 0.0, 0.34660687677232704]
[40.0, 0.0, 0.34660687677232704]
[40.0, 0.0, 0.34660687677232704]
[40.0, 0.0, 0.34660687677232704]
[40.0, 0.0, 0.34660687677232704]
[40.0, 0.0, 0.34660687677232704]
[40.0, 0.0, 0.34660687677232704]
[40.0, -0.8669840139434847, 0.34660687677232704]
[40.0, 0.0, 0.34660687677232704]
[40.0, 0.0, 0.34660687677232704]
[40.0, 0.0, 0.34660687677232704]
[40.0, 0.0, 0.34660687677232704]
[40.0, 0.0, 0.34660687677232704]
[40.0, 0.0, 0.34660687677232704]
[40.0, 0.0, 0.34660687677232704]
[40.0, 0.0, 0.1289715619027102]
[40.0, 0.0, 0.1289715619027102]
[40.0, 0.0, 0.1289715619027102]
[40.0, 0.0, 0.1289715619027102]
[40.0, 0.0, 0.1289715619027102]
[40.0, 0.0, 0.1289715619027102]
[40.0, 0.0, 0.1289715619027102]
[40.0, 0.0, 0.1289715619027102]
[40.0, 0.0, 0.1289715619027102]
[40.0, 0.0, 0.1289715619027102]
[40.0, 0.8669840139434847, 0.1289715619027102]
[40.0, 0.8669840139434847, 0.1289715619027102]
>>>> 
----------------------------
Path number   : 2
Path length   : 1158.6253752831126
Time required : 60.840782165527344 s
>>>> Nodes
[1098.292197105633, 514.1849421387744, 1.33283762960524]
[1097.762573041972, 512.0014136916942, 1.33283762960524]
[1097.232948978311, 509.81788524461405, 1.33283762960524]
[1096.70332491465, 507.6343567975339, 1.33283762960524]
[1096.173700850989, 505.4508283504537, 1.33283762960524]
[1095.644076787328, 503.2672999033735, 1.33283762960524]
[1095.114452723667, 501.08377145629333, 1.33283762960524]
[1094.5848286600058, 498.90024300921317, 1.33283762960524]
[1094.0552045963448, 496.71671456213295, 1.33283762960524]
[1093.5255805326838, 494.5331861150528, 1.33283762960524]
[1092.9959564690228, 492.3496576679726, 1.33283762960524]
[1092.4663324053618, 490.1661292208924, 1.33283762960524]
[1091.9367083417008, 487.98260077381224, 1.33283762960524]
[1091.9367083417008, 487.98260077381224, 1.3328376296052398]
[1091.1829168164445, 485.3046684185829, 1.2599889355247895]
[1090.2362131958448, 482.6887028955922, 1.1871402414443393]
[1089.1016193503742, 480.1485808181021, 1.114291547363889]
[1087.7851538303019, 477.6977764813194, 1.041442853283439]
[1086.2937999397784, 475.3492903868421, 0.9685941592029886]
[1084.635468693301, 473.1155802803849, 0.8957454651225384]
[1080.4032903961934, 467.82871717059913, 0.8957454651225405]
[1076.1711120990856, 462.54185406081336, 0.8957454651225405]
[1071.938933801978, 457.2549909510276, 0.8957454651225405]
[1067.7067555048704, 451.96812784124177, 0.8957454651225405]
[1063.4745772077626, 446.68126473145594, 0.8957454651225405]
[1059.242398910655, 441.39440162167017, 0.8957454651225405]
[1055.0102206135475, 436.1075385118844, 0.8957454651225405]
[1050.7780423164397, 430.8206754020986, 0.8957454651225405]
[1046.5458640193322, 425.5338122923128, 0.8957454651225405]
[1042.3136857222246, 420.246949182527, 0.8957454651225405]
[1038.081507425117, 414.9600860727412, 0.8957454651225405]
[1033.8493291280092, 409.6732229629554, 0.8957454651225405]
[1029.6171508309017, 404.3863598531696, 0.8957454651225405]
[1025.384972533794, 399.0994967433838, 0.8957454651225405]
[1021.1527942366864, 393.812633633598, 0.8957454651225405]
[1016.9206159395787, 388.5257705238122, 0.8957454651225405]
[1012.6884376424711, 383.2389074140264, 0.8957454651225405]
[1008.4562593453635, 377.9520443042406, 0.8957454651225405]
[1004.2240810482558, 372.6651811944548, 0.8957454651225405]
[999.7027832854271, 367.4668954940046, 0.8488397278502438]
[996.3335519007361, 363.6405521612021, 0.8488397278502438]
[992.9643205160452, 359.8142088283996, 0.8488397278502438]
[989.5950891313543, 355.9878654955972, 0.8488397278502438]
[986.2258577466633, 352.1615221627947, 0.8488397278502438]
[982.8566263619723, 348.3351788299923, 0.8488397278502438]
[979.4873949772814, 344.5088354971898, 0.8488397278502438]
[976.1181635925905, 340.6824921643873, 0.8488397278502438]
[972.7489322078995, 336.8561488315849, 0.8488397278502438]
[969.3797008232085, 333.0298054987824, 0.8488397278502438]
[966.0104694385176, 329.20346216598, 0.8488397278502438]
[962.6412380538267, 325.3771188331775, 0.8488397278502438]
[959.2720066691356, 321.5507755003751, 0.8488397278502438]
[955.9027752844447, 317.7244321675726, 0.8488397278502438]
[952.5335438997538, 313.8980888347702, 0.8488397278502438]
[949.1643125150629, 310.0717455019677, 0.8488397278502438]
[945.7950811303718, 306.2454021691653, 0.8488397278502438]
[942.4258497456809, 302.4190588363628, 0.8488397278502438]
[938.3180478391299, 298.4070106017313, 0.6983726086014515]
[933.5183070996325, 294.3775790903854, 0.6983726086014518]
[928.718566360135, 290.34814757903945, 0.6983726086014518]
[923.9188256206376, 286.3187160676935, 0.6983726086014518]
[919.1190848811402, 282.2892845563476, 0.6983726086014518]
[914.3193441416428, 278.25985304500165, 0.6983726086014518]
[909.5196034021453, 274.2304215336557, 0.6983726086014518]
[904.7198626626479, 270.2009900223098, 0.6983726086014518]
[899.9201219231504, 266.17155851096385, 0.6983726086014518]
[895.120381183653, 262.1421269996179, 0.6983726086014518]
[890.3206404441555, 258.112695488272, 0.6983726086014518]
[885.5208997046581, 254.08326397692602, 0.6983726086014518]
[880.7211589651606, 250.0538324655801, 0.6983726086014518]
[875.9214182256633, 246.02440095423415, 0.6983726086014518]
[871.1216774861658, 241.99496944288822, 0.6983726086014518]
[866.3219367466684, 237.9655379315423, 0.6983726086014518]
[861.5221960071709, 233.93610642019635, 0.6983726086014518]
[861.5221960071709, 233.93610642019635, 0.6983726086014519]
[851.3942192839905, 227.82499397257703, 0.38744315573060883]
[839.8822268131942, 225.10550188671664, 0.07651370285976578]
[832.2016707826738, 224.51668460925478, 0.07651370285976526]
[824.5211147521533, 223.92786733179298, 0.07651370285976526]
[816.8405587216329, 223.33905005433115, 0.07651370285976526]
[809.1600026911125, 222.75023277686932, 0.07651370285976526]
[801.479446660592, 222.16141549940752, 0.07651370285976526]
[793.7988906300716, 221.5725982219457, 0.07651370285976526]
[786.1183345995512, 220.9837809444839, 0.07651370285976526]
[778.4377785690307, 220.39496366702207, 0.07651370285976526]
[770.7572225385103, 219.80614638956024, 0.07651370285976526]
[763.0766665079899, 219.21732911209844, 0.07651370285976526]
[755.3961104774694, 218.6285118346366, 0.07651370285976526]
[747.715554446949, 218.0396945571748, 0.07651370285976526]
[740.0349984164286, 217.45087727971298, 0.07651370285976526]
[732.3544423859081, 216.86206000225116, 0.07651370285976526]
[724.6738863553877, 216.27324272478936, 0.07651370285976526]
[716.9933303248673, 215.68442544732753, 0.07651370285976526]
[709.3127742943468, 215.09560816986573, 0.07651370285976526]
[701.6322182638264, 214.5067908924039, 0.07651370285976526]
[696.3990322469584, 213.73830714349015, 0.2150983961303412]
[686.2360933722277, 211.51792549695307, 0.21509839613034262]
[676.0731544974972, 209.297543850416, 0.21509839613034262]
[665.9102156227665, 207.07716220387888, 0.21509839613034262]
[655.7472767480358, 204.8567805573418, 0.21509839613034262]
[645.5843378733051, 202.63639891080473, 0.21509839613034262]
[635.4213989985744, 200.41601726426765, 0.21509839613034262]
[625.2584601238439, 198.19563561773055, 0.21509839613034262]
[615.0955212491132, 195.97525397119347, 0.21509839613034262]
[604.9325823743825, 193.7548723246564, 0.21509839613034262]
[594.7696434996518, 191.5344906781193, 0.21509839613034262]
[584.6067046249211, 189.31410903158223, 0.21509839613034262]
[574.4437657501906, 187.09372738504513, 0.21509839613034262]
[564.2808268754599, 184.87334573850805, 0.21509839613034262]
[554.1178880007292, 182.65296409197097, 0.21509839613034262]
[543.9549491259985, 180.4325824454339, 0.21509839613034262]
[533.7920102512679, 178.2122007988968, 0.21509839613034262]
[523.6290713765372, 175.9918191523597, 0.21509839613034262]
[513.4661325018066, 173.77143750582263, 0.21509839613034262]
[509.94429745770884, 172.8237710695034, 0.31061575613461256]
[507.5952578847573, 172.06971391507383, 0.31061575613461234]
[505.24621831180576, 171.31565676064423, 0.31061575613461234]
[502.8971787388542, 170.56159960621466, 0.31061575613461234]
[500.5481391659027, 169.80754245178508, 0.31061575613461234]
[498.19909959295114, 169.0534852973555, 0.31061575613461234]
[495.8500600199996, 168.2994281429259, 0.31061575613461234]
[493.50102044704806, 167.54537098849633, 0.31061575613461234]
[491.1519808740965, 166.79131383406676, 0.31061575613461234]
[488.802941301145, 166.03725667963718, 0.31061575613461234]
[486.45390172819344, 165.28319952520758, 0.31061575613461234]
[484.1048621552419, 164.529142370778, 0.31061575613461234]
[481.75582258229036, 163.77508521634843, 0.31061575613461234]
[479.4067830093388, 163.02102806191886, 0.31061575613461234]
[477.0577434363873, 162.26697090748925, 0.31061575613461234]
[474.70870386343574, 161.51291375305968, 0.31061575613461234]
[472.3596642904842, 160.7588565986301, 0.31061575613461234]
[470.01062471753266, 160.00479944420053, 0.31061575613461234]
[467.6615851445811, 159.25074228977093, 0.31061575613461234]
[465.3125455716296, 158.49668513534135, 0.31061575613461234]
[449.82828407156705, 153.86489439779638, 0.2901631748339561]
[435.09025812971566, 149.46425985088814, 0.2901631748339561]
[420.3522321878643, 145.06362530397993, 0.2901631748339561]
[405.61420624601294, 140.6629907570717, 0.2901631748339561]
[390.8761803041615, 136.2623562101635, 0.2901631748339561]
[376.13815436231016, 131.86172166325525, 0.2901631748339561]
[361.40012842045877, 127.46108711634702, 0.2901631748339561]
[346.6621024786074, 123.0604525694388, 0.2901631748339561]
[331.92407653675605, 118.65981802253057, 0.2901631748339561]
[317.18605059490466, 114.25918347562234, 0.2901631748339561]
[302.44802465305327, 109.8585489287141, 0.2901631748339561]
[287.7099987112019, 105.45791438180588, 0.2901631748339561]
[272.9719727693505, 101.05727983489766, 0.2901631748339561]
[258.23394682749915, 96.65664528798942, 0.2901631748339561]
[243.49592088564776, 92.2560107410812, 0.2901631748339561]
[228.75789494379637, 87.85537619417298, 0.2901631748339561]
[214.019869001945, 83.45474164726474, 0.2901631748339561]
[199.28184306009362, 79.05410710035652, 0.2901631748339561]
[198.87281156710924, 78.92947640347734, 0.3013577081547216]
[193.72367996527638, 77.32900014096316, 0.30135770815472185]
[188.5745483634435, 75.728523878449, 0.30135770815472185]
[183.42541676161065, 74.12804761593483, 0.30135770815472185]
[178.27628515977779, 72.52757135342065, 0.30135770815472185]
[173.12715355794492, 70.9270950909065, 0.30135770815472185]
[167.97802195611206, 69.32661882839233, 0.30135770815472185]
[162.8288903542792, 67.72614256587816, 0.30135770815472185]
[157.67975875244633, 66.125666303364, 0.30135770815472185]
[152.53062715061347, 64.52519004084984, 0.30135770815472185]
[147.3814955487806, 62.92471377833567, 0.30135770815472185]
[142.23236394694774, 61.32423751582151, 0.30135770815472185]
[137.08323234511488, 59.72376125330734, 0.30135770815472185]
[131.93410074328202, 58.123284990793174, 0.30135770815472185]
[126.78496914144917, 56.52280872827901, 0.30135770815472185]
[121.6358375396163, 54.92233246576484, 0.30135770815472185]
[116.48670593778344, 53.321856203250675, 0.30135770815472185]
[111.33757433595058, 51.72137994073651, 0.30135770815472185]
[111.33757433595058, 51.72137994073651, 0.30135770815472207]
[100.0, 50.00000000000001, 0.0]
>>>> 
>>>> inputs
[40.0, 0.0, 0.05457224074879924]
[40.0, 0.0, 0.05457224074879924]
[40.0, 0.0, 0.05457224074879924]
[40.0, 0.0, 0.05457224074879924]
[40.0, 0.0, 0.05457224074879924]
[40.0, 0.0, 0.05457224074879924]
[40.0, 0.0, 0.05457224074879924]
[40.0, 0.0, 0.05457224074879924]
[40.0, 0.0, 0.05457224074879924]
[40.0, 0.0, 0.05457224074879924]
[40.0, 0.0, 0.05457224074879924]
[40.0, 0.0, 0.05457224074879924]
[40.0, 0.8669840139434847, 0.05457224074879924]
[40.0, 0.8669840139434847, 0.05457224074879924]
[40.0, 0.8669840139434847, 0.05457224074879924]
[40.0, 0.8669840139434847, 0.05457224074879924]
[40.0, 0.8669840139434847, 0.05457224074879924]
[40.0, 0.8669840139434847, 0.05457224074879924]
[40.0, 0.8669840139434847, 0.05457224074879924]
[40.0, 0.0, 0.05457224074879924]
[40.0, 0.0, 0.16307856567210674]
[40.0, 0.0, 0.16307856567210674]
[40.0, 0.0, 0.16307856567210674]
[40.0, 0.0, 0.16307856567210674]
[40.0, 0.0, 0.16307856567210674]
[40.0, 0.0, 0.16307856567210674]
[40.0, 0.0, 0.16307856567210674]
[40.0, 0.0, 0.16307856567210674]
[40.0, 0.0, 0.16307856567210674]
[40.0, 0.0, 0.16307856567210674]
[40.0, 0.0, 0.16307856567210674]
[40.0, 0.0, 0.16307856567210674]
[40.0, 0.0, 0.16307856567210674]
[40.0, 0.0, 0.16307856567210674]
[40.0, 0.0, 0.16307856567210674]
[40.0, 0.0, 0.16307856567210674]
[40.0, 0.0, 0.16307856567210674]
[40.0, 0.0, 0.16307856567210674]
[40.0, 0.0, 0.16307856567210674]
[40.0, 0.0, 0.16307856567210674]
[40.0, 0.0, 0.12189593865410882]
[40.0, 0.0, 0.12189593865410882]
[40.0, 0.0, 0.12189593865410882]
[40.0, 0.0, 0.12189593865410882]
[40.0, 0.0, 0.12189593865410882]
[40.0, 0.0, 0.12189593865410882]
[40.0, 0.0, 0.12189593865410882]
[40.0, 0.0, 0.12189593865410882]
[40.0, 0.0, 0.12189593865410882]
[40.0, 0.0, 0.12189593865410882]
[40.0, 0.0, 0.12189593865410882]
[40.0, 0.0, 0.12189593865410882]
[40.0, 0.0, 0.12189593865410882]
[40.0, 0.0, 0.12189593865410882]
[40.0, 0.0, 0.12189593865410882]
[40.0, 0.0, 0.12189593865410882]
[40.0, 0.8669840139434847, 0.12189593865410882]
[40.0, 0.0, 0.12189593865410882]
[40.0, 0.0, 0.12189593865410882]
[40.0, 0.0, 0.12189593865410882]
[40.0, 0.0, 0.15502924669298535]
[40.0, 0.0, 0.15502924669298535]
[40.0, 0.0, 0.15502924669298535]
[40.0, 0.0, 0.15502924669298535]
[40.0, 0.0, 0.15502924669298535]
[40.0, 0.0, 0.15502924669298535]
[40.0, 0.0, 0.15502924669298535]
[40.0, 0.0, 0.15502924669298535]
[40.0, 0.0, 0.15502924669298535]
[40.0, 0.0, 0.15502924669298535]
[40.0, 0.0, 0.15502924669298535]
[40.0, 0.0, 0.15502924669298535]
[40.0, 0.0, 0.15502924669298535]
[40.0, 0.8669840139434847, 0.15502924669298535]
[40.0, 0.8669840139434847, 0.15502924669298535]
[40.0, 0.8669840139434847, 0.15502924669298535]
[40.0, 0.0, 0.15502924669298535]
[40.0, 0.0, 0.15502924669298535]
[40.0, 0.0, 0.15502924669298535]
[40.0, 0.0, 0.15502924669298535]
[40.0, 0.0, 0.17993653143153446]
[40.0, 0.0, 0.17993653143153446]
[40.0, 0.0, 0.17993653143153446]
[40.0, 0.0, 0.17993653143153446]
[40.0, 0.0, 0.17993653143153446]
[40.0, 0.0, 0.17993653143153446]
[40.0, 0.0, 0.17993653143153446]
[40.0, 0.0, 0.17993653143153446]
[40.0, 0.0, 0.17993653143153446]
[40.0, 0.0, 0.17993653143153446]
[40.0, 0.0, 0.17993653143153446]
[40.0, 0.0, 0.17993653143153446]
[40.0, 0.0, 0.17993653143153446]
[40.0, 0.0, 0.17993653143153446]
[40.0, -0.8669840139434847, 0.17993653143153446]
[40.0, 0.0, 0.17993653143153446]
[40.0, 0.0, 0.17993653143153446]
[40.0, 0.0, 0.17993653143153446]
[40.0, 0.0, 0.17993653143153446]
[40.0, 0.0, 0.17993653143153446]
[40.0, 0.0, 0.23862056116835711]
[40.0, 0.0, 0.23862056116835711]
[40.0, 0.0, 0.23862056116835711]
[40.0, 0.0, 0.23862056116835711]
[40.0, 0.0, 0.23862056116835711]
[40.0, 0.0, 0.23862056116835711]
[40.0, 0.0, 0.23862056116835711]
[40.0, 0.0, 0.23862056116835711]
[40.0, 0.0, 0.23862056116835711]
[40.0, 0.0, 0.23862056116835711]
[40.0, 0.0, 0.23862056116835711]
[40.0, 0.0, 0.23862056116835711]
[40.0, 0.0, 0.23862056116835711]
[40.0, -0.8669840139434847, 0.23862056116835711]
[40.0, 0.0, 0.23862056116835711]
[40.0, 0.0, 0.23862056116835711]
[40.0, 0.0, 0.23862056116835711]
[40.0, 0.0, 0.23862056116835711]
[40.0, 0.0, 0.23862056116835711]
[40.0, 0.0, 0.23862056116835711]
[40.0, 0.0, 0.05957019606096177]
[40.0, 0.0, 0.05957019606096177]
[40.0, 0.0, 0.05957019606096177]
[40.0, 0.0, 0.05957019606096177]
[40.0, 0.0, 0.05957019606096177]
[40.0, 0.0, 0.05957019606096177]
[40.0, 0.0, 0.05957019606096177]
[40.0, 0.0, 0.05957019606096177]
[40.0, 0.0, 0.05957019606096177]
[40.0, 0.0, 0.05957019606096177]
[40.0, 0.0, 0.05957019606096177]
[40.0, 0.0, 0.05957019606096177]
[40.0, 0.0, 0.05957019606096177]
[40.0, 0.0, 0.05957019606096177]
[40.0, 0.0, 0.05957019606096177]
[40.0, 0.0, 0.05957019606096177]
[40.0, 0.0, 0.05957019606096177]
[40.0, 0.0, 0.05957019606096177]
[40.0, 0.0, 0.05957019606096177]
[40.0, 0.0, 0.05957019606096177]
[40.0, 0.0, 0.34660687677232704]
[40.0, 0.0, 0.34660687677232704]
[40.0, 0.0, 0.34660687677232704]
[40.0, 0.0, 0.34660687677232704]
[40.0, 0.0, 0.34660687677232704]
[40.0, 0.0, 0.34660687677232704]
[40.0, 0.0, 0.34660687677232704]
[40.0, 0.0, 0.34660687677232704]
[40.0, 0.0, 0.34660687677232704]
[40.0, 0.0, 0.34660687677232704]
[40.0, 0.0, 0.34660687677232704]
[40.0, -0.8669840139434847, 0.34660687677232704]
[40.0, 0.0, 0.34660687677232704]
[40.0, 0.0, 0.34660687677232704]
[40.0, 0.0, 0.34660687677232704]
[40.0, 0.0, 0.34660687677232704]
[40.0, 0.0, 0.34660687677232704]
[40.0, 0.0, 0.34660687677232704]
[40.0, 0.0, 0.34660687677232704]
[40.0, 0.0, 0.34660687677232704]
[40.0, 0.0, 0.1289715619027102]
[40.0, 0.0, 0.1289715619027102]
[40.0, 0.0, 0.1289715619027102]
[40.0, 0.0, 0.1289715619027102]
[40.0, 0.0, 0.1289715619027102]
[40.0, 0.0, 0.1289715619027102]
[40.0, 0.0, 0.1289715619027102]
[40.0, 0.0, 0.1289715619027102]
[40.0, 0.0, 0.1289715619027102]
[40.0, 0.8669840139434847, 0.1289715619027102]
[40.0, 0.8669840139434847, 0.1289715619027102]
>>>> 
----------------------------
Path number   : 3
Path length   : 1143.5868981230344
Time required : 69.70465898513794 s
>>>> Nodes
[1112.738978061078, 486.3780163946107, 0.7546060796773009]
[1110.604586571464, 484.3711821903967, 0.7546060796773009]
[1108.4701950818503, 482.36434798618274, 0.7546060796773009]
[1106.3358035922363, 480.3575137819687, 0.7546060796773009]
[1104.2014121026225, 478.3506795777547, 0.7546060796773009]
[1102.0670206130087, 476.3438453735407, 0.7546060796773009]
[1099.932629123395, 474.33701116932673, 0.7546060796773009]
[1097.7982376337811, 472.33017696511274, 0.7546060796773009]
[1095.6638461441673, 470.32334276089875, 0.7546060796773009]
[1093.5294546545533, 468.3165085566847, 0.7546060796773009]
[1091.3950631649395, 466.3096743524707, 0.7546060796773009]
[1089.2606716753257, 464.30284014825673, 0.7546060796773009]
[1087.126280185712, 462.29600594404275, 0.7546060796773009]
[1084.9918886960982, 460.28917173982876, 0.7546060796773009]
[1082.8574972064844, 458.2823375356148, 0.7546060796773009]
[1080.7231057168704, 456.2755033314007, 0.7546060796773009]
[1078.5887142272566, 454.26866912718674, 0.7546060796773009]
[1076.4543227376428, 452.26183492297275, 0.7546060796773009]
[1076.4543227376428, 452.26183492297275, 0.7546060796773011]
[1074.2880199546082, 450.0530175611742, 0.8356243377294779]
[1070.3502467031958, 445.6983985923135, 0.8356243377294778]
[1066.4124734517832, 441.34377962345275, 0.8356243377294778]
[1062.4747002003708, 436.989160654592, 0.8356243377294778]
[1058.5369269489584, 432.6345416857313, 0.8356243377294778]
[1054.5991536975457, 428.27992271687054, 0.8356243377294778]
[1050.6613804461333, 423.9253037480098, 0.8356243377294778]
[1046.723607194721, 419.5706847791491, 0.8356243377294778]
[1042.7858339433083, 415.21606581028834, 0.8356243377294778]
[1038.8480606918959, 410.8614468414276, 0.8356243377294778]
[1034.9102874404834, 406.5068278725669, 0.8356243377294778]
[1030.9725141890708, 402.15220890370614, 0.8356243377294778]
[1027.0347409376584, 397.7975899348454, 0.8356243377294778]
[1023.0969676862459, 393.44297096598467, 0.8356243377294778]
[1019.1591944348335, 389.08835199712394, 0.8356243377294778]
[1015.221421183421, 384.7337330282632, 0.8356243377294778]
[1011.2836479320084, 380.37911405940247, 0.8356243377294778]
[1007.345874680596, 376.02449509054173, 0.8356243377294778]
[1003.4081014291835, 371.669876121681, 0.8356243377294778]
[1003.0720146701179, 371.29323882680706, 0.8488397278502426]
[999.7027832854271, 367.4668954940046, 0.8488397278502438]
[996.3335519007361, 363.6405521612021, 0.8488397278502438]
[992.9643205160452, 359.8142088283996, 0.8488397278502438]
[989.5950891313543, 355.9878654955972, 0.8488397278502438]
[986.2258577466633, 352.1615221627947, 0.8488397278502438]
[982.8566263619723, 348.3351788299923, 0.8488397278502438]
[979.4873949772814, 344.5088354971898, 0.8488397278502438]
[976.1181635925905, 340.6824921643873, 0.8488397278502438]
[972.7489322078995, 336.8561488315849, 0.8488397278502438]
[969.3797008232085, 333.0298054987824, 0.8488397278502438]
[966.0104694385176, 329.20346216598, 0.8488397278502438]
[962.6412380538267, 325.3771188331775, 0.8488397278502438]
[959.2720066691356, 321.5507755003751, 0.8488397278502438]
[955.9027752844447, 317.7244321675726, 0.8488397278502438]
[952.5335438997538, 313.8980888347702, 0.8488397278502438]
[949.1643125150629, 310.0717455019677, 0.8488397278502438]
[945.7950811303718, 306.2454021691653, 0.8488397278502438]
[942.4258497456809, 302.4190588363628, 0.8488397278502438]
[938.3180478391299, 298.4070106017313, 0.6983726086014515]
[933.5183070996325, 294.3775790903854, 0.6983726086014518]
[928.718566360135, 290.34814757903945, 0.6983726086014518]
[923.9188256206376, 286.3187160676935, 0.6983726086014518]
[919.1190848811402, 282.2892845563476, 0.6983726086014518]
[914.3193441416428, 278.25985304500165, 0.6983726086014518]
[909.5196034021453, 274.2304215336557, 0.6983726086014518]
[904.7198626626479, 270.2009900223098, 0.6983726086014518]
[899.9201219231504, 266.17155851096385, 0.6983726086014518]
[895.120381183653, 262.1421269996179, 0.6983726086014518]
[890.3206404441555, 258.112695488272, 0.6983726086014518]
[885.5208997046581, 254.08326397692602, 0.6983726086014518]
[880.7211589651606, 250.0538324655801, 0.6983726086014518]
[875.9214182256633, 246.02440095423415, 0.6983726086014518]
[871.1216774861658, 241.99496944288822, 0.6983726086014518]
[866.3219367466684, 237.9655379315423, 0.6983726086014518]
[861.5221960071709, 233.93610642019635, 0.6983726086014518]
[861.5221960071709, 233.93610642019635, 0.6983726086014519]
[851.3942192839905, 227.82499397257703, 0.38744315573060883]
[839.8822268131942, 225.10550188671664, 0.07651370285976578]
[832.2016707826738, 224.51668460925478, 0.07651370285976526]
[824.5211147521533, 223.92786733179298, 0.07651370285976526]
[816.8405587216329, 223.33905005433115, 0.07651370285976526]
[809.1600026911125, 222.75023277686932, 0.07651370285976526]
[801.479446660592, 222.16141549940752, 0.07651370285976526]
[793.7988906300716, 221.5725982219457, 0.07651370285976526]
[786.1183345995512, 220.9837809444839, 0.07651370285976526]
[778.4377785690307, 220.39496366702207, 0.07651370285976526]
[770.7572225385103, 219.80614638956024, 0.07651370285976526]
[763.0766665079899, 219.21732911209844, 0.07651370285976526]
[755.3961104774694, 218.6285118346366, 0.07651370285976526]
[747.715554446949, 218.0396945571748, 0.07651370285976526]
[740.0349984164286, 217.45087727971298, 0.07651370285976526]
[732.3544423859081, 216.86206000225116, 0.07651370285976526]
[724.6738863553877, 216.27324272478936, 0.07651370285976526]
[716.9933303248673, 215.68442544732753, 0.07651370285976526]
[709.3127742943468, 215.09560816986573, 0.07651370285976526]
[701.6322182638264, 214.5067908924039, 0.07651370285976526]
[696.3990322469584, 213.73830714349015, 0.2150983961303412]
[686.2360933722277, 211.51792549695307, 0.21509839613034262]
[676.0731544974972, 209.297543850416, 0.21509839613034262]
[665.9102156227665, 207.07716220387888, 0.21509839613034262]
[655.7472767480358, 204.8567805573418, 0.21509839613034262]
[645.5843378733051, 202.63639891080473, 0.21509839613034262]
[635.4213989985744, 200.41601726426765, 0.21509839613034262]
[625.2584601238439, 198.19563561773055, 0.21509839613034262]
[615.0955212491132, 195.97525397119347, 0.21509839613034262]
[604.9325823743825, 193.7548723246564, 0.21509839613034262]
[594.7696434996518, 191.5344906781193, 0.21509839613034262]
[584.6067046249211, 189.31410903158223, 0.21509839613034262]
[574.4437657501906, 187.09372738504513, 0.21509839613034262]
[564.2808268754599, 184.87334573850805, 0.21509839613034262]
[554.1178880007292, 182.65296409197097, 0.21509839613034262]
[543.9549491259985, 180.4325824454339, 0.21509839613034262]
[533.7920102512679, 178.2122007988968, 0.21509839613034262]
[523.6290713765372, 175.9918191523597, 0.21509839613034262]
[513.4661325018066, 173.77143750582263, 0.21509839613034262]
[509.94429745770884, 172.8237710695034, 0.31061575613461256]
[507.5952578847573, 172.06971391507383, 0.31061575613461234]
[505.24621831180576, 171.31565676064423, 0.31061575613461234]
[502.8971787388542, 170.56159960621466, 0.31061575613461234]
[500.5481391659027, 169.80754245178508, 0.31061575613461234]
[498.19909959295114, 169.0534852973555, 0.31061575613461234]
[495.8500600199996, 168.2994281429259, 0.31061575613461234]
[493.50102044704806, 167.54537098849633, 0.31061575613461234]
[491.1519808740965, 166.79131383406676, 0.31061575613461234]
[488.802941301145, 166.03725667963718, 0.31061575613461234]
[486.45390172819344, 165.28319952520758, 0.31061575613461234]
[484.1048621552419, 164.529142370778, 0.31061575613461234]
[481.75582258229036, 163.77508521634843, 0.31061575613461234]
[479.4067830093388, 163.02102806191886, 0.31061575613461234]
[477.0577434363873, 162.26697090748925, 0.31061575613461234]
[474.70870386343574, 161.51291375305968, 0.31061575613461234]
[472.3596642904842, 160.7588565986301, 0.31061575613461234]
[470.01062471753266, 160.00479944420053, 0.31061575613461234]
[467.6615851445811, 159.25074228977093, 0.31061575613461234]
[465.3125455716296, 158.49668513534135, 0.31061575613461234]
[449.82828407156705, 153.86489439779638, 0.2901631748339561]
[435.09025812971566, 149.46425985088814, 0.2901631748339561]
[420.3522321878643, 145.06362530397993, 0.2901631748339561]
[405.61420624601294, 140.6629907570717, 0.2901631748339561]
[390.8761803041615, 136.2623562101635, 0.2901631748339561]
[376.13815436231016, 131.86172166325525, 0.2901631748339561]
[361.40012842045877, 127.46108711634702, 0.2901631748339561]
[346.6621024786074, 123.0604525694388, 0.2901631748339561]
[331.92407653675605, 118.65981802253057, 0.2901631748339561]
[317.18605059490466, 114.25918347562234, 0.2901631748339561]
[302.44802465305327, 109.8585489287141, 0.2901631748339561]
[287.7099987112019, 105.45791438180588, 0.2901631748339561]
[272.9719727693505, 101.05727983489766, 0.2901631748339561]
[258.23394682749915, 96.65664528798942, 0.2901631748339561]
[243.49592088564776, 92.2560107410812, 0.2901631748339561]
[228.75789494379637, 87.85537619417298, 0.2901631748339561]
[214.019869001945, 83.45474164726474, 0.2901631748339561]
[199.28184306009362, 79.05410710035652, 0.2901631748339561]
[198.87281156710924, 78.92947640347734, 0.3013577081547216]
[193.72367996527638, 77.32900014096316, 0.30135770815472185]
[188.5745483634435, 75.728523878449, 0.30135770815472185]
[183.42541676161065, 74.12804761593483, 0.30135770815472185]
[178.27628515977779, 72.52757135342065, 0.30135770815472185]
[173.12715355794492, 70.9270950909065, 0.30135770815472185]
[167.97802195611206, 69.32661882839233, 0.30135770815472185]
[162.8288903542792, 67.72614256587816, 0.30135770815472185]
[157.67975875244633, 66.125666303364, 0.30135770815472185]
[152.53062715061347, 64.52519004084984, 0.30135770815472185]
[147.3814955487806, 62.92471377833567, 0.30135770815472185]
[142.23236394694774, 61.32423751582151, 0.30135770815472185]
[137.08323234511488, 59.72376125330734, 0.30135770815472185]
[131.93410074328202, 58.123284990793174, 0.30135770815472185]
[126.78496914144917, 56.52280872827901, 0.30135770815472185]
[121.6358375396163, 54.92233246576484, 0.30135770815472185]
[116.48670593778344, 53.321856203250675, 0.30135770815472185]
[111.33757433595058, 51.72137994073651, 0.30135770815472185]
[111.33757433595058, 51.72137994073651, 0.30135770815472207]
[100.0, 50.00000000000001, 0.0]
>>>> 
>>>> inputs
[40.0, 0.0, 0.06612398483839539]
[40.0, 0.0, 0.06612398483839539]
[40.0, 0.0, 0.06612398483839539]
[40.0, 0.0, 0.06612398483839539]
[40.0, 0.0, 0.06612398483839539]
[40.0, 0.0, 0.06612398483839539]
[40.0, 0.0, 0.06612398483839539]
[40.0, 0.0, 0.06612398483839539]
[40.0, 0.0, 0.06612398483839539]
[40.0, 0.0, 0.06612398483839539]
[40.0, 0.0, 0.06612398483839539]
[40.0, 0.0, 0.06612398483839539]
[40.0, 0.0, 0.06612398483839539]
[40.0, 0.0, 0.06612398483839539]
[40.0, 0.0, 0.06612398483839539]
[40.0, 0.0, 0.06612398483839539]
[40.0, 0.0, 0.06612398483839539]
[40.0, -0.8669840139434847, 0.06612398483839539]
[40.0, -0.8669840139434847, 0.06612398483839539]
[40.0, 0.0, 0.06612398483839539]
[40.0, 0.0, 0.13272872513241282]
[40.0, 0.0, 0.13272872513241282]
[40.0, 0.0, 0.13272872513241282]
[40.0, 0.0, 0.13272872513241282]
[40.0, 0.0, 0.13272872513241282]
[40.0, 0.0, 0.13272872513241282]
[40.0, 0.0, 0.13272872513241282]
[40.0, 0.0, 0.13272872513241282]
[40.0, 0.0, 0.13272872513241282]
[40.0, 0.0, 0.13272872513241282]
[40.0, 0.0, 0.13272872513241282]
[40.0, 0.0, 0.13272872513241282]
[40.0, 0.0, 0.13272872513241282]
[40.0, 0.0, 0.13272872513241282]
[40.0, 0.0, 0.13272872513241282]
[40.0, 0.0, 0.13272872513241282]
[40.0, 0.0, 0.13272872513241282]
[40.0, -0.8669840139434847, 0.13272872513241282]
[40.0, 0.0, 0.13272872513241282]
[40.0, 0.0, 0.13272872513241282]
[40.0, 0.0, 0.12189593865410882]
[40.0, 0.0, 0.12189593865410882]
[40.0, 0.0, 0.12189593865410882]
[40.0, 0.0, 0.12189593865410882]
[40.0, 0.0, 0.12189593865410882]
[40.0, 0.0, 0.12189593865410882]
[40.0, 0.0, 0.12189593865410882]
[40.0, 0.0, 0.12189593865410882]
[40.0, 0.0, 0.12189593865410882]
[40.0, 0.0, 0.12189593865410882]
[40.0, 0.0, 0.12189593865410882]
[40.0, 0.0, 0.12189593865410882]
[40.0, 0.0, 0.12189593865410882]
[40.0, 0.0, 0.12189593865410882]
[40.0, 0.0, 0.12189593865410882]
[40.0, 0.0, 0.12189593865410882]
[40.0, 0.8669840139434847, 0.12189593865410882]
[40.0, 0.0, 0.12189593865410882]
[40.0, 0.0, 0.12189593865410882]
[40.0, 0.0, 0.12189593865410882]
[40.0, 0.0, 0.15502924669298535]
[40.0, 0.0, 0.15502924669298535]
[40.0, 0.0, 0.15502924669298535]
[40.0, 0.0, 0.15502924669298535]
[40.0, 0.0, 0.15502924669298535]
[40.0, 0.0, 0.15502924669298535]
[40.0, 0.0, 0.15502924669298535]
[40.0, 0.0, 0.15502924669298535]
[40.0, 0.0, 0.15502924669298535]
[40.0, 0.0, 0.15502924669298535]
[40.0, 0.0, 0.15502924669298535]
[40.0, 0.0, 0.15502924669298535]
[40.0, 0.0, 0.15502924669298535]
[40.0, 0.8669840139434847, 0.15502924669298535]
[40.0, 0.8669840139434847, 0.15502924669298535]
[40.0, 0.8669840139434847, 0.15502924669298535]
[40.0, 0.0, 0.15502924669298535]
[40.0, 0.0, 0.15502924669298535]
[40.0, 0.0, 0.15502924669298535]
[40.0, 0.0, 0.15502924669298535]
[40.0, 0.0, 0.17993653143153446]
[40.0, 0.0, 0.17993653143153446]
[40.0, 0.0, 0.17993653143153446]
[40.0, 0.0, 0.17993653143153446]
[40.0, 0.0, 0.17993653143153446]
[40.0, 0.0, 0.17993653143153446]
[40.0, 0.0, 0.17993653143153446]
[40.0, 0.0, 0.17993653143153446]
[40.0, 0.0, 0.17993653143153446]
[40.0, 0.0, 0.17993653143153446]
[40.0, 0.0, 0.17993653143153446]
[40.0, 0.0, 0.17993653143153446]
[40.0, 0.0, 0.17993653143153446]
[40.0, 0.0, 0.17993653143153446]
[40.0, -0.8669840139434847, 0.17993653143153446]
[40.0, 0.0, 0.17993653143153446]
[40.0, 0.0, 0.17993653143153446]
[40.0, 0.0, 0.17993653143153446]
[40.0, 0.0, 0.17993653143153446]
[40.0, 0.0, 0.17993653143153446]
[40.0, 0.0, 0.23862056116835711]
[40.0, 0.0, 0.23862056116835711]
[40.0, 0.0, 0.23862056116835711]
[40.0, 0.0, 0.23862056116835711]
[40.0, 0.0, 0.23862056116835711]
[40.0, 0.0, 0.23862056116835711]
[40.0, 0.0, 0.23862056116835711]
[40.0, 0.0, 0.23862056116835711]
[40.0, 0.0, 0.23862056116835711]
[40.0, 0.0, 0.23862056116835711]
[40.0, 0.0, 0.23862056116835711]
[40.0, 0.0, 0.23862056116835711]
[40.0, 0.0, 0.23862056116835711]
[40.0, -0.8669840139434847, 0.23862056116835711]
[40.0, 0.0, 0.23862056116835711]
[40.0, 0.0, 0.23862056116835711]
[40.0, 0.0, 0.23862056116835711]
[40.0, 0.0, 0.23862056116835711]
[40.0, 0.0, 0.23862056116835711]
[40.0, 0.0, 0.23862056116835711]
[40.0, 0.0, 0.05957019606096177]
[40.0, 0.0, 0.05957019606096177]
[40.0, 0.0, 0.05957019606096177]
[40.0, 0.0, 0.05957019606096177]
[40.0, 0.0, 0.05957019606096177]
[40.0, 0.0, 0.05957019606096177]
[40.0, 0.0, 0.05957019606096177]
[40.0, 0.0, 0.05957019606096177]
[40.0, 0.0, 0.05957019606096177]
[40.0, 0.0, 0.05957019606096177]
[40.0, 0.0, 0.05957019606096177]
[40.0, 0.0, 0.05957019606096177]
[40.0, 0.0, 0.05957019606096177]
[40.0, 0.0, 0.05957019606096177]
[40.0, 0.0, 0.05957019606096177]
[40.0, 0.0, 0.05957019606096177]
[40.0, 0.0, 0.05957019606096177]
[40.0, 0.0, 0.05957019606096177]
[40.0, 0.0, 0.05957019606096177]
[40.0, 0.0, 0.05957019606096177]
[40.0, 0.0, 0.34660687677232704]
[40.0, 0.0, 0.34660687677232704]
[40.0, 0.0, 0.34660687677232704]
[40.0, 0.0, 0.34660687677232704]
[40.0, 0.0, 0.34660687677232704]
[40.0, 0.0, 0.34660687677232704]
[40.0, 0.0, 0.34660687677232704]
[40.0, 0.0, 0.34660687677232704]
[40.0, 0.0, 0.34660687677232704]
[40.0, 0.0, 0.34660687677232704]
[40.0, 0.0, 0.34660687677232704]
[40.0, -0.8669840139434847, 0.34660687677232704]
[40.0, 0.0, 0.34660687677232704]
[40.0, 0.0, 0.34660687677232704]
[40.0, 0.0, 0.34660687677232704]
[40.0, 0.0, 0.34660687677232704]
[40.0, 0.0, 0.34660687677232704]
[40.0, 0.0, 0.34660687677232704]
[40.0, 0.0, 0.34660687677232704]
[40.0, 0.0, 0.34660687677232704]
[40.0, 0.0, 0.1289715619027102]
[40.0, 0.0, 0.1289715619027102]
[40.0, 0.0, 0.1289715619027102]
[40.0, 0.0, 0.1289715619027102]
[40.0, 0.0, 0.1289715619027102]
[40.0, 0.0, 0.1289715619027102]
[40.0, 0.0, 0.1289715619027102]
[40.0, 0.0, 0.1289715619027102]
[40.0, 0.0, 0.1289715619027102]
[40.0, 0.8669840139434847, 0.1289715619027102]
[40.0, 0.8669840139434847, 0.1289715619027102]
>>>> 
