----------------------------
RRT search Summary          
----------------------------
Map Name               : Random
Total paths found      : 2
Total number of nodes  : 1208
Total elapsed time     : 68.77182173728943 s
Solver                 : RRTstar 
----------------------------
Path number   : 0
Path length   : 1223.3772694155614
Time required : 16.27414083480835 s
>>>> Nodes
[1096.712397164344, 489.692121497524, 1.0213221134456882]
[1094.3578263898346, 485.8471836857815, 1.0213221134456882]
[1092.0032556153249, 482.002245874039, 1.0213221134456882]
[1089.6486848408153, 478.15730806229647, 1.0213221134456882]
[1087.2941140663058, 474.31237025055395, 1.0213221134456882]
[1084.9395432917963, 470.46743243881144, 1.0213221134456882]
[1082.5849725172866, 466.62249462706893, 1.0213221134456882]
[1080.230401742777, 462.7775568153264, 1.0213221134456882]
[1077.8758309682676, 458.9326190035839, 1.0213221134456882]
[1075.5212601937578, 455.0876811918414, 1.0213221134456882]
[1073.1666894192483, 451.24274338009883, 1.0213221134456882]
[1070.8121186447388, 447.3978055683563, 1.0213221134456882]
[1068.457547870229, 443.5528677566138, 1.0213221134456882]
[1066.1029770957196, 439.7079299448713, 1.0213221134456882]
[1063.74840632121, 435.8629921331288, 1.0213221134456882]
[1061.3938355467005, 432.0180543213863, 1.0213221134456882]
[1059.0392647721908, 428.17311650964376, 1.0213221134456882]
[1056.6846939976813, 424.32817869790125, 1.0213221134456882]
[1056.6846939976813, 424.3281786979013, 1.0213221134456858]
[1054.5987544421412, 420.4324370729393, 1.1370770203793956]
[1051.0847572564735, 412.8449462292965, 1.1370770203793952]
[1047.5707600708058, 405.25745538565377, 1.1370770203793952]
[1044.0567628851381, 397.66996454201103, 1.1370770203793952]
[1040.5427656994702, 390.08247369836823, 1.1370770203793952]
[1037.0287685138026, 382.49498285472544, 1.1370770203793952]
[1033.5147713281349, 374.9074920110827, 1.1370770203793952]
[1030.0007741424672, 367.3200011674399, 1.1370770203793952]
[1026.4867769567995, 359.73251032379716, 1.1370770203793952]
[1022.9727797711317, 352.14501948015436, 1.1370770203793952]
[1019.4587825854641, 344.5575286365116, 1.1370770203793952]
[1015.9447853997964, 336.9700377928688, 1.1370770203793952]
[1012.4307882141286, 329.3825469492261, 1.1370770203793952]
[1008.9167910284609, 321.7950561055833, 1.1370770203793952]
[1005.4027938427932, 314.20756526194054, 1.1370770203793952]
[1001.8887966571256, 306.62007441829775, 1.1370770203793952]
[998.3747994714578, 299.032583574655, 1.1370770203793952]
[994.8608022857901, 291.4450927310122, 1.1370770203793952]
[994.8608022857901, 291.4450927310122, 1.1370770203793956]
[982.6830368341633, 276.6177543105667, 0.6293208398619522]
[978.714550533872, 273.7283985021347, 0.6293208398619531]
[974.7460642335809, 270.83904269370277, 0.6293208398619531]
[970.7775779332896, 267.9496868852708, 0.6293208398619531]
[966.8090916329984, 265.0603310768388, 0.6293208398619531]
[962.8406053327071, 262.17097526840683, 0.6293208398619531]
[958.8721190324159, 259.2816194599749, 0.6293208398619531]
[954.9036327321247, 256.3922636515429, 0.6293208398619531]
[950.9351464318335, 253.50290784311096, 0.6293208398619531]
[946.9666601315422, 250.613552034679, 0.6293208398619531]
[942.9981738312509, 247.72419622624705, 0.6293208398619531]
[939.0296875309598, 244.83484041781506, 0.6293208398619531]
[935.0612012306685, 241.9454846093831, 0.6293208398619531]
[931.0927149303773, 239.05612880095114, 0.6293208398619531]
[927.124228630086, 236.16677299251918, 0.6293208398619531]
[923.1557423297949, 233.2774171840872, 0.6293208398619531]
[919.1872560295036, 230.38806137565524, 0.6293208398619531]
[915.2187697292123, 227.49870556722328, 0.6293208398619531]
[915.2187697292123, 227.49870556722325, 0.6293208398619522]
[904.5697127683568, 222.06045994491492, 0.3149870756087574]
[895.8459365389515, 219.21794703327862, 0.3149870756087579]
[887.1221603095462, 216.3754341216423, 0.3149870756087579]
[878.3983840801409, 213.53292121000592, 0.3149870756087579]
[869.6746078507356, 210.6904082983696, 0.3149870756087579]
[860.9508316213302, 207.84789538673323, 0.3149870756087579]
[852.2270553919249, 205.0053824750969, 0.3149870756087579]
[843.5032791625196, 202.16286956346056, 0.3149870756087579]
[834.7795029331143, 199.32035665182423, 0.3149870756087579]
[826.055726703709, 196.47784374018786, 0.3149870756087579]
[817.3319504743037, 193.63533082855153, 0.3149870756087579]
[808.6081742448984, 190.7928179169152, 0.3149870756087579]
[799.8843980154929, 187.95030500527884, 0.3149870756087579]
[791.1606217860876, 185.1077920936425, 0.3149870756087579]
[782.4368455566823, 182.26527918200617, 0.3149870756087579]
[773.713069327277, 179.4227662703698, 0.3149870756087579]
[764.9892930978717, 176.58025335873347, 0.3149870756087579]
[764.9892930978717, 176.58025335873347, 0.31498707560875716]
[748.602129840182, 174.9733515885529, -0.11949492389845195]
[733.0611170582222, 180.41377203592174, -0.5539769234056608]
[725.3340633581122, 185.19365372092102, -0.5539769234056595]
[717.6070096580022, 189.97353540592027, -0.5539769234056595]
[709.8799559578922, 194.75341709091953, -0.5539769234056595]
[702.1529022577822, 199.5332987759188, -0.5539769234056595]
[694.4258485576722, 204.31318046091806, -0.5539769234056595]
[686.6987948575622, 209.09306214591732, -0.5539769234056595]
[678.9717411574524, 213.8729438309166, -0.5539769234056595]
[671.2446874573424, 218.65282551591585, -0.5539769234056595]
[663.5176337572324, 223.43270720091513, -0.5539769234056595]
[655.7905800571224, 228.21258888591439, -0.5539769234056595]
[648.0635263570124, 232.99247057091367, -0.5539769234056595]
[640.3364726569024, 237.77235225591292, -0.5539769234056595]
[640.3364726569024, 237.7723522559129, -0.5539769234056606]
[632.6656276432676, 241.4082864074303, -0.3312774214785592]
[624.3811715360864, 243.26022252554148, -0.10857791955145801]
[615.892277219168, 243.23669268135956, 0.11412158237564318]
[607.6182148682569, 241.33885902410412, 0.3368210843027446]
[599.9676440150276, 237.66045638204665, 0.559520586229846]
[593.318429675397, 232.38316265864754, 0.7822200881569472]
[587.2166686351029, 226.32006259240103, 0.782220088156946]
[581.1149075948088, 220.2569625261545, 0.782220088156946]
[575.0131465545145, 214.19386245990796, 0.782220088156946]
[568.9113855142203, 208.13076239366143, 0.782220088156946]
[562.8096244739262, 202.0676623274149, 0.782220088156946]
[556.707863433632, 196.00456226116836, 0.782220088156946]
[550.6061023933378, 189.94146219492183, 0.782220088156946]
[544.5043413530436, 183.8783621286753, 0.782220088156946]
[538.4025803127495, 177.81526206242876, 0.782220088156946]
[532.3008192724553, 171.75216199618222, 0.782220088156946]
[526.1990582321612, 165.6890619299357, 0.782220088156946]
[520.097297191867, 159.62596186368913, 0.782220088156946]
[513.9955361515728, 153.5628617974426, 0.782220088156946]
[507.8937751112786, 147.49976173119606, 0.782220088156946]
[501.79201407098446, 141.43666166494953, 0.782220088156946]
[495.69025303069026, 135.373561598703, 0.782220088156946]
[489.5884919903961, 129.31046153245646, 0.782220088156946]
[489.5884919903961, 129.31046153245646, 0.7822200881569459]
[468.4334602373085, 118.64655250071667, 0.15159854839797915]
[462.9566028973248, 117.80984929825692, 0.15159854839797882]
[457.47974555734106, 116.9731460957972, 0.15159854839797882]
[452.00288821735734, 116.13644289333747, 0.15159854839797882]
[446.5260308773736, 115.29973969087776, 0.15159854839797882]
[441.0491735373899, 114.46303648841803, 0.15159854839797882]
[435.57231619740617, 113.62633328595831, 0.15159854839797882]
[430.09545885742244, 112.78963008349858, 0.15159854839797882]
[424.6186015174387, 111.95292688103885, 0.15159854839797882]
[419.14174417745494, 111.11622367857913, 0.15159854839797882]
[413.6648868374713, 110.2795204761194, 0.15159854839797882]
[408.1880294974875, 109.44281727365968, 0.15159854839797882]
[402.71117215750377, 108.60611407119995, 0.15159854839797882]
[397.23431481752004, 107.76941086874024, 0.15159854839797882]
[391.7574574775363, 106.9327076662805, 0.15159854839797882]
[386.2806001375526, 106.09600446382079, 0.15159854839797882]
[380.8037427975689, 105.25930126136106, 0.15159854839797882]
[375.32688545758515, 104.42259805890134, 0.15159854839797882]
[369.8500281176014, 103.58589485644161, 0.15159854839797882]
[368.2327641462475, 103.3031309870153, 0.19458400883958626]
[355.06741431438206, 100.7085351423536, 0.19458400883958532]
[341.9020644825166, 98.1139392976919, 0.19458400883958532]
[328.73671465065115, 95.5193434530302, 0.19458400883958532]
[315.57136481878575, 92.9247476083685, 0.19458400883958532]
[302.4060149869203, 90.33015176370681, 0.19458400883958532]
[289.2406651550549, 87.73555591904511, 0.19458400883958532]
[276.07531532318944, 85.14096007438341, 0.19458400883958532]
[262.909965491324, 82.54636422972172, 0.19458400883958532]
[249.74461565945853, 79.95176838506002, 0.19458400883958532]
[236.57926582759308, 77.35717254039832, 0.19458400883958532]
[223.41391599572765, 74.76257669573663, 0.19458400883958532]
[210.24856616386222, 72.16798085107493, 0.19458400883958532]
[197.08321633199677, 69.57338500641323, 0.19458400883958532]
[183.9178665001313, 66.97878916175154, 0.19458400883958532]
[170.75251666826588, 64.38419331708984, 0.19458400883958532]
[157.58716683640043, 61.78959747242814, 0.19458400883958532]
[144.421817004535, 59.195001627766445, 0.19458400883958532]
[131.25646717266955, 56.60040578310475, 0.19458400883958532]
[129.35747772971098, 56.175637728164055, 0.24553347928070868]
[127.81342072747526, 55.7887131417417, 0.24553347928070876]
[126.26936372523953, 55.40178855531935, 0.24553347928070876]
[124.72530672300381, 55.014863968897, 0.24553347928070876]
[123.18124972076808, 54.62793938247465, 0.24553347928070876]
[121.63719271853236, 54.2410147960523, 0.24553347928070876]
[120.09313571629663, 53.854090209629945, 0.24553347928070876]
[118.54907871406091, 53.46716562320759, 0.24553347928070876]
[117.00502171182518, 53.08024103678524, 0.24553347928070876]
[115.46096470958946, 52.693316450362886, 0.24553347928070876]
[113.91690770735373, 52.30639186394054, 0.24553347928070876]
[112.37285070511801, 51.91946727751819, 0.24553347928070876]
[110.82879370288228, 51.532542691095834, 0.24553347928070876]
[109.28473670064656, 51.14561810467348, 0.24553347928070876]
[109.28473670064656, 51.14561810467348, 0.24553347928070846]
[107.45479511833577, 50.734523940761235, 0.19642678342456676]
[105.60688015158553, 50.41375161974013, 0.14732008756842507]
[103.74544709200097, 50.18407451822908, 0.09821339171228338]
[101.87498382307953, 50.04604638381964, 0.04910669585614169]
[100.0, 50.00000000000001, 0.0]
>>>> 
>>>> inputs
[40.0, 0.0, 0.10133481961058925]
[40.0, 0.0, 0.10133481961058925]
[40.0, 0.0, 0.10133481961058925]
[40.0, 0.0, 0.10133481961058925]
[40.0, 0.0, 0.10133481961058925]
[40.0, 0.0, 0.10133481961058925]
[40.0, 0.0, 0.10133481961058925]
[40.0, 0.0, 0.10133481961058925]
[40.0, 0.0, 0.10133481961058925]
[40.0, 0.0, 0.10133481961058925]
[40.0, 0.0, 0.10133481961058925]
[40.0, 0.0, 0.10133481961058925]
[40.0, 0.0, 0.10133481961058925]
[40.0, 0.0, 0.10133481961058925]
[40.0, 0.0, 0.10133481961058925]
[40.0, 0.0, 0.10133481961058925]
[40.0, 0.0, 0.10133481961058925]
[40.0, -0.8669840139434847, 0.10133481961058925]
[40.0, -0.8669840139434847, 0.10133481961058925]
[40.0, 0.0, 0.10133481961058925]
[40.0, 0.0, 0.20192990854095133]
[40.0, 0.0, 0.20192990854095133]
[40.0, 0.0, 0.20192990854095133]
[40.0, 0.0, 0.20192990854095133]
[40.0, 0.0, 0.20192990854095133]
[40.0, 0.0, 0.20192990854095133]
[40.0, 0.0, 0.20192990854095133]
[40.0, 0.0, 0.20192990854095133]
[40.0, 0.0, 0.20192990854095133]
[40.0, 0.0, 0.20192990854095133]
[40.0, 0.0, 0.20192990854095133]
[40.0, 0.0, 0.20192990854095133]
[40.0, 0.0, 0.20192990854095133]
[40.0, 0.0, 0.20192990854095133]
[40.0, 0.0, 0.20192990854095133]
[40.0, 0.0, 0.20192990854095133]
[40.0, 0.8669840139434847, 0.20192990854095133]
[40.0, 0.8669840139434847, 0.20192990854095133]
[40.0, 0.0, 0.20192990854095133]
[40.0, 0.0, 0.20192990854095133]
[40.0, 0.0, 0.1193223729303046]
[40.0, 0.0, 0.1193223729303046]
[40.0, 0.0, 0.1193223729303046]
[40.0, 0.0, 0.1193223729303046]
[40.0, 0.0, 0.1193223729303046]
[40.0, 0.0, 0.1193223729303046]
[40.0, 0.0, 0.1193223729303046]
[40.0, 0.0, 0.1193223729303046]
[40.0, 0.0, 0.1193223729303046]
[40.0, 0.0, 0.1193223729303046]
[40.0, 0.0, 0.1193223729303046]
[40.0, 0.0, 0.1193223729303046]
[40.0, 0.0, 0.1193223729303046]
[40.0, 0.0, 0.1193223729303046]
[40.0, 0.0, 0.1193223729303046]
[40.0, 0.8669840139434847, 0.1193223729303046]
[40.0, 0.8669840139434847, 0.1193223729303046]
[40.0, 0.0, 0.1193223729303046]
[40.0, 0.0, 0.1193223729303046]
[40.0, 0.0, 0.1193223729303046]
[40.0, 0.0, 0.22499381814048264]
[40.0, 0.0, 0.22499381814048264]
[40.0, 0.0, 0.22499381814048264]
[40.0, 0.0, 0.22499381814048264]
[40.0, 0.0, 0.22499381814048264]
[40.0, 0.0, 0.22499381814048264]
[40.0, 0.0, 0.22499381814048264]
[40.0, 0.0, 0.22499381814048264]
[40.0, 0.0, 0.22499381814048264]
[40.0, 0.0, 0.22499381814048264]
[40.0, 0.0, 0.22499381814048264]
[40.0, 0.0, 0.22499381814048264]
[40.0, 0.0, 0.22499381814048264]
[40.0, 0.8669840139434847, 0.22499381814048264]
[40.0, 0.8669840139434847, 0.22499381814048264]
[40.0, 0.8669840139434847, 0.22499381814048264]
[40.0, 0.0, 0.22499381814048264]
[40.0, 0.0, 0.22499381814048264]
[40.0, 0.0, 0.22499381814048264]
[40.0, 0.0, 0.22499381814048264]
[40.0, 0.0, 0.20008807369730644]
[40.0, 0.0, 0.20008807369730644]
[40.0, 0.0, 0.20008807369730644]
[40.0, 0.0, 0.20008807369730644]
[40.0, 0.0, 0.20008807369730644]
[40.0, 0.0, 0.20008807369730644]
[40.0, 0.0, 0.20008807369730644]
[40.0, 0.0, 0.20008807369730644]
[40.0, -0.8669840139434847, 0.20008807369730644]
[40.0, -0.8669840139434847, 0.20008807369730644]
[40.0, -0.8669840139434847, 0.20008807369730644]
[40.0, -0.8669840139434847, 0.20008807369730644]
[40.0, -0.8669840139434847, 0.20008807369730644]
[40.0, -0.8669840139434847, 0.20008807369730644]
[40.0, -0.8669840139434847, 0.20008807369730644]
[40.0, 0.0, 0.20008807369730644]
[40.0, 0.0, 0.20008807369730644]
[40.0, 0.0, 0.20008807369730644]
[40.0, 0.0, 0.20008807369730644]
[40.0, 0.0, 0.20008807369730644]
[40.0, 0.0, 0.21290031902555193]
[40.0, 0.0, 0.21290031902555193]
[40.0, 0.0, 0.21290031902555193]
[40.0, 0.0, 0.21290031902555193]
[40.0, 0.0, 0.21290031902555193]
[40.0, 0.0, 0.21290031902555193]
[40.0, 0.0, 0.21290031902555193]
[40.0, 0.0, 0.21290031902555193]
[40.0, 0.0, 0.21290031902555193]
[40.0, 0.0, 0.21290031902555193]
[40.0, 0.0, 0.21290031902555193]
[40.0, 0.0, 0.21290031902555193]
[40.0, 0.8669840139434847, 0.21290031902555193]
[40.0, 0.8669840139434847, 0.21290031902555193]
[40.0, 0.0, 0.21290031902555193]
[40.0, 0.0, 0.21290031902555193]
[40.0, 0.0, 0.21290031902555193]
[40.0, 0.0, 0.21290031902555193]
[40.0, 0.0, 0.21290031902555193]
[40.0, 0.0, 0.21290031902555193]
[40.0, 0.0, 0.12671141757199217]
[40.0, 0.0, 0.12671141757199217]
[40.0, 0.0, 0.12671141757199217]
[40.0, 0.0, 0.12671141757199217]
[40.0, 0.0, 0.12671141757199217]
[40.0, 0.0, 0.12671141757199217]
[40.0, 0.0, 0.12671141757199217]
[40.0, 0.0, 0.12671141757199217]
[40.0, 0.0, 0.12671141757199217]
[40.0, 0.0, 0.12671141757199217]
[40.0, 0.0, 0.12671141757199217]
[40.0, 0.0, 0.12671141757199217]
[40.0, -0.8669840139434847, 0.12671141757199217]
[40.0, 0.0, 0.12671141757199217]
[40.0, 0.0, 0.12671141757199217]
[40.0, 0.0, 0.12671141757199217]
[40.0, 0.0, 0.12671141757199217]
[40.0, 0.0, 0.12671141757199217]
[40.0, 0.0, 0.12671141757199217]
[40.0, 0.0, 0.12671141757199217]
[40.0, 0.0, 0.304350770544447]
[40.0, 0.0, 0.304350770544447]
[40.0, 0.0, 0.304350770544447]
[40.0, 0.0, 0.304350770544447]
[40.0, 0.0, 0.304350770544447]
[40.0, 0.0, 0.304350770544447]
[40.0, 0.0, 0.304350770544447]
[40.0, 0.0, 0.304350770544447]
[40.0, 0.0, 0.304350770544447]
[40.0, 0.0, 0.304350770544447]
[40.0, 0.0, 0.304350770544447]
[40.0, -0.8669840139434847, 0.304350770544447]
[40.0, 0.0, 0.304350770544447]
[40.0, 0.0, 0.304350770544447]
[40.0, 0.0, 0.304350770544447]
[40.0, 0.0, 0.304350770544447]
[40.0, 0.0, 0.304350770544447]
[40.0, 0.0, 0.304350770544447]
[40.0, 0.0, 0.304350770544447]
[40.0, 0.0, 0.304350770544447]
[40.0, 0.0, 0.037590086707826445]
[40.0, 0.0, 0.037590086707826445]
[40.0, 0.0, 0.037590086707826445]
[40.0, 0.0, 0.037590086707826445]
[40.0, 0.0, 0.037590086707826445]
[40.0, 0.8669840139434847, 0.037590086707826445]
[40.0, 0.8669840139434847, 0.037590086707826445]
[40.0, 0.8669840139434847, 0.037590086707826445]
[40.0, 0.8669840139434847, 0.037590086707826445]
[40.0, 0.8669840139434847, 0.037590086707826445]
[40.0, 0.8669840139434847, 0.037590086707826445]
>>>> 
----------------------------
Path number   : 1
Path length   : 1211.3765236665047
Time required : 57.86508393287659 s
>>>> Nodes
[1110.4839307702248, 498.93093428359543, 0.8636638662221741]
[1107.4117836391358, 495.3359080733928, 0.8636638662221741]
[1104.3396365080466, 491.7408818631901, 0.8636638662221741]
[1101.2674893769577, 488.14585565298745, 0.8636638662221741]
[1098.1953422458687, 484.5508294427848, 0.8636638662221741]
[1095.1231951147797, 480.9558032325821, 0.8636638662221741]
[1092.0510479836908, 477.36077702237947, 0.8636638662221741]
[1088.9789008526016, 473.7657508121768, 0.8636638662221741]
[1085.9067537215126, 470.17072460197414, 0.8636638662221741]
[1082.8346065904236, 466.5756983917715, 0.8636638662221741]
[1079.7624594593347, 462.9806721815688, 0.8636638662221741]
[1076.6903123282455, 459.38564597136616, 0.8636638662221741]
[1073.6181651971565, 455.7906197611635, 0.8636638662221741]
[1070.5460180660675, 452.19559355096084, 0.8636638662221741]
[1067.4738709349785, 448.6005673407582, 0.8636638662221741]
[1064.4017238038894, 445.0055411305555, 0.8636638662221741]
[1061.3295766728004, 441.41051492035285, 0.8636638662221741]
[1058.2574295417114, 437.8154887101502, 0.8636638662221741]
[1058.2574295417114, 437.8154887101502, 0.8636638662221747]
[1053.9733691511685, 431.67200982006324, 1.0600590593705448]
[1050.9142292060144, 426.2124485008998, 1.0600590593705463]
[1047.8550892608603, 420.75288718173647, 1.0600590593705463]
[1044.7959493157064, 415.29332586257306, 1.0600590593705463]
[1041.7368093705522, 409.8337645434097, 1.0600590593705463]
[1038.677669425398, 404.37420322424634, 1.0600590593705463]
[1035.618529480244, 398.91464190508293, 1.0600590593705463]
[1032.5593895350898, 393.4550805859196, 1.0600590593705463]
[1029.500249589936, 387.9955192667562, 1.0600590593705463]
[1026.4411096447818, 382.5359579475928, 1.0600590593705463]
[1023.3819696996277, 377.07639662842945, 1.0600590593705463]
[1020.3228297544736, 371.6168353092661, 1.0600590593705463]
[1017.2636898093195, 366.15727399010274, 1.0600590593705463]
[1014.2045498641654, 360.6977126709393, 1.0600590593705463]
[1011.1454099190113, 355.23815135177597, 1.0600590593705463]
[1008.0862699738573, 349.7785900326126, 1.0600590593705463]
[1005.0271300287031, 344.31902871344926, 1.0600590593705463]
[1001.9679900835491, 338.85946739428584, 1.0600590593705463]
[998.908850138395, 333.3999060751225, 1.0600590593705463]
[992.3474758034823, 324.81601128323916, 0.7762491873649111]
[988.8500459161029, 321.381998765727, 0.7762491873649107]
[985.3526160287236, 317.9479862482149, 0.7762491873649107]
[981.8551861413441, 314.5139737307028, 0.7762491873649107]
[978.3577562539647, 311.0799612131907, 0.7762491873649107]
[974.8603263665854, 307.6459486956786, 0.7762491873649107]
[971.3628964792059, 304.2119361781665, 0.7762491873649107]
[967.8654665918266, 300.7779236606544, 0.7762491873649107]
[964.3680367044471, 297.3439111431423, 0.7762491873649107]
[960.8706068170677, 293.9098986256302, 0.7762491873649107]
[957.3731769296884, 290.4758861081181, 0.7762491873649107]
[953.875747042309, 287.041873590606, 0.7762491873649107]
[950.3783171549296, 283.6078610730939, 0.7762491873649107]
[946.8808872675502, 280.1738485555818, 0.7762491873649107]
[943.3834573801707, 276.7398360380697, 0.7762491873649107]
[939.8860274927914, 273.3058235205576, 0.7762491873649107]
[936.388597605412, 269.8718110030455, 0.7762491873649107]
[932.8911677180326, 266.4377984855334, 0.7762491873649107]
[929.3937378306532, 263.0037859680213, 0.7762491873649107]
[925.3872303303824, 259.5795085319873, 0.6381591020271384]
[919.9041504681869, 255.51278307486064, 0.638159102027138]
[914.4210706059914, 251.44605761773397, 0.638159102027138]
[908.9379907437959, 247.37933216060733, 0.638159102027138]
[903.4549108816005, 243.31260670348067, 0.638159102027138]
[897.971831019405, 239.24588124635403, 0.638159102027138]
[892.4887511572095, 235.17915578922737, 0.638159102027138]
[887.005671295014, 231.1124303321007, 0.638159102027138]
[881.5225914328186, 227.04570487497404, 0.638159102027138]
[876.0395115706231, 222.9789794178474, 0.638159102027138]
[870.5564317084276, 218.91225396072073, 0.638159102027138]
[865.0733518462322, 214.84552850359407, 0.638159102027138]
[859.5902719840367, 210.7788030464674, 0.638159102027138]
[854.1071921218412, 206.71207758934077, 0.638159102027138]
[848.6241122596457, 202.6453521322141, 0.638159102027138]
[848.6241122596457, 202.6453521322141, 0.6381591020271384]
[841.5020522155514, 198.4733486876973, 0.42164590517536604]
[833.650022004343, 195.92875175006355, 0.20513270832359343]
[825.4346731323186, 195.13038158299116, -0.011380488528179189]
[817.2396223148586, 196.1155181785925, -0.22789368537995158]
[811.8664857072869, 197.3616703396167, -0.22789368537995222]
[806.4933490997151, 198.6078225006409, -0.22789368537995222]
[801.1202124921434, 199.8539746616651, -0.22789368537995222]
[795.7470758845718, 201.10012682268928, -0.22789368537995222]
[790.3739392770001, 202.3462789837135, -0.22789368537995222]
[785.0008026694284, 203.59243114473767, -0.22789368537995222]
[779.6276660618566, 204.8385833057619, -0.22789368537995222]
[774.2545294542849, 206.08473546678607, -0.22789368537995222]
[768.8813928467132, 207.33088762781026, -0.22789368537995222]
[763.5082562391415, 208.57703978883447, -0.22789368537995222]
[758.1351196315698, 209.82319194985865, -0.22789368537995222]
[752.761983023998, 211.06934411088284, -0.22789368537995222]
[747.3888464164263, 212.31549627190705, -0.22789368537995222]
[742.0157098088546, 213.56164843293124, -0.22789368537995222]
[736.642573201283, 214.80780059395545, -0.22789368537995222]
[731.2694365937112, 216.05395275497963, -0.22789368537995222]
[725.8962999861395, 217.30010491600382, -0.22789368537995222]
[720.5231633785678, 218.54625707702803, -0.22789368537995222]
[715.1500267709961, 219.79240923805222, -0.22789368537995222]
[707.0390275779951, 221.91265806567955, -0.2577076411155892]
[700.0333936184815, 223.75912215010686, -0.2577076411155892]
[693.0277596589679, 225.6055862345342, -0.2577076411155892]
[686.0221256994541, 227.4520503189615, -0.2577076411155892]
[679.0164917399405, 229.29851440338882, -0.2577076411155892]
[672.0108577804269, 231.14497848781616, -0.2577076411155892]
[665.0052238209132, 232.99144257224347, -0.2577076411155892]
[657.9995898613996, 234.83790665667078, -0.2577076411155892]
[650.9939559018859, 236.6843707410981, -0.2577076411155892]
[643.9883219423723, 238.5308348255254, -0.2577076411155892]
[636.9826879828586, 240.37729890995274, -0.2577076411155892]
[629.977054023345, 242.22376299438005, -0.2577076411155892]
[629.977054023345, 242.22376299438005, -0.2577076411155901]
[623.4614417477936, 243.3492363960121, -0.0843863529035005]
[616.8493567841314, 243.33419856342152, 0.08893493530858887]
[610.3389312020352, 242.17910010740826, 0.2622562235206787]
[604.1252508333033, 239.91855371807358, 0.43557751173276804]
[598.3945094970616, 236.62029699062094, 0.6088987999448578]
[593.318429675397, 232.38316265864754, 0.7822200881569472]
[587.2166686351029, 226.32006259240103, 0.782220088156946]
[581.1149075948088, 220.2569625261545, 0.782220088156946]
[575.0131465545145, 214.19386245990796, 0.782220088156946]
[568.9113855142203, 208.13076239366143, 0.782220088156946]
[562.8096244739262, 202.0676623274149, 0.782220088156946]
[556.707863433632, 196.00456226116836, 0.782220088156946]
[550.6061023933378, 189.94146219492183, 0.782220088156946]
[544.5043413530436, 183.8783621286753, 0.782220088156946]
[538.4025803127495, 177.81526206242876, 0.782220088156946]
[532.3008192724553, 171.75216199618222, 0.782220088156946]
[526.1990582321612, 165.6890619299357, 0.782220088156946]
[520.097297191867, 159.62596186368913, 0.782220088156946]
[513.9955361515728, 153.5628617974426, 0.782220088156946]
[507.8937751112786, 147.49976173119606, 0.782220088156946]
[501.79201407098446, 141.43666166494953, 0.782220088156946]
[495.69025303069026, 135.373561598703, 0.782220088156946]
[489.5884919903961, 129.31046153245646, 0.782220088156946]
[489.5884919903961, 129.31046153245646, 0.7822200881569459]
[468.4334602373085, 118.64655250071667, 0.15159854839797915]
[462.9566028973248, 117.80984929825692, 0.15159854839797882]
[457.47974555734106, 116.9731460957972, 0.15159854839797882]
[452.00288821735734, 116.13644289333747, 0.15159854839797882]
[446.5260308773736, 115.29973969087776, 0.15159854839797882]
[441.0491735373899, 114.46303648841803, 0.15159854839797882]
[435.57231619740617, 113.62633328595831, 0.15159854839797882]
[430.09545885742244, 112.78963008349858, 0.15159854839797882]
[424.6186015174387, 111.95292688103885, 0.15159854839797882]
[419.14174417745494, 111.11622367857913, 0.15159854839797882]
[413.6648868374713, 110.2795204761194, 0.15159854839797882]
[408.1880294974875, 109.44281727365968, 0.15159854839797882]
[402.71117215750377, 108.60611407119995, 0.15159854839797882]
[397.23431481752004, 107.76941086874024, 0.15159854839797882]
[391.7574574775363, 106.9327076662805, 0.15159854839797882]
[386.2806001375526, 106.09600446382079, 0.15159854839797882]
[380.8037427975689, 105.25930126136106, 0.15159854839797882]
[375.32688545758515, 104.42259805890134, 0.15159854839797882]
[369.8500281176014, 103.58589485644161, 0.15159854839797882]
[368.2327641462475, 103.3031309870153, 0.19458400883958626]
[355.06741431438206, 100.7085351423536, 0.19458400883958532]
[341.9020644825166, 98.1139392976919, 0.19458400883958532]
[328.73671465065115, 95.5193434530302, 0.19458400883958532]
[315.57136481878575, 92.9247476083685, 0.19458400883958532]
[302.4060149869203, 90.33015176370681, 0.19458400883958532]
[289.2406651550549, 87.73555591904511, 0.19458400883958532]
[276.07531532318944, 85.14096007438341, 0.19458400883958532]
[262.909965491324, 82.54636422972172, 0.19458400883958532]
[249.74461565945853, 79.95176838506002, 0.19458400883958532]
[236.57926582759308, 77.35717254039832, 0.19458400883958532]
[223.41391599572765, 74.76257669573663, 0.19458400883958532]
[210.24856616386222, 72.16798085107493, 0.19458400883958532]
[197.08321633199677, 69.57338500641323, 0.19458400883958532]
[183.9178665001313, 66.97878916175154, 0.19458400883958532]
[170.75251666826588, 64.38419331708984, 0.19458400883958532]
[157.58716683640043, 61.78959747242814, 0.19458400883958532]
[144.421817004535, 59.195001627766445, 0.19458400883958532]
[131.25646717266955, 56.60040578310475, 0.19458400883958532]
[129.35747772971098, 56.175637728164055, 0.24553347928070868]
[127.81342072747526, 55.7887131417417, 0.24553347928070876]
[126.26936372523953, 55.40178855531935, 0.24553347928070876]
[124.72530672300381, 55.014863968897, 0.24553347928070876]
[123.18124972076808, 54.62793938247465, 0.24553347928070876]
[121.63719271853236, 54.2410147960523, 0.24553347928070876]
[120.09313571629663, 53.854090209629945, 0.24553347928070876]
[118.54907871406091, 53.46716562320759, 0.24553347928070876]
[117.00502171182518, 53.08024103678524, 0.24553347928070876]
[115.46096470958946, 52.693316450362886, 0.24553347928070876]
[113.91690770735373, 52.30639186394054, 0.24553347928070876]
[112.37285070511801, 51.91946727751819, 0.24553347928070876]
[110.82879370288228, 51.532542691095834, 0.24553347928070876]
[109.28473670064656, 51.14561810467348, 0.24553347928070876]
[109.28473670064656, 51.14561810467348, 0.24553347928070846]
[107.45479511833577, 50.734523940761235, 0.19642678342456676]
[105.60688015158553, 50.41375161974013, 0.14732008756842507]
[103.74544709200097, 50.18407451822908, 0.09821339171228338]
[101.87498382307953, 50.04604638381964, 0.04910669585614169]
[100.0, 50.00000000000001, 0.0]
>>>> 
>>>> inputs
[40.0, 0.0, 0.1098658693848904]
[40.0, 0.0, 0.1098658693848904]
[40.0, 0.0, 0.1098658693848904]
[40.0, 0.0, 0.1098658693848904]
[40.0, 0.0, 0.1098658693848904]
[40.0, 0.0, 0.1098658693848904]
[40.0, 0.0, 0.1098658693848904]
[40.0, 0.0, 0.1098658693848904]
[40.0, 0.0, 0.1098658693848904]
[40.0, 0.0, 0.1098658693848904]
[40.0, 0.0, 0.1098658693848904]
[40.0, 0.0, 0.1098658693848904]
[40.0, 0.0, 0.1098658693848904]
[40.0, 0.0, 0.1098658693848904]
[40.0, 0.0, 0.1098658693848904]
[40.0, 0.0, 0.1098658693848904]
[40.0, 0.0, 0.1098658693848904]
[40.0, -0.8669840139434847, 0.1098658693848904]
[40.0, -0.8669840139434847, 0.1098658693848904]
[40.0, 0.0, 0.1098658693848904]
[40.0, 0.0, 0.15436056659133698]
[40.0, 0.0, 0.15436056659133698]
[40.0, 0.0, 0.15436056659133698]
[40.0, 0.0, 0.15436056659133698]
[40.0, 0.0, 0.15436056659133698]
[40.0, 0.0, 0.15436056659133698]
[40.0, 0.0, 0.15436056659133698]
[40.0, 0.0, 0.15436056659133698]
[40.0, 0.0, 0.15436056659133698]
[40.0, 0.0, 0.15436056659133698]
[40.0, 0.0, 0.15436056659133698]
[40.0, 0.0, 0.15436056659133698]
[40.0, 0.0, 0.15436056659133698]
[40.0, 0.0, 0.15436056659133698]
[40.0, 0.0, 0.15436056659133698]
[40.0, 0.0, 0.15436056659133698]
[40.0, 0.0, 0.15436056659133698]
[40.0, 0.8669840139434847, 0.15436056659133698]
[40.0, 0.0, 0.15436056659133698]
[40.0, 0.0, 0.15436056659133698]
[40.0, 0.0, 0.11687650480658666]
[40.0, 0.0, 0.11687650480658666]
[40.0, 0.0, 0.11687650480658666]
[40.0, 0.0, 0.11687650480658666]
[40.0, 0.0, 0.11687650480658666]
[40.0, 0.0, 0.11687650480658666]
[40.0, 0.0, 0.11687650480658666]
[40.0, 0.0, 0.11687650480658666]
[40.0, 0.0, 0.11687650480658666]
[40.0, 0.0, 0.11687650480658666]
[40.0, 0.0, 0.11687650480658666]
[40.0, 0.0, 0.11687650480658666]
[40.0, 0.0, 0.11687650480658666]
[40.0, 0.0, 0.11687650480658666]
[40.0, 0.0, 0.11687650480658666]
[40.0, 0.0, 0.11687650480658666]
[40.0, 0.8669840139434847, 0.11687650480658666]
[40.0, 0.0, 0.11687650480658666]
[40.0, 0.0, 0.11687650480658666]
[40.0, 0.0, 0.11687650480658666]
[40.0, 0.0, 0.16081641458961654]
[40.0, 0.0, 0.16081641458961654]
[40.0, 0.0, 0.16081641458961654]
[40.0, 0.0, 0.16081641458961654]
[40.0, 0.0, 0.16081641458961654]
[40.0, 0.0, 0.16081641458961654]
[40.0, 0.0, 0.16081641458961654]
[40.0, 0.0, 0.16081641458961654]
[40.0, 0.0, 0.16081641458961654]
[40.0, 0.0, 0.16081641458961654]
[40.0, 0.0, 0.16081641458961654]
[40.0, 0.8669840139434847, 0.16081641458961654]
[40.0, 0.8669840139434847, 0.16081641458961654]
[40.0, 0.8669840139434847, 0.16081641458961654]
[40.0, 0.8669840139434847, 0.16081641458961654]
[40.0, 0.8669840139434847, 0.16081641458961654]
[40.0, 0.0, 0.16081641458961654]
[40.0, 0.0, 0.16081641458961654]
[40.0, 0.0, 0.16081641458961654]
[40.0, 0.0, 0.16081641458961654]
[40.0, 0.0, 0.13242256143295553]
[40.0, 0.0, 0.13242256143295553]
[40.0, 0.0, 0.13242256143295553]
[40.0, 0.0, 0.13242256143295553]
[40.0, 0.0, 0.13242256143295553]
[40.0, 0.0, 0.13242256143295553]
[40.0, 0.0, 0.13242256143295553]
[40.0, 0.0, 0.13242256143295553]
[40.0, 0.0, 0.13242256143295553]
[40.0, 0.0, 0.13242256143295553]
[40.0, 0.0, 0.13242256143295553]
[40.0, 0.0, 0.13242256143295553]
[40.0, 0.0, 0.13242256143295553]
[40.0, 0.0, 0.13242256143295553]
[40.0, 0.0, 0.13242256143295553]
[40.0, 0.0, 0.13242256143295553]
[40.0, 0.0, 0.13242256143295553]
[40.0, 0.0, 0.13242256143295553]
[40.0, 0.0, 0.13242256143295553]
[40.0, 0.0, 0.13242256143295553]
[40.0, 0.0, 0.1583261439279274]
[40.0, 0.0, 0.1583261439279274]
[40.0, 0.0, 0.1583261439279274]
[40.0, 0.0, 0.1583261439279274]
[40.0, 0.0, 0.1583261439279274]
[40.0, 0.0, 0.1583261439279274]
[40.0, 0.0, 0.1583261439279274]
[40.0, -0.8669840139434847, 0.1583261439279274]
[40.0, -0.8669840139434847, 0.1583261439279274]
[40.0, -0.8669840139434847, 0.1583261439279274]
[40.0, -0.8669840139434847, 0.1583261439279274]
[40.0, -0.8669840139434847, 0.1583261439279274]
[40.0, -0.8669840139434847, 0.1583261439279274]
[40.0, -0.8669840139434847, 0.1583261439279274]
[40.0, 0.0, 0.1583261439279274]
[40.0, 0.0, 0.1583261439279274]
[40.0, 0.0, 0.1583261439279274]
[40.0, 0.0, 0.1583261439279274]
[40.0, 0.0, 0.1583261439279274]
[40.0, 0.0, 0.1583261439279274]
[40.0, 0.0, 0.21290031902555193]
[40.0, 0.0, 0.21290031902555193]
[40.0, 0.0, 0.21290031902555193]
[40.0, 0.0, 0.21290031902555193]
[40.0, 0.0, 0.21290031902555193]
[40.0, 0.0, 0.21290031902555193]
[40.0, 0.0, 0.21290031902555193]
[40.0, 0.0, 0.21290031902555193]
[40.0, 0.0, 0.21290031902555193]
[40.0, 0.0, 0.21290031902555193]
[40.0, 0.0, 0.21290031902555193]
[40.0, 0.8669840139434847, 0.21290031902555193]
[40.0, 0.8669840139434847, 0.21290031902555193]
[40.0, 0.0, 0.21290031902555193]
[40.0, 0.0, 0.21290031902555193]
[40.0, 0.0, 0.21290031902555193]
[40.0, 0.0, 0.21290031902555193]
[40.0, 0.0, 0.21290031902555193]
[40.0, 0.0, 0.21290031902555193]
[40.0, 0.0, 0.21290031902555193]
[40.0, 0.0, 0.12671141757199217]
[40.0, 0.0, 0.12671141757199217]
[40.0, 0.0, 0.12671141757199217]
[40.0, 0.0, 0.12671141757199217]
[40.0, 0.0, 0.12671141757199217]
[40.0, 0.0, 0.12671141757199217]
[40.0, 0.0, 0.12671141757199217]
[40.0, 0.0, 0.12671141757199217]
[40.0, 0.0, 0.12671141757199217]
[40.0, 0.0, 0.12671141757199217]
[40.0, 0.0, 0.12671141757199217]
[40.0, -0.8669840139434847, 0.12671141757199217]
[40.0, 0.0, 0.12671141757199217]
[40.0, 0.0, 0.12671141757199217]
[40.0, 0.0, 0.12671141757199217]
[40.0, 0.0, 0.12671141757199217]
[40.0, 0.0, 0.12671141757199217]
[40.0, 0.0, 0.12671141757199217]
[40.0, 0.0, 0.12671141757199217]
[40.0, 0.0, 0.12671141757199217]
[40.0, 0.0, 0.304350770544447]
[40.0, 0.0, 0.304350770544447]
[40.0, 0.0, 0.304350770544447]
[40.0, 0.0, 0.304350770544447]
[40.0, 0.0, 0.304350770544447]
[40.0, 0.0, 0.304350770544447]
[40.0, 0.0, 0.304350770544447]
[40.0, 0.0, 0.304350770544447]
[40.0, 0.0, 0.304350770544447]
[40.0, 0.0, 0.304350770544447]
[40.0, -0.8669840139434847, 0.304350770544447]
[40.0, 0.0, 0.304350770544447]
[40.0, 0.0, 0.304350770544447]
[40.0, 0.0, 0.304350770544447]
[40.0, 0.0, 0.304350770544447]
[40.0, 0.0, 0.304350770544447]
[40.0, 0.0, 0.304350770544447]
[40.0, 0.0, 0.304350770544447]
[40.0, 0.0, 0.304350770544447]
[40.0, 0.0, 0.304350770544447]
[40.0, 0.0, 0.037590086707826445]
[40.0, 0.0, 0.037590086707826445]
[40.0, 0.0, 0.037590086707826445]
[40.0, 0.0, 0.037590086707826445]
[40.0, 0.8669840139434847, 0.037590086707826445]
[40.0, 0.8669840139434847, 0.037590086707826445]
[40.0, 0.8669840139434847, 0.037590086707826445]
[40.0, 0.8669840139434847, 0.037590086707826445]
[40.0, 0.8669840139434847, 0.037590086707826445]
[40.0, 0.8669840139434847, 0.037590086707826445]
>>>> 
