----------------------------
RRT search Summary          
----------------------------
Map Name               : Random
Total paths found      : 1
Total number of nodes  : 1341
Total elapsed time     : 79.59686207771301 s
Solver                 : RRTstar 
----------------------------
Path number   : 0
Path length   : 1140.0176477316006
Time required : 56.38584613800049 s
>>>> Nodes
[1090.9580926727208, 490.76069392895636, 0.9629799775716675]
[1086.842090238614, 484.8441215815992, 0.9629799775716675]
[1082.7260878045074, 478.927549234242, 0.9629799775716675]
[1078.6100853704006, 473.0109768868848, 0.9629799775716675]
[1074.494082936294, 467.09440453952766, 0.9629799775716675]
[1070.3780805021872, 461.1778321921705, 0.9629799775716675]
[1066.2620780680807, 455.2612598448133, 0.9629799775716675]
[1062.1460756339739, 449.3446874974561, 0.9629799775716675]
[1058.0300731998673, 443.42811515009896, 0.9629799775716675]
[1053.9140707657605, 437.51154280274176, 0.9629799775716675]
[1049.7980683316537, 431.5949704553846, 0.9629799775716675]
[1045.682065897547, 425.6783981080274, 0.9629799775716675]
[1041.5660634634403, 419.76182576067026, 0.9629799775716675]
[1037.4500610293337, 413.84525341331306, 0.9629799775716675]
[1033.334058595227, 407.9286810659559, 0.9629799775716675]
[1029.2180561611203, 402.0121087185987, 0.9629799775716675]
[1025.1020537270135, 396.09553637124156, 0.9629799775716675]
[1020.9860512929068, 390.17896402388436, 0.9629799775716675]
[1016.8700488588001, 384.2623916765272, 0.9629799775716675]
[1012.7540464246935, 378.34581932917, 0.9629799775716675]
[1008.1396546075708, 372.74483475745734, 0.8452125053487008]
[1006.3054397812684, 370.676939003685, 0.8452125053487008]
[1004.4712249549659, 368.6090432499126, 0.8452125053487008]
[1002.6370101286634, 366.5411474961402, 0.8452125053487008]
[1000.8027953023609, 364.4732517423678, 0.8452125053487008]
[998.9685804760585, 362.40535598859543, 0.8452125053487008]
[997.134365649756, 360.337460234823, 0.8452125053487008]
[995.3001508234535, 358.2695644810506, 0.8452125053487008]
[993.4659359971511, 356.2016687272783, 0.8452125053487008]
[991.6317211708486, 354.13377297350587, 0.8452125053487008]
[989.797506344546, 352.06587721973347, 0.8452125053487008]
[987.9632915182435, 349.99798146596106, 0.8452125053487008]
[986.1290766919411, 347.9300857121887, 0.8452125053487008]
[984.2948618656386, 345.8621899584163, 0.8452125053487008]
[982.4606470393361, 343.7942942046439, 0.8452125053487008]
[980.6264322130336, 341.7263984508715, 0.8452125053487008]
[978.7922173867312, 339.65850269709915, 0.8452125053487008]
[976.9580025604287, 337.59060694332675, 0.8452125053487008]
[976.6139550768085, 337.19734158522874, 0.8588921326405701]
[971.2840109382248, 331.0201677220038, 0.8588921326405692]
[965.9540667996412, 324.84299385877887, 0.8588921326405692]
[960.6241226610575, 318.665819995554, 0.8588921326405692]
[955.2941785224739, 312.48864613232905, 0.8588921326405692]
[949.9642343838902, 306.3114722691041, 0.8588921326405692]
[944.6342902453066, 300.13429840587924, 0.8588921326405692]
[939.304346106723, 293.9571245426543, 0.8588921326405692]
[933.9744019681393, 287.77995067942936, 0.8588921326405692]
[928.6444578295556, 281.6027768162045, 0.8588921326405692]
[923.3145136909719, 275.42560295297955, 0.8588921326405692]
[917.9845695523883, 269.2484290897546, 0.8588921326405692]
[912.6546254138046, 263.0712552265297, 0.8588921326405692]
[907.324681275221, 256.8940813633048, 0.8588921326405692]
[901.9947371366374, 250.71690750007986, 0.8588921326405692]
[896.6647929980537, 244.53973363685492, 0.8588921326405692]
[891.3348488594701, 238.36255977363, 0.8588921326405692]
[891.3348488594701, 238.36255977363004, 0.8588921326405693]
[880.5207004130717, 229.6824323396425, 0.49383428896057424]
[867.3203363189446, 225.4349852624582, 0.1287764452805793]
[861.4956722284461, 224.68073175344946, 0.1287764452805802]
[855.6710081379476, 223.92647824444074, 0.1287764452805802]
[849.8463440474492, 223.172224735432, 0.1287764452805802]
[844.0216799569507, 222.41797122642328, 0.1287764452805802]
[838.1970158664523, 221.66371771741453, 0.1287764452805802]
[832.3723517759538, 220.90946420840578, 0.1287764452805802]
[826.5476876854553, 220.15521069939706, 0.1287764452805802]
[820.7230235949569, 219.4009571903883, 0.1287764452805802]
[814.8983595044584, 218.6467036813796, 0.1287764452805802]
[809.07369541396, 217.89245017237084, 0.1287764452805802]
[803.2490313234615, 217.13819666336212, 0.1287764452805802]
[797.424367232963, 216.38394315435337, 0.1287764452805802]
[791.5997031424646, 215.62968964534463, 0.1287764452805802]
[785.7750390519661, 214.8754361363359, 0.1287764452805802]
[779.9503749614677, 214.12118262732716, 0.1287764452805802]
[774.1257108709692, 213.36692911831844, 0.1287764452805802]
[768.3010467804708, 212.6126756093097, 0.1287764452805802]
[762.4763826899723, 211.85842210030097, 0.1287764452805802]
[756.6517185994738, 211.10416859129222, 0.1287764452805802]
[747.3538679121937, 210.17695611607616, 0.09738007598981116]
[739.2475621790577, 209.38505870806162, 0.09738007598981116]
[731.1412564459217, 208.59316130004711, 0.09738007598981116]
[723.0349507127858, 207.8012638920326, 0.09738007598981116]
[714.9286449796499, 207.00936648401807, 0.09738007598981116]
[706.8223392465139, 206.21746907600357, 0.09738007598981116]
[698.716033513378, 205.42557166798906, 0.09738007598981116]
[690.6097277802421, 204.63367425997453, 0.09738007598981116]
[682.5034220471061, 203.84177685196002, 0.09738007598981116]
[674.3971163139702, 203.0498794439455, 0.09738007598981116]
[666.2908105808343, 202.25798203593098, 0.09738007598981116]
[658.1845048476983, 201.46608462791647, 0.09738007598981116]
[650.0781991145624, 200.67418721990197, 0.09738007598981116]
[641.9718933814265, 199.88228981188743, 0.09738007598981116]
[633.8655876482906, 199.09039240387293, 0.09738007598981116]
[625.7592819151546, 198.29849499585842, 0.09738007598981116]
[617.6529761820187, 197.50659758784388, 0.09738007598981116]
[609.5466704488828, 196.71470017982938, 0.09738007598981116]
[602.4080121628267, 195.32155878410228, 0.28808417992277957]
[598.2477832379766, 194.0887683313066, 0.2880841799227791]
[594.0875543131265, 192.85597787851094, 0.2880841799227791]
[589.9273253882762, 191.62318742571526, 0.2880841799227791]
[585.7670964634261, 190.39039697291958, 0.2880841799227791]
[581.606867538576, 189.15760652012392, 0.2880841799227791]
[577.4466386137259, 187.92481606732824, 0.2880841799227791]
[573.2864096888757, 186.69202561453258, 0.2880841799227791]
[569.1261807640255, 185.4592351617369, 0.2880841799227791]
[564.9659518391754, 184.22644470894122, 0.2880841799227791]
[560.8057229143253, 182.99365425614556, 0.2880841799227791]
[556.6454939894752, 181.76086380334988, 0.2880841799227791]
[552.485265064625, 180.5280733505542, 0.2880841799227791]
[548.3250361397749, 179.29528289775854, 0.2880841799227791]
[544.1648072149247, 178.06249244496286, 0.2880841799227791]
[540.0045782900746, 176.8297019921672, 0.2880841799227791]
[535.8443493652245, 175.59691153937152, 0.2880841799227791]
[531.6841204403743, 174.36412108657584, 0.2880841799227791]
[527.5238915155242, 173.13133063378018, 0.2880841799227791]
[523.363662590674, 171.8985401809845, 0.2880841799227791]
[508.16234275076687, 167.62829007035398, 0.27360153672291904]
[493.4925414582385, 163.51136557333496, 0.27360153672291904]
[478.8227401657102, 159.39444107631596, 0.27360153672291904]
[464.1529388731818, 155.27751657929696, 0.27360153672291904]
[449.4831375806535, 151.16059208227796, 0.27360153672291904]
[434.81333628812513, 147.04366758525893, 0.27360153672291904]
[420.1435349955967, 142.92674308823993, 0.27360153672291904]
[405.47373370306843, 138.8098185912209, 0.27360153672291904]
[390.80393241054, 134.6928940942019, 0.27360153672291904]
[376.13413111801174, 130.5759695971829, 0.27360153672291904]
[361.46432982548333, 126.45904510016389, 0.27360153672291904]
[346.79452853295504, 122.34212060314488, 0.27360153672291904]
[332.12472724042664, 118.22519610612588, 0.27360153672291904]
[317.4549259478983, 114.10827160910686, 0.27360153672291904]
[302.78512465536994, 109.99134711208785, 0.27360153672291904]
[288.1153233628416, 105.87442261506884, 0.27360153672291904]
[273.44552207031325, 101.75749811804984, 0.27360153672291904]
[258.7757207777849, 97.64057362103082, 0.27360153672291904]
[257.7347033682844, 97.33239802362397, 0.3020253894221592]
[249.6028824044716, 94.79887357545607, 0.30202538942215884]
[241.47106144065884, 92.26534912728818, 0.30202538942215884]
[233.33924047684604, 89.73182467912028, 0.30202538942215884]
[225.2074195130333, 87.19830023095238, 0.30202538942215884]
[217.0755985492205, 84.66477578278449, 0.30202538942215884]
[208.94377758540773, 82.13125133461659, 0.30202538942215884]
[200.81195662159496, 79.5977268864487, 0.30202538942215884]
[192.68013565778216, 77.0642024382808, 0.30202538942215884]
[184.54831469396942, 74.5306779901129, 0.30202538942215884]
[176.41649373015662, 71.99715354194501, 0.30202538942215884]
[168.28467276634387, 69.46362909377712, 0.30202538942215884]
[160.15285180253107, 66.93010464560922, 0.30202538942215884]
[152.0210308387183, 64.39658019744132, 0.30202538942215884]
[143.88920987490553, 61.86305574927342, 0.30202538942215884]
[135.75738891109276, 59.329531301105526, 0.30202538942215884]
[127.62556794727999, 56.79600685293763, 0.30202538942215884]
[119.4937469834672, 54.262482404769735, 0.30202538942215884]
[111.36192601965443, 51.72895795660184, 0.30202538942215884]
[100.0, 50.00000000000001, 0.0]
>>>> 
>>>> inputs
[40.0, 0.0, 0.1767998688229455]
[40.0, 0.0, 0.1767998688229455]
[40.0, 0.0, 0.1767998688229455]
[40.0, 0.0, 0.1767998688229455]
[40.0, 0.0, 0.1767998688229455]
[40.0, 0.0, 0.1767998688229455]
[40.0, 0.0, 0.1767998688229455]
[40.0, 0.0, 0.1767998688229455]
[40.0, 0.0, 0.1767998688229455]
[40.0, 0.0, 0.1767998688229455]
[40.0, 0.0, 0.1767998688229455]
[40.0, 0.0, 0.1767998688229455]
[40.0, 0.0, 0.1767998688229455]
[40.0, 0.0, 0.1767998688229455]
[40.0, 0.0, 0.1767998688229455]
[40.0, 0.0, 0.1767998688229455]
[40.0, 0.0, 0.1767998688229455]
[40.0, 0.0, 0.1767998688229455]
[40.0, 0.0, 0.1767998688229455]
[40.0, 0.0, 0.1767998688229455]
[40.0, 0.0, 0.06284657652638785]
[40.0, 0.0, 0.06284657652638785]
[40.0, 0.0, 0.06284657652638785]
[40.0, 0.0, 0.06284657652638785]
[40.0, 0.0, 0.06284657652638785]
[40.0, 0.0, 0.06284657652638785]
[40.0, 0.0, 0.06284657652638785]
[40.0, 0.0, 0.06284657652638785]
[40.0, 0.0, 0.06284657652638785]
[40.0, 0.0, 0.06284657652638785]
[40.0, 0.0, 0.06284657652638785]
[40.0, 0.0, 0.06284657652638785]
[40.0, 0.0, 0.06284657652638785]
[40.0, 0.0, 0.06284657652638785]
[40.0, 0.0, 0.06284657652638785]
[40.0, 0.0, 0.06284657652638785]
[40.0, 0.0, 0.06284657652638785]
[40.0, -0.8669840139434847, 0.06284657652638785]
[40.0, 0.0, 0.06284657652638785]
[40.0, 0.0, 0.06284657652638785]
[40.0, 0.0, 0.19803616696395537]
[40.0, 0.0, 0.19803616696395537]
[40.0, 0.0, 0.19803616696395537]
[40.0, 0.0, 0.19803616696395537]
[40.0, 0.0, 0.19803616696395537]
[40.0, 0.0, 0.19803616696395537]
[40.0, 0.0, 0.19803616696395537]
[40.0, 0.0, 0.19803616696395537]
[40.0, 0.0, 0.19803616696395537]
[40.0, 0.0, 0.19803616696395537]
[40.0, 0.0, 0.19803616696395537]
[40.0, 0.0, 0.19803616696395537]
[40.0, 0.0, 0.19803616696395537]
[40.0, 0.0, 0.19803616696395537]
[40.0, 0.8669840139434847, 0.19803616696395537]
[40.0, 0.8669840139434847, 0.19803616696395537]
[40.0, 0.8669840139434847, 0.19803616696395537]
[40.0, 0.0, 0.19803616696395537]
[40.0, 0.0, 0.19803616696395537]
[40.0, 0.0, 0.19803616696395537]
[40.0, 0.0, 0.1409898547413338]
[40.0, 0.0, 0.1409898547413338]
[40.0, 0.0, 0.1409898547413338]
[40.0, 0.0, 0.1409898547413338]
[40.0, 0.0, 0.1409898547413338]
[40.0, 0.0, 0.1409898547413338]
[40.0, 0.0, 0.1409898547413338]
[40.0, 0.0, 0.1409898547413338]
[40.0, 0.0, 0.1409898547413338]
[40.0, 0.0, 0.1409898547413338]
[40.0, 0.0, 0.1409898547413338]
[40.0, 0.0, 0.1409898547413338]
[40.0, 0.0, 0.1409898547413338]
[40.0, 0.0, 0.1409898547413338]
[40.0, 0.0, 0.1409898547413338]
[40.0, 0.0, 0.1409898547413338]
[40.0, 0.0, 0.1409898547413338]
[40.0, 0.0, 0.1409898547413338]
[40.0, 0.0, 0.1409898547413338]
[40.0, 0.0, 0.1409898547413338]
[40.0, 0.0, 0.19236555954182794]
[40.0, 0.0, 0.19236555954182794]
[40.0, 0.0, 0.19236555954182794]
[40.0, 0.0, 0.19236555954182794]
[40.0, 0.0, 0.19236555954182794]
[40.0, 0.0, 0.19236555954182794]
[40.0, 0.0, 0.19236555954182794]
[40.0, 0.0, 0.19236555954182794]
[40.0, 0.0, 0.19236555954182794]
[40.0, 0.0, 0.19236555954182794]
[40.0, 0.0, 0.19236555954182794]
[40.0, 0.0, 0.19236555954182794]
[40.0, 0.0, 0.19236555954182794]
[40.0, 0.0, 0.19236555954182794]
[40.0, -0.8669840139434847, 0.19236555954182794]
[40.0, 0.0, 0.19236555954182794]
[40.0, 0.0, 0.19236555954182794]
[40.0, 0.0, 0.19236555954182794]
[40.0, 0.0, 0.19236555954182794]
[40.0, 0.0, 0.19236555954182794]
[40.0, 0.0, 0.10374371959549163]
[40.0, 0.0, 0.10374371959549163]
[40.0, 0.0, 0.10374371959549163]
[40.0, 0.0, 0.10374371959549163]
[40.0, 0.0, 0.10374371959549163]
[40.0, 0.0, 0.10374371959549163]
[40.0, 0.0, 0.10374371959549163]
[40.0, 0.0, 0.10374371959549163]
[40.0, 0.0, 0.10374371959549163]
[40.0, 0.0, 0.10374371959549163]
[40.0, 0.0, 0.10374371959549163]
[40.0, 0.0, 0.10374371959549163]
[40.0, 0.0, 0.10374371959549163]
[40.0, 0.0, 0.10374371959549163]
[40.0, 0.0, 0.10374371959549163]
[40.0, 0.0, 0.10374371959549163]
[40.0, 0.0, 0.10374371959549163]
[40.0, 0.0, 0.10374371959549163]
[40.0, 0.0, 0.10374371959549163]
[40.0, 0.0, 0.10374371959549163]
[40.0, 0.0, 0.3441792787380431]
[40.0, 0.0, 0.3441792787380431]
[40.0, 0.0, 0.3441792787380431]
[40.0, 0.0, 0.3441792787380431]
[40.0, 0.0, 0.3441792787380431]
[40.0, 0.0, 0.3441792787380431]
[40.0, 0.0, 0.3441792787380431]
[40.0, 0.0, 0.3441792787380431]
[40.0, 0.0, 0.3441792787380431]
[40.0, 0.0, 0.3441792787380431]
[40.0, 0.0, 0.3441792787380431]
[40.0, 0.0, 0.3441792787380431]
[40.0, -0.8669840139434847, 0.3441792787380431]
[40.0, 0.0, 0.3441792787380431]
[40.0, 0.0, 0.3441792787380431]
[40.0, 0.0, 0.3441792787380431]
[40.0, 0.0, 0.3441792787380431]
[40.0, 0.0, 0.3441792787380431]
[40.0, 0.0, 0.3441792787380431]
[40.0, 0.0, 0.3441792787380431]
[40.0, 0.0, 0.2060610347345156]
[40.0, 0.0, 0.2060610347345156]
[40.0, 0.0, 0.2060610347345156]
[40.0, 0.0, 0.2060610347345156]
[40.0, 0.0, 0.2060610347345156]
[40.0, 0.0, 0.2060610347345156]
[40.0, 0.0, 0.2060610347345156]
[40.0, 0.0, 0.2060610347345156]
[40.0, 0.0, 0.2060610347345156]
[40.0, 0.0, 0.2060610347345156]
[40.0, 0.0, 0.2060610347345156]
[40.0, 0.8669840139434847, 0.2060610347345156]
>>>> 
