----------------------------
RRT search Summary          
----------------------------
Map Name               : Random
Total paths found      : 1
Total number of nodes  : 841
Total elapsed time     : 60.272449016571045 s
Solver                 : RRTstar 
----------------------------
Path number   : 0
Path length   : 1260.1288040632094
Time required : 28.261590003967285 s
>>>> Nodes
[1101.5606528868586, 496.3468730820323, 1.1599395252142426]
[1099.375565968141, 491.33118223396525, 1.1599395252142426]
[1097.1904790494234, 486.31549138589827, 1.1599395252142426]
[1095.0053921307058, 481.2998005378313, 1.1599395252142426]
[1092.8203052119882, 476.28410968976425, 1.1599395252142426]
[1090.6352182932708, 471.26841884169727, 1.1599395252142426]
[1088.4501313745532, 466.2527279936303, 1.1599395252142426]
[1086.2650444558356, 461.2370371455633, 1.1599395252142426]
[1084.079957537118, 456.22134629749627, 1.1599395252142426]
[1081.8948706184003, 451.2056554494293, 1.1599395252142426]
[1079.7097836996827, 446.1899646013623, 1.1599395252142426]
[1077.524696780965, 441.17427375329527, 1.1599395252142426]
[1075.3396098622475, 436.1585829052283, 1.1599395252142426]
[1073.1545229435299, 431.1428920571613, 1.1599395252142426]
[1070.9694360248125, 426.12720120909427, 1.1599395252142426]
[1068.7843491060949, 421.1115103610273, 1.1599395252142426]
[1066.5992621873772, 416.0958195129603, 1.1599395252142426]
[1064.4141752686596, 411.08012866489327, 1.1599395252142426]
[1062.229088349942, 406.0644378168263, 1.1599395252142426]
[1061.527014572774, 404.3391749271375, 1.2087082425250295]
[1058.1968393586783, 395.5475303183347, 1.2087082425250284]
[1054.8666641445825, 386.7558857095318, 1.2087082425250284]
[1051.536488930487, 377.96424110072894, 1.2087082425250284]
[1048.2063137163912, 369.17259649192613, 1.2087082425250284]
[1044.8761385022954, 360.3809518831233, 1.2087082425250284]
[1041.5459632881998, 351.58930727432045, 1.2087082425250284]
[1038.215788074104, 342.79766266551763, 1.2087082425250284]
[1034.8856128600082, 334.00601805671477, 1.2087082425250284]
[1031.5554376459124, 325.21437344791195, 1.2087082425250284]
[1028.2252624318166, 316.42272883910914, 1.2087082425250284]
[1024.895087217721, 307.63108423030627, 1.2087082425250284]
[1021.5649120036253, 298.83943962150346, 1.2087082425250284]
[1018.2347367895295, 290.0477950127006, 1.2087082425250284]
[1014.9045615754338, 281.2561504038978, 1.2087082425250284]
[1011.5743863613382, 272.4645057950949, 1.2087082425250284]
[1008.2442111472424, 263.6728611862921, 1.2087082425250284]
[1004.9140359331466, 254.88121657748925, 1.2087082425250284]
[1001.5838607190509, 246.0895719686864, 1.2087082425250284]
[992.1929399636865, 231.947326531101, 0.7605299499584389]
[986.6834160076802, 226.70523126740545, 0.7605299499584396]
[981.1738920516739, 221.4631360037099, 0.7605299499584396]
[975.6643680956674, 216.22104074001436, 0.7605299499584396]
[970.1548441396611, 210.9789454763188, 0.7605299499584396]
[964.6453201836548, 205.73685021262327, 0.7605299499584396]
[959.1357962276484, 200.49475494892775, 0.7605299499584396]
[953.626272271642, 195.2526596852322, 0.7605299499584396]
[948.1167483156357, 190.01056442153666, 0.7605299499584396]
[942.6072243596294, 184.7684691578411, 0.7605299499584396]
[937.097700403623, 179.52637389414556, 0.7605299499584396]
[931.5881764476167, 174.28427863045002, 0.7605299499584396]
[926.0786524916103, 169.04218336675447, 0.7605299499584396]
[920.569128535604, 163.80008810305895, 0.7605299499584396]
[915.0596045795976, 158.5579928393634, 0.7605299499584396]
[909.5500806235913, 153.31589757566786, 0.7605299499584396]
[904.040556667585, 148.07380231197232, 0.7605299499584396]
[898.5310327115786, 142.83170704827677, 0.7605299499584396]
[893.0215087555722, 137.58961178458122, 0.7605299499584396]
[887.5119847995659, 132.34751652088568, 0.7605299499584396]
[878.4464520697718, 125.1123173507101, 0.6553972008527997]
[872.4302496403768, 120.4873264193602, 0.6553972008527997]
[866.4140472109817, 115.8623354880103, 0.6553972008527997]
[860.3978447815866, 111.23734455666039, 0.6553972008527997]
[854.3816423521916, 106.61235362531048, 0.6553972008527997]
[848.3654399227966, 101.98736269396058, 0.6553972008527997]
[842.3492374934016, 97.36237176261068, 0.6553972008527997]
[836.3330350640065, 92.73738083126077, 0.6553972008527997]
[830.3168326346114, 88.11238989991085, 0.6553972008527997]
[824.3006302052164, 83.48739896856095, 0.6553972008527997]
[818.2844277758213, 78.86240803721105, 0.6553972008527997]
[812.2682253464263, 74.23741710586114, 0.6553972008527997]
[806.2520229170312, 69.61242617451123, 0.6553972008527997]
[800.2358204876361, 64.98743524316133, 0.6553972008527997]
[794.2196180582412, 60.36244431181142, 0.6553972008527997]
[788.2034156288461, 55.73745338046152, 0.6553972008527997]
[788.2034156288461, 55.73745338046151, 0.6553972008527992]
[774.905093307071, 49.15054022732152, 0.2643945763094253]
[760.1000547318803, 48.12895604187902, -0.12660804823394844]
[750.2555498310612, 49.382052302318435, -0.12660804823394708]
[740.4110449302422, 50.63514856275785, -0.12660804823394708]
[730.5665400294231, 51.88824482319727, -0.12660804823394708]
[720.7220351286041, 53.14134108363669, -0.12660804823394708]
[710.8775302277851, 54.39443734407611, -0.12660804823394708]
[701.033025326966, 55.64753360451553, -0.12660804823394708]
[691.188520426147, 56.90062986495495, -0.12660804823394708]
[681.3440155253279, 58.15372612539437, -0.12660804823394708]
[671.499510624509, 59.40682238583379, -0.12660804823394708]
[661.6550057236899, 60.65991864627321, -0.12660804823394708]
[651.8105008228708, 61.913014906712625, -0.12660804823394708]
[641.9659959220518, 63.166111167152046, -0.12660804823394708]
[632.1214910212327, 64.41920742759146, -0.12660804823394708]
[622.2769861204137, 65.67230368803088, -0.12660804823394708]
[612.4324812195946, 66.9253999484703, -0.12660804823394708]
[602.5879763187756, 68.17849620890972, -0.12660804823394708]
[592.7434714179566, 69.43159246934914, -0.12660804823394708]
[582.8989665171375, 70.68468872978856, -0.12660804823394708]
[573.0544616163185, 71.93778499022798, -0.12660804823394708]
[559.0394935846383, 75.05277687989206, -0.23404829590248022]
[549.0599536721008, 77.43207556677508, -0.23404829590248022]
[539.0804137595635, 79.8113742536581, -0.23404829590248022]
[529.1008738470262, 82.1906729405411, -0.23404829590248022]
[519.1213339344888, 84.56997162742412, -0.23404829590248022]
[509.14179402195145, 86.94927031430714, -0.23404829590248022]
[499.16225410941405, 89.32856900119015, -0.23404829590248022]
[489.1827141968767, 91.70786768807316, -0.23404829590248022]
[479.2031742843393, 94.08716637495618, -0.23404829590248022]
[469.22363437180195, 96.46646506183919, -0.23404829590248022]
[459.2440944592646, 98.8457637487222, -0.23404829590248022]
[449.2645545467272, 101.22506243560522, -0.23404829590248022]
[439.28501463418985, 103.60436112248823, -0.23404829590248022]
[429.30547472165244, 105.98365980937125, -0.23404829590248022]
[419.3259348091151, 108.36295849625427, -0.23404829590248022]
[409.3463948965777, 110.74225718313727, -0.23404829590248022]
[399.36685498404034, 113.12155587002029, -0.23404829590248022]
[399.36685498404034, 113.12155587002029, -0.23404829590248055]
[382.03176081078715, 113.21058050455473, 0.2237773563821881]
[367.6341157438112, 109.9338342995674, 0.2237773563821885]
[353.2364706768353, 106.65708809458005, 0.2237773563821885]
[338.8388256098593, 103.38034188959273, 0.2237773563821885]
[324.44118054288344, 100.10359568460538, 0.2237773563821885]
[310.0435354759075, 96.82684947961806, 0.2237773563821885]
[295.64589040893156, 93.55010327463071, 0.2237773563821885]
[281.2482453419557, 90.27335706964338, 0.2237773563821885]
[266.8506002749797, 86.99661086465605, 0.2237773563821885]
[252.4529552080038, 83.7198646596687, 0.2237773563821885]
[238.0553101410279, 80.44311845468138, 0.2237773563821885]
[223.65766507405195, 77.16637224969404, 0.2237773563821885]
[209.26002000707604, 73.88962604470672, 0.2237773563821885]
[194.8623749401001, 70.61287983971937, 0.2237773563821885]
[180.46472987312416, 67.33613363473204, 0.2237773563821885]
[166.06708480614824, 64.0593874297447, 0.2237773563821885]
[151.66943973917233, 60.78264122475737, 0.2237773563821885]
[137.2717946721964, 57.50589501977004, 0.2237773563821885]
[122.87414960522047, 54.2291488147827, 0.2237773563821885]
[108.47650453824454, 50.952402609795364, 0.2237773563821885]
>>>> 
>>>> inputs
[40.0, 0.0, 0.12542586719308904]
[40.0, 0.0, 0.12542586719308904]
[40.0, 0.0, 0.12542586719308904]
[40.0, 0.0, 0.12542586719308904]
[40.0, 0.0, 0.12542586719308904]
[40.0, 0.0, 0.12542586719308904]
[40.0, 0.0, 0.12542586719308904]
[40.0, 0.0, 0.12542586719308904]
[40.0, 0.0, 0.12542586719308904]
[40.0, 0.0, 0.12542586719308904]
[40.0, 0.0, 0.12542586719308904]
[40.0, 0.0, 0.12542586719308904]
[40.0, 0.0, 0.12542586719308904]
[40.0, 0.0, 0.12542586719308904]
[40.0, 0.0, 0.12542586719308904]
[40.0, 0.0, 0.12542586719308904]
[40.0, 0.0, 0.12542586719308904]
[40.0, 0.0, 0.12542586719308904]
[40.0, -0.8669840139434847, 0.12542586719308904]
[40.0, 0.0, 0.12542586719308904]
[40.0, 0.0, 0.2329265599860071]
[40.0, 0.0, 0.2329265599860071]
[40.0, 0.0, 0.2329265599860071]
[40.0, 0.0, 0.2329265599860071]
[40.0, 0.0, 0.2329265599860071]
[40.0, 0.0, 0.2329265599860071]
[40.0, 0.0, 0.2329265599860071]
[40.0, 0.0, 0.2329265599860071]
[40.0, 0.0, 0.2329265599860071]
[40.0, 0.0, 0.2329265599860071]
[40.0, 0.0, 0.2329265599860071]
[40.0, 0.0, 0.2329265599860071]
[40.0, 0.0, 0.2329265599860071]
[40.0, 0.0, 0.2329265599860071]
[40.0, 0.0, 0.2329265599860071]
[40.0, 0.0, 0.2329265599860071]
[40.0, 0.0, 0.2329265599860071]
[40.0, 0.8669840139434847, 0.2329265599860071]
[40.0, 0.0, 0.2329265599860071]
[40.0, 0.0, 0.2329265599860071]
[40.0, 0.0, 0.18563595810641426]
[40.0, 0.0, 0.18563595810641426]
[40.0, 0.0, 0.18563595810641426]
[40.0, 0.0, 0.18563595810641426]
[40.0, 0.0, 0.18563595810641426]
[40.0, 0.0, 0.18563595810641426]
[40.0, 0.0, 0.18563595810641426]
[40.0, 0.0, 0.18563595810641426]
[40.0, 0.0, 0.18563595810641426]
[40.0, 0.0, 0.18563595810641426]
[40.0, 0.0, 0.18563595810641426]
[40.0, 0.0, 0.18563595810641426]
[40.0, 0.0, 0.18563595810641426]
[40.0, 0.0, 0.18563595810641426]
[40.0, 0.0, 0.18563595810641426]
[40.0, 0.0, 0.18563595810641426]
[40.0, 0.0, 0.18563595810641426]
[40.0, 0.0, 0.18563595810641426]
[40.0, 0.0, 0.18563595810641426]
[40.0, 0.0, 0.18563595810641426]
[40.0, 0.0, 0.18910786920341144]
[40.0, 0.0, 0.18910786920341144]
[40.0, 0.0, 0.18910786920341144]
[40.0, 0.0, 0.18910786920341144]
[40.0, 0.0, 0.18910786920341144]
[40.0, 0.0, 0.18910786920341144]
[40.0, 0.0, 0.18910786920341144]
[40.0, 0.0, 0.18910786920341144]
[40.0, 0.0, 0.18910786920341144]
[40.0, 0.0, 0.18910786920341144]
[40.0, 0.0, 0.18910786920341144]
[40.0, 0.0, 0.18910786920341144]
[40.0, 0.0, 0.18910786920341144]
[40.0, 0.8669840139434847, 0.18910786920341144]
[40.0, 0.8669840139434847, 0.18910786920341144]
[40.0, 0.8669840139434847, 0.18910786920341144]
[40.0, 0.0, 0.18910786920341144]
[40.0, 0.0, 0.18910786920341144]
[40.0, 0.0, 0.18910786920341144]
[40.0, 0.0, 0.18910786920341144]
[40.0, 0.0, 0.2408233993765311]
[40.0, 0.0, 0.2408233993765311]
[40.0, 0.0, 0.2408233993765311]
[40.0, 0.0, 0.2408233993765311]
[40.0, 0.0, 0.2408233993765311]
[40.0, 0.0, 0.2408233993765311]
[40.0, 0.0, 0.2408233993765311]
[40.0, 0.0, 0.2408233993765311]
[40.0, 0.0, 0.2408233993765311]
[40.0, 0.0, 0.2408233993765311]
[40.0, 0.0, 0.2408233993765311]
[40.0, 0.0, 0.2408233993765311]
[40.0, 0.0, 0.2408233993765311]
[40.0, 0.0, 0.2408233993765311]
[40.0, 0.0, 0.2408233993765311]
[40.0, 0.0, 0.2408233993765311]
[40.0, 0.0, 0.2408233993765311]
[40.0, 0.0, 0.2408233993765311]
[40.0, 0.0, 0.2408233993765311]
[40.0, 0.0, 0.2408233993765311]
[40.0, 0.0, 0.23986869817910583]
[40.0, 0.0, 0.23986869817910583]
[40.0, 0.0, 0.23986869817910583]
[40.0, 0.0, 0.23986869817910583]
[40.0, 0.0, 0.23986869817910583]
[40.0, 0.0, 0.23986869817910583]
[40.0, 0.0, 0.23986869817910583]
[40.0, 0.0, 0.23986869817910583]
[40.0, 0.0, 0.23986869817910583]
[40.0, 0.0, 0.23986869817910583]
[40.0, 0.0, 0.23986869817910583]
[40.0, 0.0, 0.23986869817910583]
[40.0, -0.8669840139434847, 0.23986869817910583]
[40.0, -0.8669840139434847, 0.23986869817910583]
[40.0, 0.0, 0.23986869817910583]
[40.0, 0.0, 0.23986869817910583]
[40.0, 0.0, 0.23986869817910583]
[40.0, 0.0, 0.23986869817910583]
[40.0, 0.0, 0.23986869817910583]
[40.0, 0.0, 0.23986869817910583]
[40.0, 0.0, 0.3613726530344529]
[40.0, 0.0, 0.3613726530344529]
[40.0, 0.0, 0.3613726530344529]
[40.0, 0.0, 0.3613726530344529]
[40.0, 0.0, 0.3613726530344529]
[40.0, 0.0, 0.3613726530344529]
[40.0, 0.0, 0.3613726530344529]
[40.0, 0.0, 0.3613726530344529]
[40.0, 0.0, 0.3613726530344529]
[40.0, 0.0, 0.3613726530344529]
[40.0, 0.0, 0.3613726530344529]
[40.0, 0.0, 0.3613726530344529]
[40.0, 0.0, 0.3613726530344529]
>>>> 
