----------------------------
RRT search Summary          
----------------------------
Map Name               : Random
Total paths found      : 3
Total number of nodes  : 1285
Total elapsed time     : 79.87216901779175 s
Solver                 : RRTstar 
----------------------------
Path number   : 0
Path length   : 1193.7966826805348
Time required : 14.72938585281372 s
>>>> Nodes
[1102.0070258892363, 492.79699299394053, 0.916922120082058]
[1097.3949697906337, 486.77866909117046, 0.916922120082058]
[1092.7829136920311, 480.7603451884004, 0.916922120082058]
[1088.1708575934285, 474.74202128563036, 0.916922120082058]
[1083.5588014948257, 468.7236973828602, 0.916922120082058]
[1078.9467453962232, 462.7053734800902, 0.916922120082058]
[1074.3346892976206, 456.6870495773201, 0.916922120082058]
[1069.722633199018, 450.66872567455005, 0.916922120082058]
[1065.1105771004154, 444.65040177177997, 0.916922120082058]
[1060.4985210018126, 438.6320778690099, 0.916922120082058]
[1055.88646490321, 432.61375396623987, 0.916922120082058]
[1051.2744088046074, 426.5954300634698, 0.916922120082058]
[1046.6623527060049, 420.5771061606997, 0.916922120082058]
[1042.0502966074023, 414.55878225792964, 0.916922120082058]
[1037.4382405087997, 408.54045835515956, 0.916922120082058]
[1032.8261844101971, 402.52213445238954, 0.916922120082058]
[1028.2141283115943, 396.50381054961946, 0.916922120082058]
[1023.6020722129917, 390.4854866468494, 0.916922120082058]
[1018.9900161143892, 384.4671627440793, 0.916922120082058]
[1018.1877288791297, 383.3810094148677, 0.9522755446030811]
[1013.2400306315446, 376.4288532320019, 0.9522755446030802]
[1008.2923323839594, 369.4766970491362, 0.9522755446030802]
[1003.3446341363743, 362.5245408662704, 0.9522755446030802]
[998.3969358887891, 355.5723846834046, 0.9522755446030802]
[993.449237641204, 348.6202285005388, 0.9522755446030802]
[988.5015393936188, 341.668072317673, 0.9522755446030802]
[983.5538411460337, 334.7159161348073, 0.9522755446030802]
[978.6061428984485, 327.7637599519415, 0.9522755446030802]
[973.6584446508634, 320.81160376907576, 0.9522755446030802]
[968.7107464032783, 313.85944758620997, 0.9522755446030802]
[963.7630481556931, 306.9072914033442, 0.9522755446030802]
[958.815349908108, 299.9551352204784, 0.9522755446030802]
[953.8676516605228, 293.00297903761265, 0.9522755446030802]
[948.9199534129377, 286.05082285474685, 0.9522755446030802]
[943.9722551653525, 279.09866667188106, 0.9522755446030802]
[939.0245569177674, 272.14651048901527, 0.9522755446030802]
[934.0768586701822, 265.19435430614953, 0.9522755446030802]
[929.1291604225971, 258.24219812328374, 0.9522755446030802]
[928.5533252366339, 257.40995294033587, 0.9787713774948417]
[923.5484305189539, 249.96764592955572, 0.9787713774948419]
[918.543535801274, 242.5253389187756, 0.9787713774948419]
[913.538641083594, 235.08303190799546, 0.9787713774948419]
[908.533746365914, 227.6407248972153, 0.9787713774948419]
[903.528851648234, 220.19841788643515, 0.9787713774948419]
[898.523956930554, 212.75611087565503, 0.9787713774948419]
[893.5190622128741, 205.3138038648749, 0.9787713774948419]
[888.5141674951941, 197.87149685409474, 0.9787713774948419]
[883.5092727775141, 190.4291898433146, 0.9787713774948419]
[878.5043780598342, 182.98688283253446, 0.9787713774948419]
[873.4994833421542, 175.54457582175434, 0.9787713774948419]
[868.4945886244742, 168.10226881097418, 0.9787713774948419]
[863.4896939067942, 160.65996180019403, 0.9787713774948419]
[858.4847991891143, 153.2176547894139, 0.9787713774948419]
[853.4799044714343, 145.77534777863377, 0.9787713774948419]
[848.4750097537543, 138.33304076785362, 0.9787713774948419]
[848.4750097537543, 138.3330407678536, 0.9787713774948414]
[836.9970343928741, 127.24134298903647, 0.5577985012513873]
[821.9885737361394, 121.80849965273067, 0.13682562500793316]
[815.6688786007212, 120.93836663370169, 0.13682562500793388]
[809.349183465303, 120.06823361467269, 0.13682562500793388]
[803.0294883298847, 119.1981005956437, 0.13682562500793388]
[796.7097931944664, 118.3279675766147, 0.13682562500793388]
[790.3900980590482, 117.4578345575857, 0.13682562500793388]
[784.07040292363, 116.5877015385567, 0.13682562500793388]
[777.7507077882117, 115.7175685195277, 0.13682562500793388]
[771.4310126527935, 114.8474355004987, 0.13682562500793388]
[765.1113175173753, 113.9773024814697, 0.13682562500793388]
[758.791622381957, 113.10716946244071, 0.13682562500793388]
[752.4719272465388, 112.23703644341171, 0.13682562500793388]
[746.1522321111206, 111.36690342438271, 0.13682562500793388]
[739.8325369757023, 110.49677040535371, 0.13682562500793388]
[733.5128418402841, 109.62663738632472, 0.13682562500793388]
[727.1931467048659, 108.75650436729572, 0.13682562500793388]
[720.8734515694476, 107.88637134826672, 0.13682562500793388]
[714.5537564340293, 107.01623832923772, 0.13682562500793388]
[708.2340612986111, 106.14610531020872, 0.13682562500793388]
[701.9143661631929, 105.27597229117973, 0.13682562500793388]
[692.9027393731168, 104.2554370383844, 0.11140536060084542]
[684.8545999872134, 103.35510335563346, 0.11140536060084542]
[676.80646060131, 102.45476967288252, 0.11140536060084542]
[668.7583212154067, 101.55443599013158, 0.11140536060084542]
[660.7101818295033, 100.65410230738064, 0.11140536060084542]
[652.6620424436, 99.7537686246297, 0.11140536060084542]
[644.6139030576967, 98.85343494187876, 0.11140536060084542]
[636.5657636717933, 97.95310125912782, 0.11140536060084542]
[628.51762428589, 97.05276757637688, 0.11140536060084542]
[620.4694848999866, 96.15243389362595, 0.11140536060084542]
[612.4213455140832, 95.25210021087501, 0.11140536060084542]
[604.3732061281798, 94.35176652812407, 0.11140536060084542]
[596.3250667422765, 93.45143284537313, 0.11140536060084542]
[588.2769273563731, 92.5510991626222, 0.11140536060084542]
[580.2287879704697, 91.65076547987125, 0.11140536060084542]
[572.1806485845664, 90.75043179712031, 0.11140536060084542]
[564.132509198663, 89.85009811436937, 0.11140536060084542]
[556.0843698127596, 88.94976443161843, 0.11140536060084542]
[548.0362304268563, 88.0494307488675, 0.11140536060084542]
[534.9301889798587, 86.89967971011916, 0.0866103585103921]
[522.7665844994012, 85.84354342624673, 0.0866103585103921]
[510.60298001894375, 84.78740714237429, 0.0866103585103921]
[498.4393755384863, 83.73127085850187, 0.0866103585103921]
[486.2757710580288, 82.67513457462945, 0.0866103585103921]
[474.1121665775713, 81.61899829075702, 0.0866103585103921]
[461.94856209711384, 80.56286200688459, 0.0866103585103921]
[449.78495761665636, 79.50672572301217, 0.0866103585103921]
[437.6213531361989, 78.45058943913973, 0.0866103585103921]
[425.4577486557414, 77.39445315526731, 0.0866103585103921]
[413.2941441752839, 76.33831687139488, 0.0866103585103921]
[401.13053969482644, 75.28218058752246, 0.0866103585103921]
[388.96693521436896, 74.22604430365003, 0.0866103585103921]
[376.80333073391154, 73.16990801977761, 0.0866103585103921]
[364.63972625345406, 72.11377173590517, 0.0866103585103921]
[352.4761217729966, 71.05763545203276, 0.0866103585103921]
[340.3125172925391, 70.00149916816032, 0.0866103585103921]
[328.1489128120816, 68.9453628842879, 0.0866103585103921]
[315.98530833162414, 67.88922660041547, 0.0866103585103921]
[304.6635491913212, 66.94432571890462, 0.08324685346377839]
[293.46980335636874, 66.01032304401566, 0.08324685346377839]
[282.27605752141625, 65.07632036912669, 0.08324685346377839]
[271.08231168646375, 64.14231769423773, 0.08324685346377839]
[259.8885658515113, 63.20831501934876, 0.08324685346377839]
[248.69482001655888, 62.27431234445979, 0.08324685346377839]
[237.50107418160644, 61.34030966957082, 0.08324685346377839]
[226.30732834665397, 60.406306994681856, 0.08324685346377839]
[215.1135825117015, 59.47230431979289, 0.08324685346377839]
[203.91983667674907, 58.538301644903925, 0.08324685346377839]
[192.7260908417966, 57.60429897001495, 0.08324685346377839]
[181.53234500684414, 56.670296295125986, 0.08324685346377839]
[170.3385991718917, 55.73629362023702, 0.08324685346377839]
[159.14485333693924, 54.80229094534805, 0.08324685346377839]
[147.95110750198677, 53.86828827045908, 0.08324685346377839]
[136.75736166703433, 52.93428559557012, 0.08324685346377839]
[125.56361583208187, 52.00028292068115, 0.08324685346377839]
[114.36986999712941, 51.06628024579218, 0.08324685346377839]
[103.17612416217696, 50.13227757090321, 0.08324685346377839]
>>>> 
>>>> inputs
[40.0, 0.0, 0.17228976765301637]
[40.0, 0.0, 0.17228976765301637]
[40.0, 0.0, 0.17228976765301637]
[40.0, 0.0, 0.17228976765301637]
[40.0, 0.0, 0.17228976765301637]
[40.0, 0.0, 0.17228976765301637]
[40.0, 0.0, 0.17228976765301637]
[40.0, 0.0, 0.17228976765301637]
[40.0, 0.0, 0.17228976765301637]
[40.0, 0.0, 0.17228976765301637]
[40.0, 0.0, 0.17228976765301637]
[40.0, 0.0, 0.17228976765301637]
[40.0, 0.0, 0.17228976765301637]
[40.0, 0.0, 0.17228976765301637]
[40.0, 0.0, 0.17228976765301637]
[40.0, 0.0, 0.17228976765301637]
[40.0, 0.0, 0.17228976765301637]
[40.0, 0.0, 0.17228976765301637]
[40.0, -0.8669840139434847, 0.17228976765301637]
[40.0, 0.0, 0.17228976765301637]
[40.0, 0.0, 0.1932577206595946]
[40.0, 0.0, 0.1932577206595946]
[40.0, 0.0, 0.1932577206595946]
[40.0, 0.0, 0.1932577206595946]
[40.0, 0.0, 0.1932577206595946]
[40.0, 0.0, 0.1932577206595946]
[40.0, 0.0, 0.1932577206595946]
[40.0, 0.0, 0.1932577206595946]
[40.0, 0.0, 0.1932577206595946]
[40.0, 0.0, 0.1932577206595946]
[40.0, 0.0, 0.1932577206595946]
[40.0, 0.0, 0.1932577206595946]
[40.0, 0.0, 0.1932577206595946]
[40.0, 0.0, 0.1932577206595946]
[40.0, 0.0, 0.1932577206595946]
[40.0, 0.0, 0.1932577206595946]
[40.0, 0.0, 0.1932577206595946]
[40.0, -0.8669840139434847, 0.1932577206595946]
[40.0, 0.0, 0.1932577206595946]
[40.0, 0.0, 0.1932577206595946]
[40.0, 0.0, 0.21957319597590086]
[40.0, 0.0, 0.21957319597590086]
[40.0, 0.0, 0.21957319597590086]
[40.0, 0.0, 0.21957319597590086]
[40.0, 0.0, 0.21957319597590086]
[40.0, 0.0, 0.21957319597590086]
[40.0, 0.0, 0.21957319597590086]
[40.0, 0.0, 0.21957319597590086]
[40.0, 0.0, 0.21957319597590086]
[40.0, 0.0, 0.21957319597590086]
[40.0, 0.0, 0.21957319597590086]
[40.0, 0.0, 0.21957319597590086]
[40.0, 0.0, 0.21957319597590086]
[40.0, 0.0, 0.21957319597590086]
[40.0, 0.8669840139434847, 0.21957319597590086]
[40.0, 0.8669840139434847, 0.21957319597590086]
[40.0, 0.8669840139434847, 0.21957319597590086]
[40.0, 0.0, 0.21957319597590086]
[40.0, 0.0, 0.21957319597590086]
[40.0, 0.0, 0.21957319597590086]
[40.0, 0.0, 0.15272249336110982]
[40.0, 0.0, 0.15272249336110982]
[40.0, 0.0, 0.15272249336110982]
[40.0, 0.0, 0.15272249336110982]
[40.0, 0.0, 0.15272249336110982]
[40.0, 0.0, 0.15272249336110982]
[40.0, 0.0, 0.15272249336110982]
[40.0, 0.0, 0.15272249336110982]
[40.0, 0.0, 0.15272249336110982]
[40.0, 0.0, 0.15272249336110982]
[40.0, 0.0, 0.15272249336110982]
[40.0, 0.0, 0.15272249336110982]
[40.0, 0.0, 0.15272249336110982]
[40.0, 0.0, 0.15272249336110982]
[40.0, 0.0, 0.15272249336110982]
[40.0, 0.0, 0.15272249336110982]
[40.0, 0.0, 0.15272249336110982]
[40.0, 0.0, 0.15272249336110982]
[40.0, 0.0, 0.15272249336110982]
[40.0, 0.0, 0.15272249336110982]
[40.0, 0.0, 0.19351950421954492]
[40.0, 0.0, 0.19351950421954492]
[40.0, 0.0, 0.19351950421954492]
[40.0, 0.0, 0.19351950421954492]
[40.0, 0.0, 0.19351950421954492]
[40.0, 0.0, 0.19351950421954492]
[40.0, 0.0, 0.19351950421954492]
[40.0, 0.0, 0.19351950421954492]
[40.0, 0.0, 0.19351950421954492]
[40.0, 0.0, 0.19351950421954492]
[40.0, 0.0, 0.19351950421954492]
[40.0, 0.0, 0.19351950421954492]
[40.0, 0.0, 0.19351950421954492]
[40.0, 0.0, 0.19351950421954492]
[40.0, 0.0, 0.19351950421954492]
[40.0, 0.0, 0.19351950421954492]
[40.0, 0.0, 0.19351950421954492]
[40.0, 0.0, 0.19351950421954492]
[40.0, 0.0, 0.19351950421954492]
[40.0, 0.0, 0.19351950421954492]
[40.0, 0.0, 0.29013311553917587]
[40.0, 0.0, 0.29013311553917587]
[40.0, 0.0, 0.29013311553917587]
[40.0, 0.0, 0.29013311553917587]
[40.0, 0.0, 0.29013311553917587]
[40.0, 0.0, 0.29013311553917587]
[40.0, 0.0, 0.29013311553917587]
[40.0, 0.0, 0.29013311553917587]
[40.0, 0.0, 0.29013311553917587]
[40.0, 0.0, 0.29013311553917587]
[40.0, 0.0, 0.29013311553917587]
[40.0, 0.0, 0.29013311553917587]
[40.0, 0.0, 0.29013311553917587]
[40.0, 0.0, 0.29013311553917587]
[40.0, 0.0, 0.29013311553917587]
[40.0, 0.0, 0.29013311553917587]
[40.0, 0.0, 0.29013311553917587]
[40.0, 0.0, 0.29013311553917587]
[40.0, 0.0, 0.29013311553917587]
[40.0, 0.0, 0.29013311553917587]
[40.0, 0.0, 0.27075005594232604]
[40.0, 0.0, 0.27075005594232604]
[40.0, 0.0, 0.27075005594232604]
[40.0, 0.0, 0.27075005594232604]
[40.0, 0.0, 0.27075005594232604]
[40.0, 0.0, 0.27075005594232604]
[40.0, 0.0, 0.27075005594232604]
[40.0, 0.0, 0.27075005594232604]
[40.0, 0.0, 0.27075005594232604]
[40.0, 0.0, 0.27075005594232604]
[40.0, 0.0, 0.27075005594232604]
[40.0, 0.0, 0.27075005594232604]
[40.0, 0.0, 0.27075005594232604]
>>>> 
----------------------------
Path number   : 1
Path length   : 1161.6539572792974
Time required : 43.863064765930176 s
>>>> Nodes
[1101.5612124354298, 507.76390250535155, 1.0374882767475317]
[1100.611750957102, 506.1556525760672, 1.0374882767475317]
[1099.6622894787743, 504.54740264678287, 1.0374882767475317]
[1098.7128280004465, 502.9391527174986, 1.0374882767475317]
[1097.7633665221188, 501.33090278821425, 1.0374882767475317]
[1096.8139050437912, 499.7226528589299, 1.0374882767475317]
[1095.8644435654635, 498.11440292964556, 1.0374882767475317]
[1094.9149820871357, 496.5061530003613, 1.0374882767475317]
[1093.965520608808, 494.89790307107694, 1.0374882767475317]
[1093.0160591304802, 493.2896531417926, 1.0374882767475317]
[1092.0665976521525, 491.68140321250826, 1.0374882767475317]
[1091.1171361738247, 490.0731532832239, 1.0374882767475317]
[1090.167674695497, 488.46490335393963, 1.0374882767475317]
[1089.2182132171693, 486.8566534246553, 1.0374882767475317]
[1088.2687517388417, 485.24840349537095, 1.0374882767475317]
[1087.319290260514, 483.6401535660866, 1.0374882767475317]
[1086.3698287821862, 482.0319036368023, 1.0374882767475317]
[1085.4203673038585, 480.423653707518, 1.0374882767475317]
[1084.4709058255307, 478.81540377823364, 1.0374882767475317]
[1082.5321125751445, 475.853968512218, 0.944787652433907]
[1078.7765935824843, 470.65975162891164, 0.944787652433908]
[1075.0210745898241, 465.46553474560517, 0.944787652433908]
[1071.2655555971637, 460.27131786229876, 0.944787652433908]
[1067.5100366045035, 455.07710097899235, 0.944787652433908]
[1063.7545176118433, 449.8828840956859, 0.944787652433908]
[1059.998998619183, 444.68866721237947, 0.944787652433908]
[1056.243479626523, 439.49445032907306, 0.944787652433908]
[1052.4879606338625, 434.3002334457666, 0.944787652433908]
[1048.7324416412023, 429.1060165624602, 0.944787652433908]
[1044.976922648542, 423.9117996791537, 0.944787652433908]
[1041.2214036558819, 418.7175827958473, 0.944787652433908]
[1037.4658846632215, 413.5233659125409, 0.944787652433908]
[1033.7103656705613, 408.32914902923443, 0.944787652433908]
[1029.954846677901, 403.134932145928, 0.944787652433908]
[1026.1993276852409, 397.94071526262155, 0.944787652433908]
[1022.4438086925805, 392.74649837931514, 0.944787652433908]
[1018.6882896999203, 387.55228149600873, 0.944787652433908]
[1014.93277070726, 382.35806461270226, 0.944787652433908]
[1011.1772517145998, 377.16384772939585, 0.944787652433908]
[1008.031925806419, 372.81628074740684, 0.9444926865936595]
[1004.8932026697114, 368.4778431497666, 0.9444926865936595]
[1001.7544795330039, 364.13940555212633, 0.9444926865936595]
[998.6157563962963, 359.80096795448605, 0.9444926865936595]
[995.4770332595888, 355.4625303568458, 0.9444926865936595]
[992.3383101228811, 351.1240927592055, 0.9444926865936595]
[989.1995869861736, 346.7856551615652, 0.9444926865936595]
[986.060863849466, 342.44721756392494, 0.9444926865936595]
[982.9221407127584, 338.1087799662847, 0.9444926865936595]
[979.7834175760509, 333.77034236864444, 0.9444926865936595]
[976.6446944393433, 329.43190477100416, 0.9444926865936595]
[973.5059713026357, 325.0934671733639, 0.9444926865936595]
[970.3672481659281, 320.7550295757236, 0.9444926865936595]
[967.2285250292206, 316.4165919780834, 0.9444926865936595]
[964.089801892513, 312.0781543804431, 0.9444926865936595]
[960.9510787558054, 307.7397167828028, 0.9444926865936595]
[957.8123556190978, 303.40127918516254, 0.9444926865936595]
[957.8123556190978, 303.4012791851626, 0.9444926865936591]
[948.9119425245012, 294.5984419536829, 0.6152802548635334]
[942.8648410878579, 290.32430444231505, 0.6152802548635328]
[936.8177396512148, 286.0501669309472, 0.6152802548635328]
[930.7706382145715, 281.7760294195794, 0.6152802548635328]
[924.7235367779283, 277.5018919082116, 0.6152802548635328]
[918.676435341285, 273.22775439684375, 0.6152802548635328]
[912.6293339046417, 268.95361688547587, 0.6152802548635328]
[906.5822324679986, 264.67947937410804, 0.6152802548635328]
[900.5351310313553, 260.4053418627402, 0.6152802548635328]
[894.488029594712, 256.1312043513724, 0.6152802548635328]
[888.4409281580688, 251.85706684000456, 0.6152802548635328]
[882.3938267214255, 247.58292932863674, 0.6152802548635328]
[876.3467252847822, 243.3087918172689, 0.6152802548635328]
[870.299623848139, 239.03465430590109, 0.6152802548635328]
[864.2525224114958, 234.76051679453326, 0.6152802548635328]
[858.2054209748526, 230.48637928316543, 0.6152802548635328]
[852.1583195382093, 226.2122417717976, 0.6152802548635328]
[846.111218101566, 221.93810426042975, 0.6152802548635328]
[840.0641166649228, 217.66396674906193, 0.6152802548635328]
[834.0170152282795, 213.3898292376941, 0.6152802548635328]
[820.9382111310186, 206.42710066469127, 0.4569564230105512]
[813.0530232339072, 202.550239355957, 0.4569564230105512]
[805.1678353367957, 198.6733780472227, 0.4569564230105512]
[797.2826474396843, 194.79651673848844, 0.4569564230105512]
[789.3974595425728, 190.9196554297542, 0.4569564230105512]
[781.5122716454614, 187.0427941210199, 0.4569564230105512]
[773.62708374835, 183.16593281228563, 0.4569564230105512]
[765.7418958512385, 179.28907150355136, 0.4569564230105512]
[757.8567079541272, 175.41221019481708, 0.4569564230105512]
[749.9715200570157, 171.5353488860828, 0.4569564230105512]
[742.0863321599043, 167.65848757734852, 0.4569564230105512]
[734.2011442627928, 163.78162626861425, 0.4569564230105512]
[726.3159563656814, 159.90476495987997, 0.4569564230105512]
[718.4307684685699, 156.02790365114572, 0.4569564230105512]
[710.5455805714585, 152.15104234241144, 0.4569564230105512]
[702.660392674347, 148.27418103367717, 0.4569564230105512]
[694.7752047772356, 144.3973197249429, 0.4569564230105512]
[686.8900168801241, 140.5204584162086, 0.4569564230105512]
[677.4810610436098, 137.3338588495202, 0.196148318761725]
[671.4966905020779, 136.14474532031454, 0.19614831876172556]
[665.5123199605458, 134.95563179110886, 0.19614831876172556]
[659.5279494190139, 133.76651826190317, 0.19614831876172556]
[653.5435788774819, 132.57740473269752, 0.19614831876172556]
[647.55920833595, 131.38829120349183, 0.19614831876172556]
[641.574837794418, 130.19917767428615, 0.19614831876172556]
[635.590467252886, 129.01006414508046, 0.19614831876172556]
[629.6060967113541, 127.82095061587478, 0.19614831876172556]
[623.6217261698222, 126.63183708666911, 0.19614831876172556]
[617.6373556282902, 125.44272355746342, 0.19614831876172556]
[611.6529850867582, 124.25361002825775, 0.19614831876172556]
[605.6686145452263, 123.06449649905207, 0.19614831876172556]
[599.6842440036943, 121.87538296984638, 0.19614831876172556]
[593.6998734621624, 120.6862694406407, 0.19614831876172556]
[587.7155029206303, 119.49715591143503, 0.19614831876172556]
[581.7311323790984, 118.30804238222935, 0.19614831876172556]
[575.7467618375665, 117.11892885302366, 0.19614831876172556]
[569.7623912960345, 115.92981532381799, 0.19614831876172556]
[563.7780207545026, 114.7407017946123, 0.19614831876172556]
[550.8311391800245, 112.9401446484409, 0.13221641338533144]
[540.293026757963, 111.53865713505904, 0.13221641338533144]
[529.7549143359016, 110.13716962167717, 0.13221641338533144]
[519.2168019138401, 108.73568210829532, 0.13221641338533144]
[508.6786894917787, 107.33419459491346, 0.13221641338533144]
[498.1405770697172, 105.9327070815316, 0.13221641338533144]
[487.6024646476558, 104.53121956814974, 0.13221641338533144]
[477.06435222559435, 103.12973205476789, 0.13221641338533144]
[466.5262398035329, 101.72824454138602, 0.13221641338533144]
[455.9881273814715, 100.32675702800415, 0.13221641338533144]
[445.45001495941005, 98.9252695146223, 0.13221641338533144]
[434.91190253734857, 97.52378200124043, 0.13221641338533144]
[424.37379011528714, 96.12229448785858, 0.13221641338533144]
[413.8356776932257, 94.72080697447672, 0.13221641338533144]
[403.2975652711643, 93.31931946109486, 0.13221641338533144]
[392.7594528491028, 91.917831947713, 0.13221641338533144]
[382.22134042704135, 90.51634443433115, 0.13221641338533144]
[371.6832280049799, 89.11485692094928, 0.13221641338533144]
[371.2204270818845, 89.05042479664158, 0.14444944790976222]
[357.23505694980963, 87.01607675406953, 0.14444944790976286]
[343.2496868177348, 84.98172871149748, 0.14444944790976286]
[329.26431668566, 82.94738066892542, 0.14444944790976286]
[315.2789465535852, 80.91303262635337, 0.14444944790976286]
[301.29357642151035, 78.87868458378131, 0.14444944790976286]
[287.3082062894355, 76.84433654120926, 0.14444944790976286]
[273.3228361573607, 74.80998849863721, 0.14444944790976286]
[259.33746602528583, 72.77564045606515, 0.14444944790976286]
[245.35209589321101, 70.7412924134931, 0.14444944790976286]
[231.3667257611362, 68.70694437092104, 0.14444944790976286]
[217.38135562906137, 66.67259632834899, 0.14444944790976286]
[203.39598549698653, 64.63824828577694, 0.14444944790976286]
[189.4106153649117, 62.60390024320488, 0.14444944790976286]
[175.42524523283686, 60.56955220063283, 0.14444944790976286]
[161.43987510076204, 58.53520415806078, 0.14444944790976286]
[147.45450496868722, 56.50085611548872, 0.14444944790976286]
[133.4691348366124, 54.46650807291667, 0.14444944790976286]
[119.48376470453756, 52.43216003034462, 0.14444944790976286]
[105.49839457246273, 50.39781198777256, 0.14444944790976286]
>>>> 
>>>> inputs
[40.0, 0.0, 0.046447220180034866]
[40.0, 0.0, 0.046447220180034866]
[40.0, 0.0, 0.046447220180034866]
[40.0, 0.0, 0.046447220180034866]
[40.0, 0.0, 0.046447220180034866]
[40.0, 0.0, 0.046447220180034866]
[40.0, 0.0, 0.046447220180034866]
[40.0, 0.0, 0.046447220180034866]
[40.0, 0.0, 0.046447220180034866]
[40.0, 0.0, 0.046447220180034866]
[40.0, 0.0, 0.046447220180034866]
[40.0, 0.0, 0.046447220180034866]
[40.0, 0.0, 0.046447220180034866]
[40.0, 0.0, 0.046447220180034866]
[40.0, 0.0, 0.046447220180034866]
[40.0, 0.0, 0.046447220180034866]
[40.0, 0.0, 0.046447220180034866]
[40.0, 0.0, 0.046447220180034866]
[40.0, 0.8669840139434847, 0.046447220180034866]
[40.0, 0.0, 0.046447220180034866]
[40.0, 0.0, 0.15224363941611713]
[40.0, 0.0, 0.15224363941611713]
[40.0, 0.0, 0.15224363941611713]
[40.0, 0.0, 0.15224363941611713]
[40.0, 0.0, 0.15224363941611713]
[40.0, 0.0, 0.15224363941611713]
[40.0, 0.0, 0.15224363941611713]
[40.0, 0.0, 0.15224363941611713]
[40.0, 0.0, 0.15224363941611713]
[40.0, 0.0, 0.15224363941611713]
[40.0, 0.0, 0.15224363941611713]
[40.0, 0.0, 0.15224363941611713]
[40.0, 0.0, 0.15224363941611713]
[40.0, 0.0, 0.15224363941611713]
[40.0, 0.0, 0.15224363941611713]
[40.0, 0.0, 0.15224363941611713]
[40.0, 0.0, 0.15224363941611713]
[40.0, 0.0, 0.15224363941611713]
[40.0, 0.0, 0.15224363941611713]
[40.0, 0.0, 0.15224363941611713]
[40.0, 0.0, 0.12950772120203893]
[40.0, 0.0, 0.12950772120203893]
[40.0, 0.0, 0.12950772120203893]
[40.0, 0.0, 0.12950772120203893]
[40.0, 0.0, 0.12950772120203893]
[40.0, 0.0, 0.12950772120203893]
[40.0, 0.0, 0.12950772120203893]
[40.0, 0.0, 0.12950772120203893]
[40.0, 0.0, 0.12950772120203893]
[40.0, 0.0, 0.12950772120203893]
[40.0, 0.0, 0.12950772120203893]
[40.0, 0.0, 0.12950772120203893]
[40.0, 0.0, 0.12950772120203893]
[40.0, 0.0, 0.12950772120203893]
[40.0, 0.0, 0.12950772120203893]
[40.0, 0.8669840139434847, 0.12950772120203893]
[40.0, 0.8669840139434847, 0.12950772120203893]
[40.0, 0.0, 0.12950772120203893]
[40.0, 0.0, 0.12950772120203893]
[40.0, 0.0, 0.12950772120203893]
[40.0, 0.0, 0.18343082177708425]
[40.0, 0.0, 0.18343082177708425]
[40.0, 0.0, 0.18343082177708425]
[40.0, 0.0, 0.18343082177708425]
[40.0, 0.0, 0.18343082177708425]
[40.0, 0.0, 0.18343082177708425]
[40.0, 0.0, 0.18343082177708425]
[40.0, 0.0, 0.18343082177708425]
[40.0, 0.0, 0.18343082177708425]
[40.0, 0.0, 0.18343082177708425]
[40.0, 0.0, 0.18343082177708425]
[40.0, 0.0, 0.18343082177708425]
[40.0, 0.0, 0.18343082177708425]
[40.0, 0.0, 0.18343082177708425]
[40.0, 0.0, 0.18343082177708425]
[40.0, 0.0, 0.18343082177708425]
[40.0, 0.0, 0.18343082177708425]
[40.0, 0.0, 0.18343082177708425]
[40.0, 0.0, 0.18343082177708425]
[40.0, 0.0, 0.18343082177708425]
[40.0, 0.0, 0.21015360520575532]
[40.0, 0.0, 0.21015360520575532]
[40.0, 0.0, 0.21015360520575532]
[40.0, 0.0, 0.21015360520575532]
[40.0, 0.0, 0.21015360520575532]
[40.0, 0.0, 0.21015360520575532]
[40.0, 0.0, 0.21015360520575532]
[40.0, 0.0, 0.21015360520575532]
[40.0, 0.0, 0.21015360520575532]
[40.0, 0.0, 0.21015360520575532]
[40.0, 0.0, 0.21015360520575532]
[40.0, 0.0, 0.21015360520575532]
[40.0, 0.0, 0.21015360520575532]
[40.0, 0.0, 0.21015360520575532]
[40.0, 0.8669840139434847, 0.21015360520575532]
[40.0, 0.0, 0.21015360520575532]
[40.0, 0.0, 0.21015360520575532]
[40.0, 0.0, 0.21015360520575532]
[40.0, 0.0, 0.21015360520575532]
[40.0, 0.0, 0.21015360520575532]
[40.0, 0.0, 0.14795999473457497]
[40.0, 0.0, 0.14795999473457497]
[40.0, 0.0, 0.14795999473457497]
[40.0, 0.0, 0.14795999473457497]
[40.0, 0.0, 0.14795999473457497]
[40.0, 0.0, 0.14795999473457497]
[40.0, 0.0, 0.14795999473457497]
[40.0, 0.0, 0.14795999473457497]
[40.0, 0.0, 0.14795999473457497]
[40.0, 0.0, 0.14795999473457497]
[40.0, 0.0, 0.14795999473457497]
[40.0, 0.0, 0.14795999473457497]
[40.0, 0.0, 0.14795999473457497]
[40.0, 0.0, 0.14795999473457497]
[40.0, 0.0, 0.14795999473457497]
[40.0, 0.0, 0.14795999473457497]
[40.0, 0.0, 0.14795999473457497]
[40.0, 0.0, 0.14795999473457497]
[40.0, 0.0, 0.14795999473457497]
[40.0, 0.0, 0.14795999473457497]
[40.0, 0.0, 0.23977927708135569]
[40.0, 0.0, 0.23977927708135569]
[40.0, 0.0, 0.23977927708135569]
[40.0, 0.0, 0.23977927708135569]
[40.0, 0.0, 0.23977927708135569]
[40.0, 0.0, 0.23977927708135569]
[40.0, 0.0, 0.23977927708135569]
[40.0, 0.0, 0.23977927708135569]
[40.0, 0.0, 0.23977927708135569]
[40.0, 0.0, 0.23977927708135569]
[40.0, 0.0, 0.23977927708135569]
[40.0, 0.0, 0.23977927708135569]
[40.0, -0.8669840139434847, 0.23977927708135569]
[40.0, 0.0, 0.23977927708135569]
[40.0, 0.0, 0.23977927708135569]
[40.0, 0.0, 0.23977927708135569]
[40.0, 0.0, 0.23977927708135569]
[40.0, 0.0, 0.23977927708135569]
[40.0, 0.0, 0.23977927708135569]
[40.0, 0.0, 0.23977927708135569]
[40.0, 0.0, 0.34254516700216064]
[40.0, 0.0, 0.34254516700216064]
[40.0, 0.0, 0.34254516700216064]
[40.0, 0.0, 0.34254516700216064]
[40.0, 0.0, 0.34254516700216064]
[40.0, 0.0, 0.34254516700216064]
[40.0, 0.0, 0.34254516700216064]
[40.0, 0.0, 0.34254516700216064]
[40.0, 0.0, 0.34254516700216064]
[40.0, 0.0, 0.34254516700216064]
[40.0, 0.0, 0.34254516700216064]
[40.0, 0.0, 0.34254516700216064]
>>>> 
----------------------------
Path number   : 2
Path length   : 1159.3029208666167
Time required : 53.50773787498474 s
>>>> Nodes
[1087.6819368312565, 513.7793985301677, 1.071462138701919]
[1086.8091343065187, 512.1792128593465, 1.071462138701919]
[1085.9363317817808, 510.57902718852534, 1.071462138701919]
[1085.0635292570432, 508.9788415177042, 1.071462138701919]
[1084.1907267323054, 507.378655846883, 1.071462138701919]
[1083.3179242075676, 505.7784701760619, 1.071462138701919]
[1082.4451216828297, 504.1782845052407, 1.071462138701919]
[1081.572319158092, 502.57809883441956, 1.071462138701919]
[1080.6995166333543, 500.9779131635984, 1.071462138701919]
[1079.8267141086164, 499.37772749277724, 1.071462138701919]
[1078.9539115838786, 497.77754182195605, 1.071462138701919]
[1078.0811090591408, 496.1773561511349, 1.071462138701919]
[1077.2083065344032, 494.5771704803137, 1.071462138701919]
[1076.3355040096653, 492.9769848094926, 1.071462138701919]
[1075.4627014849275, 491.3767991386714, 1.071462138701919]
[1074.5898989601897, 489.77661346785027, 1.071462138701919]
[1073.7170964354518, 488.1764277970291, 1.071462138701919]
[1072.8442939107142, 486.57624212620794, 1.071462138701919]
[1071.9714913859764, 484.97605645538675, 1.071462138701919]
[1071.0986888612385, 483.3758707845656, 1.071462138701919]
[1067.8532095107942, 477.58999990350264, 1.0591634345860421]
[1064.835208573061, 472.21515235455155, 1.0591634345860421]
[1061.817207635328, 466.84030480560045, 1.0591634345860421]
[1058.799206697595, 461.4654572566493, 1.0591634345860421]
[1055.781205759862, 456.0906097076982, 1.0591634345860421]
[1052.763204822129, 450.7157621587471, 1.0591634345860421]
[1049.745203884396, 445.34091460979596, 1.0591634345860421]
[1046.7272029466628, 439.96606706084486, 1.0591634345860421]
[1043.7092020089299, 434.5912195118937, 1.0591634345860421]
[1040.691201071197, 429.2163719629426, 1.0591634345860421]
[1037.6732001334638, 423.84152441399146, 1.0591634345860421]
[1034.6551991957308, 418.46667686504037, 1.0591634345860421]
[1031.6371982579979, 413.0918293160893, 1.0591634345860421]
[1028.6191973202647, 407.7169817671381, 1.0591634345860421]
[1025.6011963825317, 402.342134218187, 1.0591634345860421]
[1022.5831954447987, 396.9672866692359, 1.0591634345860421]
[1019.5651945070656, 391.5924391202848, 1.0591634345860421]
[1016.5471935693326, 386.2175915713336, 1.0591634345860421]
[1013.5291926315996, 380.84274402238253, 1.0591634345860421]
[1008.031925806419, 372.81628074740684, 0.9444926865936595]
[1004.8932026697114, 368.4778431497666, 0.9444926865936595]
[1001.7544795330039, 364.13940555212633, 0.9444926865936595]
[998.6157563962963, 359.80096795448605, 0.9444926865936595]
[995.4770332595888, 355.4625303568458, 0.9444926865936595]
[992.3383101228811, 351.1240927592055, 0.9444926865936595]
[989.1995869861736, 346.7856551615652, 0.9444926865936595]
[986.060863849466, 342.44721756392494, 0.9444926865936595]
[982.9221407127584, 338.1087799662847, 0.9444926865936595]
[979.7834175760509, 333.77034236864444, 0.9444926865936595]
[976.6446944393433, 329.43190477100416, 0.9444926865936595]
[973.5059713026357, 325.0934671733639, 0.9444926865936595]
[970.3672481659281, 320.7550295757236, 0.9444926865936595]
[967.2285250292206, 316.4165919780834, 0.9444926865936595]
[964.089801892513, 312.0781543804431, 0.9444926865936595]
[960.9510787558054, 307.7397167828028, 0.9444926865936595]
[957.8123556190978, 303.40127918516254, 0.9444926865936595]
[957.8123556190978, 303.4012791851626, 0.9444926865936591]
[948.9119425245012, 294.5984419536829, 0.6152802548635334]
[942.8648410878579, 290.32430444231505, 0.6152802548635328]
[936.8177396512148, 286.0501669309472, 0.6152802548635328]
[930.7706382145715, 281.7760294195794, 0.6152802548635328]
[924.7235367779283, 277.5018919082116, 0.6152802548635328]
[918.676435341285, 273.22775439684375, 0.6152802548635328]
[912.6293339046417, 268.95361688547587, 0.6152802548635328]
[906.5822324679986, 264.67947937410804, 0.6152802548635328]
[900.5351310313553, 260.4053418627402, 0.6152802548635328]
[894.488029594712, 256.1312043513724, 0.6152802548635328]
[888.4409281580688, 251.85706684000456, 0.6152802548635328]
[882.3938267214255, 247.58292932863674, 0.6152802548635328]
[876.3467252847822, 243.3087918172689, 0.6152802548635328]
[870.299623848139, 239.03465430590109, 0.6152802548635328]
[864.2525224114958, 234.76051679453326, 0.6152802548635328]
[858.2054209748526, 230.48637928316543, 0.6152802548635328]
[852.1583195382093, 226.2122417717976, 0.6152802548635328]
[846.111218101566, 221.93810426042975, 0.6152802548635328]
[840.0641166649228, 217.66396674906193, 0.6152802548635328]
[834.0170152282795, 213.3898292376941, 0.6152802548635328]
[820.9382111310186, 206.42710066469127, 0.4569564230105512]
[813.0530232339072, 202.550239355957, 0.4569564230105512]
[805.1678353367957, 198.6733780472227, 0.4569564230105512]
[797.2826474396843, 194.79651673848844, 0.4569564230105512]
[789.3974595425728, 190.9196554297542, 0.4569564230105512]
[781.5122716454614, 187.0427941210199, 0.4569564230105512]
[773.62708374835, 183.16593281228563, 0.4569564230105512]
[765.7418958512385, 179.28907150355136, 0.4569564230105512]
[757.8567079541272, 175.41221019481708, 0.4569564230105512]
[749.9715200570157, 171.5353488860828, 0.4569564230105512]
[742.0863321599043, 167.65848757734852, 0.4569564230105512]
[734.2011442627928, 163.78162626861425, 0.4569564230105512]
[726.3159563656814, 159.90476495987997, 0.4569564230105512]
[718.4307684685699, 156.02790365114572, 0.4569564230105512]
[710.5455805714585, 152.15104234241144, 0.4569564230105512]
[702.660392674347, 148.27418103367717, 0.4569564230105512]
[694.7752047772356, 144.3973197249429, 0.4569564230105512]
[686.8900168801241, 140.5204584162086, 0.4569564230105512]
[677.4810610436098, 137.3338588495202, 0.196148318761725]
[671.4966905020779, 136.14474532031454, 0.19614831876172556]
[665.5123199605458, 134.95563179110886, 0.19614831876172556]
[659.5279494190139, 133.76651826190317, 0.19614831876172556]
[653.5435788774819, 132.57740473269752, 0.19614831876172556]
[647.55920833595, 131.38829120349183, 0.19614831876172556]
[641.574837794418, 130.19917767428615, 0.19614831876172556]
[635.590467252886, 129.01006414508046, 0.19614831876172556]
[629.6060967113541, 127.82095061587478, 0.19614831876172556]
[623.6217261698222, 126.63183708666911, 0.19614831876172556]
[617.6373556282902, 125.44272355746342, 0.19614831876172556]
[611.6529850867582, 124.25361002825775, 0.19614831876172556]
[605.6686145452263, 123.06449649905207, 0.19614831876172556]
[599.6842440036943, 121.87538296984638, 0.19614831876172556]
[593.6998734621624, 120.6862694406407, 0.19614831876172556]
[587.7155029206303, 119.49715591143503, 0.19614831876172556]
[581.7311323790984, 118.30804238222935, 0.19614831876172556]
[575.7467618375665, 117.11892885302366, 0.19614831876172556]
[569.7623912960345, 115.92981532381799, 0.19614831876172556]
[563.7780207545026, 114.7407017946123, 0.19614831876172556]
[550.8311391800245, 112.9401446484409, 0.13221641338533144]
[540.293026757963, 111.53865713505904, 0.13221641338533144]
[529.7549143359016, 110.13716962167717, 0.13221641338533144]
[519.2168019138401, 108.73568210829532, 0.13221641338533144]
[508.6786894917787, 107.33419459491346, 0.13221641338533144]
[498.1405770697172, 105.9327070815316, 0.13221641338533144]
[487.6024646476558, 104.53121956814974, 0.13221641338533144]
[477.06435222559435, 103.12973205476789, 0.13221641338533144]
[466.5262398035329, 101.72824454138602, 0.13221641338533144]
[455.9881273814715, 100.32675702800415, 0.13221641338533144]
[445.45001495941005, 98.9252695146223, 0.13221641338533144]
[434.91190253734857, 97.52378200124043, 0.13221641338533144]
[424.37379011528714, 96.12229448785858, 0.13221641338533144]
[413.8356776932257, 94.72080697447672, 0.13221641338533144]
[403.2975652711643, 93.31931946109486, 0.13221641338533144]
[392.7594528491028, 91.917831947713, 0.13221641338533144]
[382.22134042704135, 90.51634443433115, 0.13221641338533144]
[371.6832280049799, 89.11485692094928, 0.13221641338533144]
[371.2204270818845, 89.05042479664158, 0.14444944790976222]
[357.23505694980963, 87.01607675406953, 0.14444944790976286]
[343.2496868177348, 84.98172871149748, 0.14444944790976286]
[329.26431668566, 82.94738066892542, 0.14444944790976286]
[315.2789465535852, 80.91303262635337, 0.14444944790976286]
[301.29357642151035, 78.87868458378131, 0.14444944790976286]
[287.3082062894355, 76.84433654120926, 0.14444944790976286]
[273.3228361573607, 74.80998849863721, 0.14444944790976286]
[259.33746602528583, 72.77564045606515, 0.14444944790976286]
[245.35209589321101, 70.7412924134931, 0.14444944790976286]
[231.3667257611362, 68.70694437092104, 0.14444944790976286]
[217.38135562906137, 66.67259632834899, 0.14444944790976286]
[203.39598549698653, 64.63824828577694, 0.14444944790976286]
[189.4106153649117, 62.60390024320488, 0.14444944790976286]
[175.42524523283686, 60.56955220063283, 0.14444944790976286]
[161.43987510076204, 58.53520415806078, 0.14444944790976286]
[147.45450496868722, 56.50085611548872, 0.14444944790976286]
[133.4691348366124, 54.46650807291667, 0.14444944790976286]
[119.48376470453756, 52.43216003034462, 0.14444944790976286]
[105.49839457246273, 50.39781198777256, 0.14444944790976286]
>>>> 
>>>> inputs
[40.0, 0.0, 0.04387727741061413]
[40.0, 0.0, 0.04387727741061413]
[40.0, 0.0, 0.04387727741061413]
[40.0, 0.0, 0.04387727741061413]
[40.0, 0.0, 0.04387727741061413]
[40.0, 0.0, 0.04387727741061413]
[40.0, 0.0, 0.04387727741061413]
[40.0, 0.0, 0.04387727741061413]
[40.0, 0.0, 0.04387727741061413]
[40.0, 0.0, 0.04387727741061413]
[40.0, 0.0, 0.04387727741061413]
[40.0, 0.0, 0.04387727741061413]
[40.0, 0.0, 0.04387727741061413]
[40.0, 0.0, 0.04387727741061413]
[40.0, 0.0, 0.04387727741061413]
[40.0, 0.0, 0.04387727741061413]
[40.0, 0.0, 0.04387727741061413]
[40.0, 0.0, 0.04387727741061413]
[40.0, 0.0, 0.04387727741061413]
[40.0, 0.0, 0.04387727741061413]
[40.0, 0.0, 0.15187478666968676]
[40.0, 0.0, 0.15187478666968676]
[40.0, 0.0, 0.15187478666968676]
[40.0, 0.0, 0.15187478666968676]
[40.0, 0.0, 0.15187478666968676]
[40.0, 0.0, 0.15187478666968676]
[40.0, 0.0, 0.15187478666968676]
[40.0, 0.0, 0.15187478666968676]
[40.0, 0.0, 0.15187478666968676]
[40.0, 0.0, 0.15187478666968676]
[40.0, 0.0, 0.15187478666968676]
[40.0, 0.0, 0.15187478666968676]
[40.0, 0.0, 0.15187478666968676]
[40.0, 0.0, 0.15187478666968676]
[40.0, 0.0, 0.15187478666968676]
[40.0, 0.0, 0.15187478666968676]
[40.0, 0.0, 0.15187478666968676]
[40.0, 0.0, 0.15187478666968676]
[40.0, 0.0, 0.15187478666968676]
[40.0, 0.0, 0.15187478666968676]
[40.0, 0.0, 0.12950772120203893]
[40.0, 0.0, 0.12950772120203893]
[40.0, 0.0, 0.12950772120203893]
[40.0, 0.0, 0.12950772120203893]
[40.0, 0.0, 0.12950772120203893]
[40.0, 0.0, 0.12950772120203893]
[40.0, 0.0, 0.12950772120203893]
[40.0, 0.0, 0.12950772120203893]
[40.0, 0.0, 0.12950772120203893]
[40.0, 0.0, 0.12950772120203893]
[40.0, 0.0, 0.12950772120203893]
[40.0, 0.0, 0.12950772120203893]
[40.0, 0.0, 0.12950772120203893]
[40.0, 0.0, 0.12950772120203893]
[40.0, 0.0, 0.12950772120203893]
[40.0, 0.8669840139434847, 0.12950772120203893]
[40.0, 0.8669840139434847, 0.12950772120203893]
[40.0, 0.0, 0.12950772120203893]
[40.0, 0.0, 0.12950772120203893]
[40.0, 0.0, 0.12950772120203893]
[40.0, 0.0, 0.18343082177708425]
[40.0, 0.0, 0.18343082177708425]
[40.0, 0.0, 0.18343082177708425]
[40.0, 0.0, 0.18343082177708425]
[40.0, 0.0, 0.18343082177708425]
[40.0, 0.0, 0.18343082177708425]
[40.0, 0.0, 0.18343082177708425]
[40.0, 0.0, 0.18343082177708425]
[40.0, 0.0, 0.18343082177708425]
[40.0, 0.0, 0.18343082177708425]
[40.0, 0.0, 0.18343082177708425]
[40.0, 0.0, 0.18343082177708425]
[40.0, 0.0, 0.18343082177708425]
[40.0, 0.0, 0.18343082177708425]
[40.0, 0.0, 0.18343082177708425]
[40.0, 0.0, 0.18343082177708425]
[40.0, 0.0, 0.18343082177708425]
[40.0, 0.0, 0.18343082177708425]
[40.0, 0.0, 0.18343082177708425]
[40.0, 0.0, 0.18343082177708425]
[40.0, 0.0, 0.21015360520575532]
[40.0, 0.0, 0.21015360520575532]
[40.0, 0.0, 0.21015360520575532]
[40.0, 0.0, 0.21015360520575532]
[40.0, 0.0, 0.21015360520575532]
[40.0, 0.0, 0.21015360520575532]
[40.0, 0.0, 0.21015360520575532]
[40.0, 0.0, 0.21015360520575532]
[40.0, 0.0, 0.21015360520575532]
[40.0, 0.0, 0.21015360520575532]
[40.0, 0.0, 0.21015360520575532]
[40.0, 0.0, 0.21015360520575532]
[40.0, 0.0, 0.21015360520575532]
[40.0, 0.0, 0.21015360520575532]
[40.0, 0.8669840139434847, 0.21015360520575532]
[40.0, 0.0, 0.21015360520575532]
[40.0, 0.0, 0.21015360520575532]
[40.0, 0.0, 0.21015360520575532]
[40.0, 0.0, 0.21015360520575532]
[40.0, 0.0, 0.21015360520575532]
[40.0, 0.0, 0.14795999473457497]
[40.0, 0.0, 0.14795999473457497]
[40.0, 0.0, 0.14795999473457497]
[40.0, 0.0, 0.14795999473457497]
[40.0, 0.0, 0.14795999473457497]
[40.0, 0.0, 0.14795999473457497]
[40.0, 0.0, 0.14795999473457497]
[40.0, 0.0, 0.14795999473457497]
[40.0, 0.0, 0.14795999473457497]
[40.0, 0.0, 0.14795999473457497]
[40.0, 0.0, 0.14795999473457497]
[40.0, 0.0, 0.14795999473457497]
[40.0, 0.0, 0.14795999473457497]
[40.0, 0.0, 0.14795999473457497]
[40.0, 0.0, 0.14795999473457497]
[40.0, 0.0, 0.14795999473457497]
[40.0, 0.0, 0.14795999473457497]
[40.0, 0.0, 0.14795999473457497]
[40.0, 0.0, 0.14795999473457497]
[40.0, 0.0, 0.14795999473457497]
[40.0, 0.0, 0.23977927708135569]
[40.0, 0.0, 0.23977927708135569]
[40.0, 0.0, 0.23977927708135569]
[40.0, 0.0, 0.23977927708135569]
[40.0, 0.0, 0.23977927708135569]
[40.0, 0.0, 0.23977927708135569]
[40.0, 0.0, 0.23977927708135569]
[40.0, 0.0, 0.23977927708135569]
[40.0, 0.0, 0.23977927708135569]
[40.0, 0.0, 0.23977927708135569]
[40.0, 0.0, 0.23977927708135569]
[40.0, 0.0, 0.23977927708135569]
[40.0, -0.8669840139434847, 0.23977927708135569]
[40.0, 0.0, 0.23977927708135569]
[40.0, 0.0, 0.23977927708135569]
[40.0, 0.0, 0.23977927708135569]
[40.0, 0.0, 0.23977927708135569]
[40.0, 0.0, 0.23977927708135569]
[40.0, 0.0, 0.23977927708135569]
[40.0, 0.0, 0.23977927708135569]
[40.0, 0.0, 0.34254516700216064]
[40.0, 0.0, 0.34254516700216064]
[40.0, 0.0, 0.34254516700216064]
[40.0, 0.0, 0.34254516700216064]
[40.0, 0.0, 0.34254516700216064]
[40.0, 0.0, 0.34254516700216064]
[40.0, 0.0, 0.34254516700216064]
[40.0, 0.0, 0.34254516700216064]
[40.0, 0.0, 0.34254516700216064]
[40.0, 0.0, 0.34254516700216064]
[40.0, 0.0, 0.34254516700216064]
[40.0, 0.0, 0.34254516700216064]
>>>> 
