----------------------------
RRT search Summary          
----------------------------
Map Name               : 4
Total paths found      : 4
Total number of nodes  : 429
Total elapsed time     : 28.935011863708496 s
Solver                 : RRTstar 
----------------------------
Path number   : 0
Path length   : 1173.5825581682896
Time required : 7.2475879192352295 s
>>>> Nodes
[1097.6458396810115, 469.4732565241597, 1.8448677250013723]
[1098.7781813335812, 465.445668598114, 1.8448677250013723]
[1099.910522986151, 461.41808067206836, 1.8448677250013723]
[1101.0428646387206, 457.39049274602274, 1.8448677250013723]
[1102.1752062912904, 453.3629048199771, 1.8448677250013723]
[1103.30754794386, 449.3353168939314, 1.8448677250013723]
[1103.30754794386, 449.3353168939314, 1.8448677250013776]
[1104.277320583605, 444.8807993934593, 1.7254461537084071]
[1104.7094842840302, 440.3424715438163, 1.6060245824154364]
[1104.5978830588294, 435.78497987609563, 1.486603011122466]
[1103.9441066195247, 431.27324390174823, 1.3671814398294955]
[1102.7574677307098, 426.8715313620244, 1.247759868536525]
[1101.0548695537168, 422.6425427616011, 1.1283382972435545]
[1098.860564868344, 418.64651822682146, 1.008916725950584]
[1096.2058106024224, 414.9403794109673, 0.8894951546576134]
[1093.1284225903037, 411.57691866975466, 0.7700735833646429]
[1089.6722369025413, 408.6040470569, 0.6506520120716724]
[1085.8864854198919, 406.0641118517369, 0.5312304407787019]
[1081.8250945463174, 403.9932933404093, 0.41180886948573137]
[1077.5459170505226, 402.42108944323405, 0.2923872981927609]
[1066.7797829665806, 399.18032662458637, 0.29238729819276327]
[1056.0136488826386, 395.93956380593863, 0.29238729819276327]
[1045.2475147986963, 392.6988009872909, 0.29238729819276327]
[1034.4813807147543, 389.45803816864316, 0.29238729819276327]
[1023.7152466308123, 386.21727534999536, 0.29238729819276327]
[1012.9491125468703, 382.9765125313476, 0.29238729819276327]
[1002.1829784629282, 379.7357497126999, 0.29238729819276327]
[991.4168443789862, 376.49498689405215, 0.29238729819276327]
[980.6507102950441, 373.2542240754044, 0.29238729819276327]
[969.8845762111021, 370.01346125675667, 0.29238729819276327]
[959.11844212716, 366.77269843810893, 0.29238729819276327]
[948.3523080432179, 363.5319356194612, 0.29238729819276327]
[937.5861739592759, 360.29117280081346, 0.29238729819276327]
[926.8200398753339, 357.05040998216566, 0.29238729819276327]
[916.0539057913918, 353.8096471635179, 0.29238729819276327]
[905.2877717074498, 350.5688843448702, 0.29238729819276327]
[894.5216376235077, 347.32812152622245, 0.29238729819276327]
[883.7555035395657, 344.0873587075747, 0.29238729819276327]
[870.2063169688877, 342.5507084940533, -0.06652691493081875]
[856.816727761316, 343.4427930163041, -0.06652691493081937]
[843.4271385537443, 344.33487753855496, -0.06652691493081937]
[830.0375493461726, 345.22696206080576, -0.06652691493081937]
[816.6479601386009, 346.1190465830566, -0.06652691493081937]
[803.2583709310292, 347.0111311053074, -0.06652691493081937]
[789.8687817234575, 347.90321562755827, -0.06652691493081937]
[776.4791925158858, 348.79530014980907, -0.06652691493081937]
[763.089603308314, 349.6873846720599, -0.06652691493081937]
[749.7000141007425, 350.5794691943107, -0.06652691493081937]
[736.3104248931706, 351.4715537165615, -0.06652691493081937]
[722.9208356855991, 352.36363823881237, -0.06652691493081937]
[709.5312464780274, 353.25572276106317, -0.06652691493081937]
[696.1416572704557, 354.147807283314, -0.06652691493081937]
[682.752068062884, 355.0398918055648, -0.06652691493081937]
[669.3624788553122, 355.9319763278157, -0.06652691493081937]
[655.9728896477405, 356.8240608500665, -0.06652691493081937]
[642.5833004401688, 357.7161453723173, -0.06652691493081937]
[629.1937112325971, 358.6082298945681, -0.06652691493081937]
[617.4935857662028, 357.5779304245747, 0.2421914735832249]
[603.5343276036817, 354.12942599817313, 0.24219147358322557]
[589.5750694411606, 350.6809215717716, 0.24219147358322557]
[575.6158112786396, 347.23241714537005, 0.24219147358322557]
[561.6565531161185, 343.78391271896845, 0.24219147358322557]
[547.6972949535975, 340.3354082925669, 0.24219147358322557]
[533.7380367910764, 336.88690386616537, 0.24219147358322557]
[519.7787786285553, 333.4383994397638, 0.24219147358322557]
[505.8195204660343, 329.9898950133623, 0.24219147358322557]
[491.8602623035132, 326.5413905869607, 0.24219147358322557]
[477.90100414099214, 323.09288616055915, 0.24219147358322557]
[463.9417459784711, 319.6443817341576, 0.24219147358322557]
[449.98248781595, 316.19587730775606, 0.24219147358322557]
[436.0232296534289, 312.7473728813545, 0.24219147358322557]
[422.0639714909079, 309.298868454953, 0.24219147358322557]
[408.1047133283868, 305.8503640285514, 0.24219147358322557]
[394.1454551658657, 302.40185960214984, 0.24219147358322557]
[380.18619700334466, 298.9533551757483, 0.24219147358322557]
[380.18619700334466, 298.9533551757483, 0.2421914735832249]
[365.9583646574848, 292.07020570891723, 0.6589847483717683]
[359.924124381325, 287.39681082401376, 0.6589847483717679]
[353.8898841051652, 282.72341593911017, 0.6589847483717679]
[347.85564382900543, 278.0500210542067, 0.6589847483717679]
[341.8214035528456, 273.3766261693031, 0.6589847483717679]
[335.7871632766858, 268.7032312843996, 0.6589847483717679]
[329.75292300052604, 264.02983639949605, 0.6589847483717679]
[323.7186827243662, 259.3564415145925, 0.6589847483717679]
[317.6844424482064, 254.68304662968896, 0.6589847483717679]
[311.6502021720466, 250.00965174478543, 0.6589847483717679]
[305.6159618958868, 245.33625685988187, 0.6589847483717679]
[299.581721619727, 240.66286197497834, 0.6589847483717679]
[293.5474813435672, 235.9894670900748, 0.6589847483717679]
[287.5132410674074, 231.31607220517125, 0.6589847483717679]
[281.4790007912476, 226.64267732026772, 0.6589847483717679]
[275.4447605150878, 221.9692824353642, 0.6589847483717679]
[269.410520238928, 217.29588755046063, 0.6589847483717679]
[263.3762799627682, 212.6224926655571, 0.6589847483717679]
[263.3762799627682, 212.62249266555713, 0.6589847483717675]
[258.29376834620723, 207.8872586301841, 0.8410961895427751]
[250.65714682530367, 199.34878335405654, 0.841096189542775]
[243.0205253044001, 190.81030807792894, 0.841096189542775]
[235.38390378349658, 182.2718328018013, 0.841096189542775]
[227.747282262593, 173.73335752567368, 0.841096189542775]
[220.11066074168946, 165.19488224954608, 0.841096189542775]
[212.4740392207859, 156.65640697341848, 0.841096189542775]
[204.83741769988234, 148.11793169729089, 0.841096189542775]
[197.2007961789788, 139.5794564211633, 0.841096189542775]
[189.56417465807522, 131.0409811450357, 0.841096189542775]
[181.92755313717169, 122.50250586890806, 0.841096189542775]
[174.29093161626813, 113.96403059278046, 0.841096189542775]
[166.65431009536456, 105.42555531665286, 0.841096189542775]
[159.017688574461, 96.88708004052525, 0.841096189542775]
[151.38106705355744, 88.34860476439763, 0.841096189542775]
[143.7444455326539, 79.81012948827004, 0.841096189542775]
[136.10782401175035, 71.27165421214244, 0.841096189542775]
[128.4712024908468, 62.73317893601482, 0.841096189542775]
[128.4712024908468, 62.73317893601482, 0.8410961895427753]
[100.0, 50.00000000000001, 0.0]
>>>> 
>>>> inputs
[40.0, 0.0, 0.10027384154933867]
[40.0, 0.0, 0.10027384154933867]
[40.0, 0.0, 0.10027384154933867]
[40.0, 0.0, 0.10027384154933867]
[40.0, 0.0, 0.10027384154933867]
[40.0, 0.8669840139434847, 0.10027384154933867]
[40.0, 0.8669840139434847, 0.10027384154933867]
[40.0, 0.8669840139434847, 0.10027384154933867]
[40.0, 0.8669840139434847, 0.10027384154933867]
[40.0, 0.8669840139434847, 0.10027384154933867]
[40.0, 0.8669840139434847, 0.10027384154933867]
[40.0, 0.8669840139434847, 0.10027384154933867]
[40.0, 0.8669840139434847, 0.10027384154933867]
[40.0, 0.8669840139434847, 0.10027384154933867]
[40.0, 0.8669840139434847, 0.10027384154933867]
[40.0, 0.8669840139434847, 0.10027384154933867]
[40.0, 0.8669840139434847, 0.10027384154933867]
[40.0, 0.8669840139434847, 0.10027384154933867]
[40.0, 0.8669840139434847, 0.10027384154933867]
[40.0, 0.0, 0.10027384154933867]
[40.0, 0.0, 0.27011153345273087]
[40.0, 0.0, 0.27011153345273087]
[40.0, 0.0, 0.27011153345273087]
[40.0, 0.0, 0.27011153345273087]
[40.0, 0.0, 0.27011153345273087]
[40.0, 0.0, 0.27011153345273087]
[40.0, 0.0, 0.27011153345273087]
[40.0, 0.0, 0.27011153345273087]
[40.0, 0.0, 0.27011153345273087]
[40.0, 0.0, 0.27011153345273087]
[40.0, 0.0, 0.27011153345273087]
[40.0, 0.0, 0.27011153345273087]
[40.0, 0.0, 0.27011153345273087]
[40.0, 0.0, 0.27011153345273087]
[40.0, 0.0, 0.27011153345273087]
[40.0, 0.0, 0.27011153345273087]
[40.0, 0.0, 0.27011153345273087]
[40.0, 0.8669840139434847, 0.27011153345273087]
[40.0, 0.0, 0.27011153345273087]
[40.0, 0.0, 0.27011153345273087]
[40.0, 0.0, 0.3166738816422822]
[40.0, 0.0, 0.3166738816422822]
[40.0, 0.0, 0.3166738816422822]
[40.0, 0.0, 0.3166738816422822]
[40.0, 0.0, 0.3166738816422822]
[40.0, 0.0, 0.3166738816422822]
[40.0, 0.0, 0.3166738816422822]
[40.0, 0.0, 0.3166738816422822]
[40.0, 0.0, 0.3166738816422822]
[40.0, 0.0, 0.3166738816422822]
[40.0, 0.0, 0.3166738816422822]
[40.0, 0.0, 0.3166738816422822]
[40.0, 0.0, 0.3166738816422822]
[40.0, 0.0, 0.3166738816422822]
[40.0, 0.0, 0.3166738816422822]
[40.0, 0.0, 0.3166738816422822]
[40.0, -0.8669840139434847, 0.3166738816422822]
[40.0, 0.0, 0.3166738816422822]
[40.0, 0.0, 0.3166738816422822]
[40.0, 0.0, 0.3166738816422822]
[40.0, 0.0, 0.3254522641039311]
[40.0, 0.0, 0.3254522641039311]
[40.0, 0.0, 0.3254522641039311]
[40.0, 0.0, 0.3254522641039311]
[40.0, 0.0, 0.3254522641039311]
[40.0, 0.0, 0.3254522641039311]
[40.0, 0.0, 0.3254522641039311]
[40.0, 0.0, 0.3254522641039311]
[40.0, 0.0, 0.3254522641039311]
[40.0, 0.0, 0.3254522641039311]
[40.0, 0.0, 0.3254522641039311]
[40.0, 0.0, 0.3254522641039311]
[40.0, 0.0, 0.3254522641039311]
[40.0, 0.0, 0.3254522641039311]
[40.0, -0.8669840139434847, 0.3254522641039311]
[40.0, -0.8669840139434847, 0.3254522641039311]
[40.0, 0.0, 0.3254522641039311]
[40.0, 0.0, 0.3254522641039311]
[40.0, 0.0, 0.3254522641039311]
[40.0, 0.0, 0.3254522641039311]
[40.0, 0.0, 0.1708824915494993]
[40.0, 0.0, 0.1708824915494993]
[40.0, 0.0, 0.1708824915494993]
[40.0, 0.0, 0.1708824915494993]
[40.0, 0.0, 0.1708824915494993]
[40.0, 0.0, 0.1708824915494993]
[40.0, 0.0, 0.1708824915494993]
[40.0, 0.0, 0.1708824915494993]
[40.0, 0.0, 0.1708824915494993]
[40.0, 0.0, 0.1708824915494993]
[40.0, 0.0, 0.1708824915494993]
[40.0, 0.0, 0.1708824915494993]
[40.0, 0.0, 0.1708824915494993]
[40.0, -0.8669840139434847, 0.1708824915494993]
[40.0, -0.8669840139434847, 0.1708824915494993]
[40.0, 0.0, 0.1708824915494993]
[40.0, 0.0, 0.1708824915494993]
[40.0, 0.0, 0.1708824915494993]
[40.0, 0.0, 0.1708824915494993]
[40.0, 0.0, 0.1708824915494993]
[40.0, 0.0, 0.2835841854125797]
[40.0, 0.0, 0.2835841854125797]
[40.0, 0.0, 0.2835841854125797]
[40.0, 0.0, 0.2835841854125797]
[40.0, 0.0, 0.2835841854125797]
[40.0, 0.0, 0.2835841854125797]
[40.0, 0.0, 0.2835841854125797]
[40.0, 0.0, 0.2835841854125797]
[40.0, 0.0, 0.2835841854125797]
[40.0, 0.0, 0.2835841854125797]
[40.0, 0.0, 0.2835841854125797]
[40.0, 0.0, 0.2835841854125797]
[40.0, 0.8669840139434847, 0.2835841854125797]
[40.0, 0.8669840139434847, 0.2835841854125797]
>>>> 
----------------------------
Path number   : 0
Path length   : 1144.3130308281793
Time required : 12.050488948822021 s
>>>> Nodes
[1068.4379996792782, 513.7139792008767, 1.0886872320729206]
[1063.9602592761391, 505.15715288066644, 1.0886872320729206]
[1059.482518873, 496.60032656045627, 1.0886872320729206]
[1055.0047784698609, 488.0435002402461, 1.0886872320729206]
[1050.5270380667216, 479.48667392003586, 1.0886872320729206]
[1046.0492976635826, 470.9298475998257, 1.0886872320729206]
[1041.5715572604433, 462.3730212796155, 1.0886872320729206]
[1037.0938168573043, 453.81619495940527, 1.0886872320729206]
[1032.616076454165, 445.2593686391951, 1.0886872320729206]
[1028.138336051026, 436.7025423189849, 1.0886872320729206]
[1023.6605956478869, 428.1457159987747, 1.0886872320729206]
[1019.1828552447478, 419.5888896785645, 1.0886872320729206]
[1014.7051148416086, 411.03206335835426, 1.0886872320729206]
[1010.2273744384695, 402.4752370381441, 1.0886872320729206]
[1005.7496340353305, 393.91841071793385, 1.0886872320729206]
[1001.2718936321913, 385.3615843977237, 1.0886872320729206]
[996.7941532290522, 376.8047580775135, 1.0886872320729206]
[992.3164128259131, 368.24793175730326, 1.0886872320729206]
[987.8386724227739, 359.6911054370931, 1.0886872320729206]
[977.2437024810913, 347.0938632993603, 0.6543496429529693]
[968.2210877734983, 340.1727007239226, 0.6543496429529704]
[959.1984730659054, 333.2515381484849, 0.6543496429529704]
[950.1758583583126, 326.3303755730472, 0.6543496429529704]
[941.1532436507196, 319.40921299760953, 0.6543496429529704]
[932.1306289431267, 312.48805042217185, 0.6543496429529704]
[923.1080142355337, 305.5668878467342, 0.6543496429529704]
[914.0853995279408, 298.64572527129644, 0.6543496429529704]
[905.0627848203478, 291.72456269585876, 0.6543496429529704]
[896.0401701127549, 284.8034001204211, 0.6543496429529704]
[887.017555405162, 277.88223754498335, 0.6543496429529704]
[877.9949406975691, 270.9610749695457, 0.6543496429529704]
[868.9723259899762, 264.039912394108, 0.6543496429529704]
[859.9497112823832, 257.11874981867027, 0.6543496429529704]
[850.9270965747903, 250.1975872432326, 0.6543496429529704]
[841.9044818671973, 243.2764246677949, 0.6543496429529704]
[832.8818671596044, 236.3552620923572, 0.6543496429529704]
[823.8592524520114, 229.43409951691953, 0.6543496429529704]
[814.8366377444186, 222.51293694148183, 0.6543496429529704]
[798.9369742857147, 215.3366637874659, 0.1935982222667949]
[795.0798755413061, 214.58046512608905, 0.1935982222667956]
[791.2227767968975, 213.82426646471217, 0.1935982222667956]
[787.3656780524889, 213.0680678033353, 0.1935982222667956]
[783.5085793080804, 212.31186914195845, 0.1935982222667956]
[779.6514805636717, 211.55567048058157, 0.1935982222667956]
[775.7943818192632, 210.7994718192047, 0.1935982222667956]
[771.9372830748546, 210.04327315782785, 0.1935982222667956]
[768.0801843304461, 209.28707449645097, 0.1935982222667956]
[764.2230855860374, 208.5308758350741, 0.1935982222667956]
[760.3659868416289, 207.77467717369726, 0.1935982222667956]
[756.5088880972203, 207.01847851232037, 0.1935982222667956]
[752.6517893528118, 206.26227985094351, 0.1935982222667956]
[748.7946906084031, 205.50608118956666, 0.1935982222667956]
[744.9375918639946, 204.74988252818977, 0.1935982222667956]
[741.080493119586, 203.99368386681292, 0.1935982222667956]
[741.080493119586, 203.99368386681292, 0.19359822226679513]
[737.1077926931143, 202.99088369555366, 0.300917065301723]
[733.265360668542, 201.56832508568658, 0.40823590833665113]
[729.5974091608832, 199.74237640091238, 0.515554751371579]
[719.1954024892366, 193.8478270193554, 0.5155547513715785]
[708.7933958175898, 187.95327763779846, 0.5155547513715785]
[698.3913891459432, 182.05872825624152, 0.5155547513715785]
[687.9893824742965, 176.16417887468455, 0.5155547513715785]
[677.5873758026498, 170.26962949312758, 0.5155547513715785]
[667.1853691310032, 164.37508011157064, 0.5155547513715785]
[656.7833624593566, 158.4805307300137, 0.5155547513715785]
[646.3813557877098, 152.58598134845676, 0.5155547513715785]
[635.9793491160632, 146.69143196689978, 0.5155547513715785]
[625.5773424444166, 140.79688258534281, 0.5155547513715785]
[615.1753357727698, 134.90233320378587, 0.5155547513715785]
[604.7733291011232, 129.00778382222893, 0.5155547513715785]
[594.3713224294765, 123.11323444067196, 0.5155547513715785]
[583.9693157578298, 117.21868505911502, 0.5155547513715785]
[573.5673090861832, 111.32413567755805, 0.5155547513715785]
[563.1653024145365, 105.4295862960011, 0.5155547513715785]
[552.7632957428898, 99.53503691444415, 0.5155547513715785]
[542.3612890712432, 93.64048753288719, 0.5155547513715785]
[526.0888897376154, 88.76144093607277, 0.0670573957511531]
[513.1624095541481, 87.89332322850454, 0.06705739575115274]
[500.23592937068076, 87.02520552093631, 0.06705739575115274]
[487.30944918721343, 86.15708781336808, 0.06705739575115274]
[474.3829690037461, 85.28897010579985, 0.06705739575115274]
[461.45648882027876, 84.42085239823162, 0.06705739575115274]
[448.53000863681143, 83.55273469066339, 0.06705739575115274]
[435.6035284533441, 82.68461698309515, 0.06705739575115274]
[422.67704826987676, 81.81649927552692, 0.06705739575115274]
[409.75056808640943, 80.94838156795869, 0.06705739575115274]
[396.8240879029421, 80.08026386039046, 0.06705739575115274]
[383.89760771947476, 79.21214615282223, 0.06705739575115274]
[370.97112753600743, 78.344028445254, 0.06705739575115274]
[358.0446473525401, 77.47591073768577, 0.06705739575115274]
[345.11816716907276, 76.60779303011753, 0.06705739575115274]
[332.19168698560543, 75.7396753225493, 0.06705739575115274]
[319.2652068021381, 74.87155761498107, 0.06705739575115274]
[306.33872661867076, 74.00343990741284, 0.06705739575115274]
[293.41224643520343, 73.13532219984461, 0.06705739575115274]
[291.3701728167266, 72.94298613023356, 0.12076181930612995]
[281.5402457342392, 71.75010183013798, 0.12076181930612957]
[271.71031865175183, 70.55721753004241, 0.12076181930612957]
[261.8803915692644, 69.36433322994682, 0.12076181930612957]
[252.05046448677706, 68.17144892985124, 0.12076181930612957]
[242.22053740428964, 66.97856462975567, 0.12076181930612957]
[232.39061032180228, 65.78568032966008, 0.12076181930612957]
[222.56068323931493, 64.59279602956451, 0.12076181930612957]
[212.7307561568275, 63.399911729468926, 0.12076181930612957]
[202.90082907434015, 62.20702742937334, 0.12076181930612957]
[193.07090199185276, 61.01414312927776, 0.12076181930612957]
[183.24097490936538, 59.821258829182185, 0.12076181930612957]
[173.411047826878, 58.62837452908661, 0.12076181930612957]
[163.5811207443906, 57.43549022899103, 0.12076181930612957]
[153.75119366190324, 56.24260592889544, 0.12076181930612957]
[143.92126657941586, 55.049721628799865, 0.12076181930612957]
[134.09133949692847, 53.85683732870429, 0.12076181930612957]
[124.26141241444108, 52.6639530286087, 0.12076181930612957]
[114.43148533195371, 51.471068728513124, 0.12076181930612957]
[104.60155824946632, 50.278184428417546, 0.12076181930612957]
>>>> 
>>>> inputs
[40.0, 0.0, 0.23803432296840749]
[40.0, 0.0, 0.23803432296840749]
[40.0, 0.0, 0.23803432296840749]
[40.0, 0.0, 0.23803432296840749]
[40.0, 0.0, 0.23803432296840749]
[40.0, 0.0, 0.23803432296840749]
[40.0, 0.0, 0.23803432296840749]
[40.0, 0.0, 0.23803432296840749]
[40.0, 0.0, 0.23803432296840749]
[40.0, 0.0, 0.23803432296840749]
[40.0, 0.0, 0.23803432296840749]
[40.0, 0.0, 0.23803432296840749]
[40.0, 0.0, 0.23803432296840749]
[40.0, 0.0, 0.23803432296840749]
[40.0, 0.0, 0.23803432296840749]
[40.0, 0.0, 0.23803432296840749]
[40.0, 0.0, 0.23803432296840749]
[40.0, 0.0, 0.23803432296840749]
[40.0, 0.8669840139434847, 0.23803432296840749]
[40.0, 0.0, 0.23803432296840749]
[40.0, 0.0, 0.2778570752409194]
[40.0, 0.0, 0.2778570752409194]
[40.0, 0.0, 0.2778570752409194]
[40.0, 0.0, 0.2778570752409194]
[40.0, 0.0, 0.2778570752409194]
[40.0, 0.0, 0.2778570752409194]
[40.0, 0.0, 0.2778570752409194]
[40.0, 0.0, 0.2778570752409194]
[40.0, 0.0, 0.2778570752409194]
[40.0, 0.0, 0.2778570752409194]
[40.0, 0.0, 0.2778570752409194]
[40.0, 0.0, 0.2778570752409194]
[40.0, 0.0, 0.2778570752409194]
[40.0, 0.0, 0.2778570752409194]
[40.0, 0.0, 0.2778570752409194]
[40.0, 0.0, 0.2778570752409194]
[40.0, 0.0, 0.2778570752409194]
[40.0, 0.8669840139434847, 0.2778570752409194]
[40.0, 0.0, 0.2778570752409194]
[40.0, 0.0, 0.2778570752409194]
[40.0, 0.0, 0.0890696842419684]
[40.0, 0.0, 0.0890696842419684]
[40.0, 0.0, 0.0890696842419684]
[40.0, 0.0, 0.0890696842419684]
[40.0, 0.0, 0.0890696842419684]
[40.0, 0.0, 0.0890696842419684]
[40.0, 0.0, 0.0890696842419684]
[40.0, 0.0, 0.0890696842419684]
[40.0, 0.0, 0.0890696842419684]
[40.0, 0.0, 0.0890696842419684]
[40.0, 0.0, 0.0890696842419684]
[40.0, 0.0, 0.0890696842419684]
[40.0, 0.0, 0.0890696842419684]
[40.0, -0.8669840139434847, 0.0890696842419684]
[40.0, -0.8669840139434847, 0.0890696842419684]
[40.0, -0.8669840139434847, 0.0890696842419684]
[40.0, -0.8669840139434847, 0.0890696842419684]
[40.0, 0.0, 0.0890696842419684]
[40.0, 0.0, 0.0890696842419684]
[40.0, 0.0, 0.0890696842419684]
[40.0, 0.0, 0.2904256008289487]
[40.0, 0.0, 0.2904256008289487]
[40.0, 0.0, 0.2904256008289487]
[40.0, 0.0, 0.2904256008289487]
[40.0, 0.0, 0.2904256008289487]
[40.0, 0.0, 0.2904256008289487]
[40.0, 0.0, 0.2904256008289487]
[40.0, 0.0, 0.2904256008289487]
[40.0, 0.0, 0.2904256008289487]
[40.0, 0.0, 0.2904256008289487]
[40.0, 0.0, 0.2904256008289487]
[40.0, 0.0, 0.2904256008289487]
[40.0, 0.0, 0.2904256008289487]
[40.0, 0.0, 0.2904256008289487]
[40.0, 0.0, 0.2904256008289487]
[40.0, 0.8669840139434847, 0.2904256008289487]
[40.0, 0.0, 0.2904256008289487]
[40.0, 0.0, 0.2904256008289487]
[40.0, 0.0, 0.2904256008289487]
[40.0, 0.0, 0.2904256008289487]
[40.0, 0.0, 0.29406515125710625]
[40.0, 0.0, 0.29406515125710625]
[40.0, 0.0, 0.29406515125710625]
[40.0, 0.0, 0.29406515125710625]
[40.0, 0.0, 0.29406515125710625]
[40.0, 0.0, 0.29406515125710625]
[40.0, 0.0, 0.29406515125710625]
[40.0, 0.0, 0.29406515125710625]
[40.0, 0.0, 0.29406515125710625]
[40.0, 0.0, 0.29406515125710625]
[40.0, 0.0, 0.29406515125710625]
[40.0, 0.0, 0.29406515125710625]
[40.0, 0.0, 0.29406515125710625]
[40.0, 0.0, 0.29406515125710625]
[40.0, -0.8669840139434847, 0.29406515125710625]
[40.0, 0.0, 0.29406515125710625]
[40.0, 0.0, 0.29406515125710625]
[40.0, 0.0, 0.29406515125710625]
[40.0, 0.0, 0.29406515125710625]
[40.0, 0.0, 0.29406515125710625]
[40.0, 0.0, 0.2409394539978737]
[40.0, 0.0, 0.2409394539978737]
[40.0, 0.0, 0.2409394539978737]
[40.0, 0.0, 0.2409394539978737]
[40.0, 0.0, 0.2409394539978737]
[40.0, 0.0, 0.2409394539978737]
[40.0, 0.0, 0.2409394539978737]
[40.0, 0.0, 0.2409394539978737]
[40.0, 0.0, 0.2409394539978737]
[40.0, 0.0, 0.2409394539978737]
[40.0, 0.0, 0.2409394539978737]
[40.0, 0.0, 0.2409394539978737]
[40.0, 0.0, 0.2409394539978737]
[40.0, 0.0, 0.2409394539978737]
>>>> 
----------------------------
Path number   : 0
Path length   : 1144.0245518995368
Time required : 21.182097911834717 s
>>>> Nodes
[1119.2848199535597, 473.19470935067187, 0.8220352661212189]
[1117.9378530200877, 471.74524335176915, 0.8220352661212189]
[1116.5908860866157, 470.29577735286637, 0.8220352661212189]
[1115.2439191531437, 468.84631135396364, 0.8220352661212189]
[1113.8969522196717, 467.3968453550609, 0.8220352661212189]
[1112.5499852861997, 465.9473793561582, 0.8220352661212189]
[1111.2030183527277, 464.4979133572554, 0.8220352661212189]
[1109.8560514192557, 463.0484473583527, 0.8220352661212189]
[1108.5090844857837, 461.59898135944997, 0.8220352661212189]
[1107.1621175523114, 460.1495153605472, 0.8220352661212189]
[1105.8151506188394, 458.70004936164446, 0.8220352661212189]
[1104.4681836853674, 457.25058336274174, 0.8220352661212189]
[1103.1212167518954, 455.80111736383896, 0.8220352661212189]
[1101.7742498184234, 454.35165136493623, 0.8220352661212189]
[1100.4272828849514, 452.9021853660335, 0.8220352661212189]
[1099.0803159514794, 451.4527193671308, 0.8220352661212189]
[1097.7333490180074, 450.003253368228, 0.8220352661212189]
[1096.3863820845354, 448.5537873693253, 0.8220352661212189]
[1096.3863820845354, 448.5537873693252, 0.8220352661212186]
[1093.1301097451362, 445.44005316600783, 0.7040156267741658]
[1087.1085070826418, 440.3266513401668, 0.7040156267741663]
[1081.0869044201472, 435.2132495143257, 0.7040156267741663]
[1075.0653017576528, 430.0998476884846, 0.7040156267741663]
[1069.0436990951584, 424.98644586264356, 0.7040156267741663]
[1063.0220964326638, 419.8730440368025, 0.7040156267741663]
[1057.0004937701694, 414.75964221096143, 0.7040156267741663]
[1050.978891107675, 409.64624038512034, 0.7040156267741663]
[1044.9572884451804, 404.5328385592793, 0.7040156267741663]
[1038.935685782686, 399.4194367334382, 0.7040156267741663]
[1032.9140831201917, 394.30603490759717, 0.7040156267741663]
[1026.8924804576973, 389.19263308175607, 0.7040156267741663]
[1020.8708777952027, 384.07923125591503, 0.7040156267741663]
[1014.8492751327083, 378.96582943007394, 0.7040156267741663]
[1008.8276724702138, 373.8524276042329, 0.7040156267741663]
[1002.8060698077194, 368.7390257783918, 0.7040156267741663]
[996.7844671452249, 363.62562395255077, 0.7040156267741663]
[990.7628644827304, 358.5122221267097, 0.7040156267741663]
[984.741261820236, 353.39882030086864, 0.7040156267741663]
[978.7196591577415, 348.28541847502754, 0.7040156267741663]
[968.2210877734983, 340.1727007239226, 0.6543496429529704]
[959.1984730659054, 333.2515381484849, 0.6543496429529704]
[950.1758583583126, 326.3303755730472, 0.6543496429529704]
[941.1532436507196, 319.40921299760953, 0.6543496429529704]
[932.1306289431267, 312.48805042217185, 0.6543496429529704]
[923.1080142355337, 305.5668878467342, 0.6543496429529704]
[914.0853995279408, 298.64572527129644, 0.6543496429529704]
[905.0627848203478, 291.72456269585876, 0.6543496429529704]
[896.0401701127549, 284.8034001204211, 0.6543496429529704]
[887.017555405162, 277.88223754498335, 0.6543496429529704]
[877.9949406975691, 270.9610749695457, 0.6543496429529704]
[868.9723259899762, 264.039912394108, 0.6543496429529704]
[859.9497112823832, 257.11874981867027, 0.6543496429529704]
[850.9270965747903, 250.1975872432326, 0.6543496429529704]
[841.9044818671973, 243.2764246677949, 0.6543496429529704]
[832.8818671596044, 236.3552620923572, 0.6543496429529704]
[823.8592524520114, 229.43409951691953, 0.6543496429529704]
[814.8366377444186, 222.51293694148183, 0.6543496429529704]
[798.9369742857147, 215.3366637874659, 0.1935982222667949]
[795.0798755413061, 214.58046512608905, 0.1935982222667956]
[791.2227767968975, 213.82426646471217, 0.1935982222667956]
[787.3656780524889, 213.0680678033353, 0.1935982222667956]
[783.5085793080804, 212.31186914195845, 0.1935982222667956]
[779.6514805636717, 211.55567048058157, 0.1935982222667956]
[775.7943818192632, 210.7994718192047, 0.1935982222667956]
[771.9372830748546, 210.04327315782785, 0.1935982222667956]
[768.0801843304461, 209.28707449645097, 0.1935982222667956]
[764.2230855860374, 208.5308758350741, 0.1935982222667956]
[760.3659868416289, 207.77467717369726, 0.1935982222667956]
[756.5088880972203, 207.01847851232037, 0.1935982222667956]
[752.6517893528118, 206.26227985094351, 0.1935982222667956]
[748.7946906084031, 205.50608118956666, 0.1935982222667956]
[744.9375918639946, 204.74988252818977, 0.1935982222667956]
[741.080493119586, 203.99368386681292, 0.1935982222667956]
[741.080493119586, 203.99368386681292, 0.19359822226679513]
[737.1077926931143, 202.99088369555366, 0.300917065301723]
[733.265360668542, 201.56832508568658, 0.40823590833665113]
[729.5974091608832, 199.74237640091238, 0.515554751371579]
[719.1954024892366, 193.8478270193554, 0.5155547513715785]
[708.7933958175898, 187.95327763779846, 0.5155547513715785]
[698.3913891459432, 182.05872825624152, 0.5155547513715785]
[687.9893824742965, 176.16417887468455, 0.5155547513715785]
[677.5873758026498, 170.26962949312758, 0.5155547513715785]
[667.1853691310032, 164.37508011157064, 0.5155547513715785]
[656.7833624593566, 158.4805307300137, 0.5155547513715785]
[646.3813557877098, 152.58598134845676, 0.5155547513715785]
[635.9793491160632, 146.69143196689978, 0.5155547513715785]
[625.5773424444166, 140.79688258534281, 0.5155547513715785]
[615.1753357727698, 134.90233320378587, 0.5155547513715785]
[604.7733291011232, 129.00778382222893, 0.5155547513715785]
[594.3713224294765, 123.11323444067196, 0.5155547513715785]
[583.9693157578298, 117.21868505911502, 0.5155547513715785]
[573.5673090861832, 111.32413567755805, 0.5155547513715785]
[563.1653024145365, 105.4295862960011, 0.5155547513715785]
[552.7632957428898, 99.53503691444415, 0.5155547513715785]
[542.3612890712432, 93.64048753288719, 0.5155547513715785]
[526.0888897376154, 88.76144093607277, 0.0670573957511531]
[513.1624095541481, 87.89332322850454, 0.06705739575115274]
[500.23592937068076, 87.02520552093631, 0.06705739575115274]
[487.30944918721343, 86.15708781336808, 0.06705739575115274]
[474.3829690037461, 85.28897010579985, 0.06705739575115274]
[461.45648882027876, 84.42085239823162, 0.06705739575115274]
[448.53000863681143, 83.55273469066339, 0.06705739575115274]
[435.6035284533441, 82.68461698309515, 0.06705739575115274]
[422.67704826987676, 81.81649927552692, 0.06705739575115274]
[409.75056808640943, 80.94838156795869, 0.06705739575115274]
[396.8240879029421, 80.08026386039046, 0.06705739575115274]
[383.89760771947476, 79.21214615282223, 0.06705739575115274]
[370.97112753600743, 78.344028445254, 0.06705739575115274]
[358.0446473525401, 77.47591073768577, 0.06705739575115274]
[345.11816716907276, 76.60779303011753, 0.06705739575115274]
[332.19168698560543, 75.7396753225493, 0.06705739575115274]
[319.2652068021381, 74.87155761498107, 0.06705739575115274]
[306.33872661867076, 74.00343990741284, 0.06705739575115274]
[293.41224643520343, 73.13532219984461, 0.06705739575115274]
[291.3701728167266, 72.94298613023356, 0.12076181930612995]
[281.5402457342392, 71.75010183013798, 0.12076181930612957]
[271.71031865175183, 70.55721753004241, 0.12076181930612957]
[261.8803915692644, 69.36433322994682, 0.12076181930612957]
[252.05046448677706, 68.17144892985124, 0.12076181930612957]
[242.22053740428964, 66.97856462975567, 0.12076181930612957]
[232.39061032180228, 65.78568032966008, 0.12076181930612957]
[222.56068323931493, 64.59279602956451, 0.12076181930612957]
[212.7307561568275, 63.399911729468926, 0.12076181930612957]
[202.90082907434015, 62.20702742937334, 0.12076181930612957]
[193.07090199185276, 61.01414312927776, 0.12076181930612957]
[183.24097490936538, 59.821258829182185, 0.12076181930612957]
[173.411047826878, 58.62837452908661, 0.12076181930612957]
[163.5811207443906, 57.43549022899103, 0.12076181930612957]
[153.75119366190324, 56.24260592889544, 0.12076181930612957]
[143.92126657941586, 55.049721628799865, 0.12076181930612957]
[134.09133949692847, 53.85683732870429, 0.12076181930612957]
[124.26141241444108, 52.6639530286087, 0.12076181930612957]
[114.43148533195371, 51.471068728513124, 0.12076181930612957]
[104.60155824946632, 50.278184428417546, 0.12076181930612957]
>>>> 
>>>> inputs
[40.0, 0.0, 0.04768249387608069]
[40.0, 0.0, 0.04768249387608069]
[40.0, 0.0, 0.04768249387608069]
[40.0, 0.0, 0.04768249387608069]
[40.0, 0.0, 0.04768249387608069]
[40.0, 0.0, 0.04768249387608069]
[40.0, 0.0, 0.04768249387608069]
[40.0, 0.0, 0.04768249387608069]
[40.0, 0.0, 0.04768249387608069]
[40.0, 0.0, 0.04768249387608069]
[40.0, 0.0, 0.04768249387608069]
[40.0, 0.0, 0.04768249387608069]
[40.0, 0.0, 0.04768249387608069]
[40.0, 0.0, 0.04768249387608069]
[40.0, 0.0, 0.04768249387608069]
[40.0, 0.0, 0.04768249387608069]
[40.0, 0.0, 0.04768249387608069]
[40.0, 0.8669840139434847, 0.04768249387608069]
[40.0, 0.8669840139434847, 0.04768249387608069]
[40.0, 0.0, 0.04768249387608069]
[40.0, 0.0, 0.18999123043152355]
[40.0, 0.0, 0.18999123043152355]
[40.0, 0.0, 0.18999123043152355]
[40.0, 0.0, 0.18999123043152355]
[40.0, 0.0, 0.18999123043152355]
[40.0, 0.0, 0.18999123043152355]
[40.0, 0.0, 0.18999123043152355]
[40.0, 0.0, 0.18999123043152355]
[40.0, 0.0, 0.18999123043152355]
[40.0, 0.0, 0.18999123043152355]
[40.0, 0.0, 0.18999123043152355]
[40.0, 0.0, 0.18999123043152355]
[40.0, 0.0, 0.18999123043152355]
[40.0, 0.0, 0.18999123043152355]
[40.0, 0.0, 0.18999123043152355]
[40.0, 0.0, 0.18999123043152355]
[40.0, 0.0, 0.18999123043152355]
[40.0, 0.0, 0.18999123043152355]
[40.0, 0.0, 0.18999123043152355]
[40.0, 0.0, 0.18999123043152355]
[40.0, 0.0, 0.2778570752409194]
[40.0, 0.0, 0.2778570752409194]
[40.0, 0.0, 0.2778570752409194]
[40.0, 0.0, 0.2778570752409194]
[40.0, 0.0, 0.2778570752409194]
[40.0, 0.0, 0.2778570752409194]
[40.0, 0.0, 0.2778570752409194]
[40.0, 0.0, 0.2778570752409194]
[40.0, 0.0, 0.2778570752409194]
[40.0, 0.0, 0.2778570752409194]
[40.0, 0.0, 0.2778570752409194]
[40.0, 0.0, 0.2778570752409194]
[40.0, 0.0, 0.2778570752409194]
[40.0, 0.0, 0.2778570752409194]
[40.0, 0.0, 0.2778570752409194]
[40.0, 0.0, 0.2778570752409194]
[40.0, 0.8669840139434847, 0.2778570752409194]
[40.0, 0.0, 0.2778570752409194]
[40.0, 0.0, 0.2778570752409194]
[40.0, 0.0, 0.2778570752409194]
[40.0, 0.0, 0.0890696842419684]
[40.0, 0.0, 0.0890696842419684]
[40.0, 0.0, 0.0890696842419684]
[40.0, 0.0, 0.0890696842419684]
[40.0, 0.0, 0.0890696842419684]
[40.0, 0.0, 0.0890696842419684]
[40.0, 0.0, 0.0890696842419684]
[40.0, 0.0, 0.0890696842419684]
[40.0, 0.0, 0.0890696842419684]
[40.0, 0.0, 0.0890696842419684]
[40.0, 0.0, 0.0890696842419684]
[40.0, 0.0, 0.0890696842419684]
[40.0, -0.8669840139434847, 0.0890696842419684]
[40.0, -0.8669840139434847, 0.0890696842419684]
[40.0, -0.8669840139434847, 0.0890696842419684]
[40.0, -0.8669840139434847, 0.0890696842419684]
[40.0, 0.0, 0.0890696842419684]
[40.0, 0.0, 0.0890696842419684]
[40.0, 0.0, 0.0890696842419684]
[40.0, 0.0, 0.0890696842419684]
[40.0, 0.0, 0.2904256008289487]
[40.0, 0.0, 0.2904256008289487]
[40.0, 0.0, 0.2904256008289487]
[40.0, 0.0, 0.2904256008289487]
[40.0, 0.0, 0.2904256008289487]
[40.0, 0.0, 0.2904256008289487]
[40.0, 0.0, 0.2904256008289487]
[40.0, 0.0, 0.2904256008289487]
[40.0, 0.0, 0.2904256008289487]
[40.0, 0.0, 0.2904256008289487]
[40.0, 0.0, 0.2904256008289487]
[40.0, 0.0, 0.2904256008289487]
[40.0, 0.0, 0.2904256008289487]
[40.0, 0.0, 0.2904256008289487]
[40.0, 0.8669840139434847, 0.2904256008289487]
[40.0, 0.0, 0.2904256008289487]
[40.0, 0.0, 0.2904256008289487]
[40.0, 0.0, 0.2904256008289487]
[40.0, 0.0, 0.2904256008289487]
[40.0, 0.0, 0.2904256008289487]
[40.0, 0.0, 0.29406515125710625]
[40.0, 0.0, 0.29406515125710625]
[40.0, 0.0, 0.29406515125710625]
[40.0, 0.0, 0.29406515125710625]
[40.0, 0.0, 0.29406515125710625]
[40.0, 0.0, 0.29406515125710625]
[40.0, 0.0, 0.29406515125710625]
[40.0, 0.0, 0.29406515125710625]
[40.0, 0.0, 0.29406515125710625]
[40.0, 0.0, 0.29406515125710625]
[40.0, 0.0, 0.29406515125710625]
[40.0, 0.0, 0.29406515125710625]
[40.0, 0.0, 0.29406515125710625]
[40.0, -0.8669840139434847, 0.29406515125710625]
[40.0, 0.0, 0.29406515125710625]
[40.0, 0.0, 0.29406515125710625]
[40.0, 0.0, 0.29406515125710625]
[40.0, 0.0, 0.29406515125710625]
[40.0, 0.0, 0.29406515125710625]
[40.0, 0.0, 0.29406515125710625]
[40.0, 0.0, 0.2409394539978737]
[40.0, 0.0, 0.2409394539978737]
[40.0, 0.0, 0.2409394539978737]
[40.0, 0.0, 0.2409394539978737]
[40.0, 0.0, 0.2409394539978737]
[40.0, 0.0, 0.2409394539978737]
[40.0, 0.0, 0.2409394539978737]
[40.0, 0.0, 0.2409394539978737]
[40.0, 0.0, 0.2409394539978737]
[40.0, 0.0, 0.2409394539978737]
[40.0, 0.0, 0.2409394539978737]
[40.0, 0.0, 0.2409394539978737]
[40.0, 0.0, 0.2409394539978737]
>>>> 
----------------------------
Path number   : 0
Path length   : 1141.572158050416
Time required : 26.328898906707764 s
>>>> Nodes
[1102.2718853443298, 505.59989083253106, 0.8700579623835898]
[1096.895647882072, 499.22655341870336, 0.8700579623835898]
[1091.519410419814, 492.85321600487566, 0.8700579623835898]
[1086.143172957556, 486.47987859104796, 0.8700579623835898]
[1080.7669354952982, 480.10654117722027, 0.8700579623835898]
[1075.3906980330403, 473.73320376339257, 0.8700579623835898]
[1070.0144605707824, 467.3598663495649, 0.8700579623835898]
[1064.6382231085245, 460.9865289357372, 0.8700579623835898]
[1059.2619856462666, 454.6131915219095, 0.8700579623835898]
[1053.8857481840087, 448.23985410808183, 0.8700579623835898]
[1048.5095107217508, 441.86651669425413, 0.8700579623835898]
[1043.1332732594929, 435.49317928042643, 0.8700579623835898]
[1037.757035797235, 429.11984186659873, 0.8700579623835898]
[1032.380798334977, 422.74650445277103, 0.8700579623835898]
[1027.0045608727191, 416.3731670389434, 0.8700579623835898]
[1021.6283234104611, 409.9998296251157, 0.8700579623835898]
[1016.2520859482032, 403.626492211288, 0.8700579623835898]
[1010.8758484859453, 397.2531547974603, 0.8700579623835898]
[1005.4996110236874, 390.8798173836326, 0.8700579623835898]
[1003.332680782228, 388.0535036995213, 0.9633292433712914]
[1002.066498337926, 386.2320654674753, 0.9633292433712911]
[1000.8003158936239, 384.41062723542933, 0.9633292433712911]
[999.5341334493219, 382.58918900338335, 0.9633292433712911]
[998.2679510050198, 380.76775077133743, 0.9633292433712911]
[997.0017685607178, 378.94631253929145, 0.9633292433712911]
[995.7355861164158, 377.1248743072455, 0.9633292433712911]
[994.4694036721137, 375.3034360751995, 0.9633292433712911]
[993.2032212278117, 373.4819978431535, 0.9633292433712911]
[991.9370387835096, 371.66055961110754, 0.9633292433712911]
[990.6708563392076, 369.83912137906157, 0.9633292433712911]
[989.4046738949056, 368.0176831470156, 0.9633292433712911]
[988.1384914506035, 366.19624491496967, 0.9633292433712911]
[986.8723090063015, 364.3748066829237, 0.9633292433712911]
[985.6061265619994, 362.5533684508777, 0.9633292433712911]
[984.3399441176974, 360.73193021883174, 0.9633292433712911]
[984.3399441176974, 360.73193021883174, 0.9633292433712912]
[982.2270432383662, 357.96980933243356, 0.8722545653499993]
[979.8716874835295, 355.411301723472, 0.7811798873287074]
[977.2934000795377, 353.077614516631, 0.6901052093074155]
[970.9335194866624, 347.8274504317866, 0.6901052093074144]
[964.5736388937871, 342.5772863469421, 0.6901052093074144]
[958.2137583009118, 337.3271222620977, 0.6901052093074144]
[951.8538777080364, 332.07695817725323, 0.6901052093074144]
[945.493997115161, 326.8267940924088, 0.6901052093074144]
[939.1341165222857, 321.5766300075644, 0.6901052093074144]
[932.7742359294105, 316.32646592271993, 0.6901052093074144]
[926.4143553365351, 311.0763018378755, 0.6901052093074144]
[920.0544747436597, 305.82613775303105, 0.6901052093074144]
[913.6945941507844, 300.57597366818663, 0.6901052093074144]
[907.334713557909, 295.3258095833422, 0.6901052093074144]
[900.9748329650338, 290.07564549849775, 0.6901052093074144]
[894.6149523721584, 284.82548141365334, 0.6901052093074144]
[888.2550717792831, 279.5753173288089, 0.6901052093074144]
[881.8951911864077, 274.32515324396445, 0.6901052093074144]
[875.5353105935325, 269.07498915912004, 0.6901052093074144]
[869.1754300006571, 263.82482507427557, 0.6901052093074144]
[862.8155494077818, 258.57466098943115, 0.6901052093074144]
[851.7836353212839, 252.21909168192326, 0.35522730239610967]
[844.1454996206523, 249.3856206591998, 0.35522730239610933]
[836.5073639200208, 246.55214963647632, 0.35522730239610933]
[828.8692282193892, 243.71867861375284, 0.35522730239610933]
[821.2310925187577, 240.88520759102937, 0.35522730239610933]
[813.5929568181261, 238.0517365683059, 0.35522730239610933]
[805.9548211174946, 235.21826554558243, 0.35522730239610933]
[798.316685416863, 232.38479452285895, 0.35522730239610933]
[790.6785497162315, 229.55132350013548, 0.35522730239610933]
[783.0404140155999, 226.717852477412, 0.35522730239610933]
[775.4022783149683, 223.88438145468854, 0.35522730239610933]
[767.7641426143367, 221.05091043196506, 0.35522730239610933]
[760.1260069137052, 218.2174394092416, 0.35522730239610933]
[752.4878712130736, 215.38396838651812, 0.35522730239610933]
[744.8497355124421, 212.55049736379465, 0.35522730239610933]
[737.2115998118105, 209.71702634107118, 0.35522730239610933]
[729.573464111179, 206.8835553183477, 0.35522730239610933]
[721.9353284105474, 204.05008429562423, 0.35522730239610933]
[714.2971927099159, 201.21661327290076, 0.35522730239610933]
[706.6590570092843, 198.3831422501773, 0.35522730239610933]
[699.4047411635643, 195.82157627107728, 0.33876967839342714]
[692.7415854835642, 193.47379199148602, 0.33876967839342714]
[686.0784298035642, 191.12600771189477, 0.33876967839342714]
[679.4152741235641, 188.77822343230352, 0.33876967839342714]
[672.7521184435641, 186.43043915271227, 0.33876967839342714]
[666.088962763564, 184.08265487312102, 0.33876967839342714]
[659.425807083564, 181.73487059352976, 0.33876967839342714]
[652.762651403564, 179.3870863139385, 0.33876967839342714]
[646.0994957235639, 177.03930203434726, 0.33876967839342714]
[639.436340043564, 174.691517754756, 0.33876967839342714]
[632.7731843635639, 172.34373347516475, 0.33876967839342714]
[626.1100286835639, 169.9959491955735, 0.33876967839342714]
[619.4468730035638, 167.64816491598225, 0.33876967839342714]
[612.7837173235638, 165.300380636391, 0.33876967839342714]
[606.1205616435637, 162.95259635679975, 0.33876967839342714]
[599.4574059635637, 160.6048120772085, 0.33876967839342714]
[592.7942502835637, 158.25702779761724, 0.33876967839342714]
[586.1310946035636, 155.909243518026, 0.33876967839342714]
[585.7718349603729, 155.78063637867075, 0.3487595978868032]
[576.3834766535638, 152.36680914317657, 0.34875959788680366]
[566.9951183467548, 148.9529819076824, 0.34875959788680366]
[557.6067600399457, 145.53915467218823, 0.34875959788680366]
[548.2184017331367, 142.12532743669405, 0.34875959788680366]
[538.8300434263276, 138.7115002011999, 0.34875959788680366]
[529.4416851195185, 135.29767296570571, 0.34875959788680366]
[520.0533268127095, 131.88384573021153, 0.34875959788680366]
[510.6649685059005, 128.47001849471738, 0.34875959788680366]
[501.27661019909146, 125.0561912592232, 0.34875959788680366]
[491.88825189228237, 121.64236402372903, 0.34875959788680366]
[482.49989358547333, 118.22853678823486, 0.34875959788680366]
[473.1115352786643, 114.81470955274068, 0.34875959788680366]
[463.72317697185525, 111.40088231724651, 0.34875959788680366]
[454.3348186650462, 107.98705508175235, 0.34875959788680366]
[444.9464603582372, 104.57322784625816, 0.34875959788680366]
[435.55810205142814, 101.159400610764, 0.34875959788680366]
[426.16974374461904, 97.74557337526983, 0.34875959788680366]
[416.78138543781, 94.33174613977565, 0.34875959788680366]
[407.39302713100096, 90.91791890428148, 0.34875959788680366]
[394.2817846610099, 88.19195276226154, 0.14723363309587129]
[388.6201426326747, 87.35229253785225, 0.14723363309587129]
[382.9585006043394, 86.51263231344296, 0.14723363309587129]
[377.2968585760042, 85.67297208903368, 0.14723363309587129]
[371.63521654766896, 84.83331186462439, 0.14723363309587129]
[365.97357451933374, 83.9936516402151, 0.14723363309587129]
[360.3119324909985, 83.15399141580582, 0.14723363309587129]
[354.6502904626633, 82.31433119139653, 0.14723363309587129]
[348.98864843432807, 81.47467096698725, 0.14723363309587129]
[343.3270064059928, 80.63501074257795, 0.14723363309587129]
[337.66536437765757, 79.79535051816866, 0.14723363309587129]
[332.00372234932235, 78.95569029375937, 0.14723363309587129]
[326.3420803209871, 78.11603006935009, 0.14723363309587129]
[320.6804382926519, 77.2763698449408, 0.14723363309587129]
[315.0187962643167, 76.43670962053152, 0.14723363309587129]
[309.3571542359814, 75.59704939612223, 0.14723363309587129]
[303.6955122076462, 74.75738917171294, 0.14723363309587129]
[298.03387017931095, 73.91772894730366, 0.14723363309587129]
[292.37222815097573, 73.07806872289437, 0.14723363309587129]
[281.5402457342392, 71.75010183013798, 0.12076181930612957]
[271.71031865175183, 70.55721753004241, 0.12076181930612957]
[261.8803915692644, 69.36433322994682, 0.12076181930612957]
[252.05046448677706, 68.17144892985124, 0.12076181930612957]
[242.22053740428964, 66.97856462975567, 0.12076181930612957]
[232.39061032180228, 65.78568032966008, 0.12076181930612957]
[222.56068323931493, 64.59279602956451, 0.12076181930612957]
[212.7307561568275, 63.399911729468926, 0.12076181930612957]
[202.90082907434015, 62.20702742937334, 0.12076181930612957]
[193.07090199185276, 61.01414312927776, 0.12076181930612957]
[183.24097490936538, 59.821258829182185, 0.12076181930612957]
[173.411047826878, 58.62837452908661, 0.12076181930612957]
[163.5811207443906, 57.43549022899103, 0.12076181930612957]
[153.75119366190324, 56.24260592889544, 0.12076181930612957]
[143.92126657941586, 55.049721628799865, 0.12076181930612957]
[134.09133949692847, 53.85683732870429, 0.12076181930612957]
[124.26141241444108, 52.6639530286087, 0.12076181930612957]
[114.43148533195371, 51.471068728513124, 0.12076181930612957]
[104.60155824946632, 50.278184428417546, 0.12076181930612957]
>>>> 
>>>> inputs
[40.0, 0.0, 0.19205988008223981]
[40.0, 0.0, 0.19205988008223981]
[40.0, 0.0, 0.19205988008223981]
[40.0, 0.0, 0.19205988008223981]
[40.0, 0.0, 0.19205988008223981]
[40.0, 0.0, 0.19205988008223981]
[40.0, 0.0, 0.19205988008223981]
[40.0, 0.0, 0.19205988008223981]
[40.0, 0.0, 0.19205988008223981]
[40.0, 0.0, 0.19205988008223981]
[40.0, 0.0, 0.19205988008223981]
[40.0, 0.0, 0.19205988008223981]
[40.0, 0.0, 0.19205988008223981]
[40.0, 0.0, 0.19205988008223981]
[40.0, 0.0, 0.19205988008223981]
[40.0, 0.0, 0.19205988008223981]
[40.0, 0.0, 0.19205988008223981]
[40.0, 0.0, 0.19205988008223981]
[40.0, -0.8669840139434847, 0.19205988008223981]
[40.0, 0.0, 0.19205988008223981]
[40.0, 0.0, 0.054638613053114383]
[40.0, 0.0, 0.054638613053114383]
[40.0, 0.0, 0.054638613053114383]
[40.0, 0.0, 0.054638613053114383]
[40.0, 0.0, 0.054638613053114383]
[40.0, 0.0, 0.054638613053114383]
[40.0, 0.0, 0.054638613053114383]
[40.0, 0.0, 0.054638613053114383]
[40.0, 0.0, 0.054638613053114383]
[40.0, 0.0, 0.054638613053114383]
[40.0, 0.0, 0.054638613053114383]
[40.0, 0.0, 0.054638613053114383]
[40.0, 0.0, 0.054638613053114383]
[40.0, 0.0, 0.054638613053114383]
[40.0, 0.8669840139434847, 0.054638613053114383]
[40.0, 0.8669840139434847, 0.054638613053114383]
[40.0, 0.8669840139434847, 0.054638613053114383]
[40.0, 0.8669840139434847, 0.054638613053114383]
[40.0, 0.0, 0.054638613053114383]
[40.0, 0.0, 0.054638613053114383]
[40.0, 0.0, 0.20154578064947684]
[40.0, 0.0, 0.20154578064947684]
[40.0, 0.0, 0.20154578064947684]
[40.0, 0.0, 0.20154578064947684]
[40.0, 0.0, 0.20154578064947684]
[40.0, 0.0, 0.20154578064947684]
[40.0, 0.0, 0.20154578064947684]
[40.0, 0.0, 0.20154578064947684]
[40.0, 0.0, 0.20154578064947684]
[40.0, 0.0, 0.20154578064947684]
[40.0, 0.0, 0.20154578064947684]
[40.0, 0.0, 0.20154578064947684]
[40.0, 0.0, 0.20154578064947684]
[40.0, 0.0, 0.20154578064947684]
[40.0, 0.0, 0.20154578064947684]
[40.0, 0.0, 0.20154578064947684]
[40.0, 0.8669840139434847, 0.20154578064947684]
[40.0, 0.0, 0.20154578064947684]
[40.0, 0.0, 0.20154578064947684]
[40.0, 0.0, 0.20154578064947684]
[40.0, 0.0, 0.1942713094386091]
[40.0, 0.0, 0.1942713094386091]
[40.0, 0.0, 0.1942713094386091]
[40.0, 0.0, 0.1942713094386091]
[40.0, 0.0, 0.1942713094386091]
[40.0, 0.0, 0.1942713094386091]
[40.0, 0.0, 0.1942713094386091]
[40.0, 0.0, 0.1942713094386091]
[40.0, 0.0, 0.1942713094386091]
[40.0, 0.0, 0.1942713094386091]
[40.0, 0.0, 0.1942713094386091]
[40.0, 0.0, 0.1942713094386091]
[40.0, 0.0, 0.1942713094386091]
[40.0, 0.0, 0.1942713094386091]
[40.0, 0.0, 0.1942713094386091]
[40.0, 0.0, 0.1942713094386091]
[40.0, 0.0, 0.1942713094386091]
[40.0, 0.0, 0.1942713094386091]
[40.0, 0.0, 0.1942713094386091]
[40.0, 0.0, 0.1942713094386091]
[40.0, 0.0, 0.15943233310400667]
[40.0, 0.0, 0.15943233310400667]
[40.0, 0.0, 0.15943233310400667]
[40.0, 0.0, 0.15943233310400667]
[40.0, 0.0, 0.15943233310400667]
[40.0, 0.0, 0.15943233310400667]
[40.0, 0.0, 0.15943233310400667]
[40.0, 0.0, 0.15943233310400667]
[40.0, 0.0, 0.15943233310400667]
[40.0, 0.0, 0.15943233310400667]
[40.0, 0.0, 0.15943233310400667]
[40.0, 0.0, 0.15943233310400667]
[40.0, 0.0, 0.15943233310400667]
[40.0, 0.0, 0.15943233310400667]
[40.0, -0.8669840139434847, 0.15943233310400667]
[40.0, 0.0, 0.15943233310400667]
[40.0, 0.0, 0.15943233310400667]
[40.0, 0.0, 0.15943233310400667]
[40.0, 0.0, 0.15943233310400667]
[40.0, 0.0, 0.15943233310400667]
[40.0, 0.0, 0.24687917384975527]
[40.0, 0.0, 0.24687917384975527]
[40.0, 0.0, 0.24687917384975527]
[40.0, 0.0, 0.24687917384975527]
[40.0, 0.0, 0.24687917384975527]
[40.0, 0.0, 0.24687917384975527]
[40.0, 0.0, 0.24687917384975527]
[40.0, 0.0, 0.24687917384975527]
[40.0, 0.0, 0.24687917384975527]
[40.0, 0.0, 0.24687917384975527]
[40.0, 0.0, 0.24687917384975527]
[40.0, 0.0, 0.24687917384975527]
[40.0, 0.0, 0.24687917384975527]
[40.0, 0.0, 0.24687917384975527]
[40.0, 0.0, 0.24687917384975527]
[40.0, 0.0, 0.24687917384975527]
[40.0, 0.0, 0.24687917384975527]
[40.0, 0.0, 0.24687917384975527]
[40.0, 0.0, 0.24687917384975527]
[40.0, 0.0, 0.24687917384975527]
[40.0, 0.0, 0.13719865338794418]
[40.0, 0.0, 0.13719865338794418]
[40.0, 0.0, 0.13719865338794418]
[40.0, 0.0, 0.13719865338794418]
[40.0, 0.0, 0.13719865338794418]
[40.0, 0.0, 0.13719865338794418]
[40.0, 0.0, 0.13719865338794418]
[40.0, 0.0, 0.13719865338794418]
[40.0, 0.0, 0.13719865338794418]
[40.0, 0.0, 0.13719865338794418]
[40.0, 0.0, 0.13719865338794418]
[40.0, 0.0, 0.13719865338794418]
[40.0, 0.0, 0.13719865338794418]
[40.0, 0.0, 0.13719865338794418]
[40.0, 0.0, 0.13719865338794418]
[40.0, 0.0, 0.13719865338794418]
[40.0, 0.0, 0.13719865338794418]
[40.0, 0.0, 0.13719865338794418]
[40.0, 0.0, 0.13719865338794418]
[40.0, 0.0, 0.13719865338794418]
[40.0, 0.0, 0.2409394539978737]
[40.0, 0.0, 0.2409394539978737]
[40.0, 0.0, 0.2409394539978737]
[40.0, 0.0, 0.2409394539978737]
[40.0, 0.0, 0.2409394539978737]
[40.0, 0.0, 0.2409394539978737]
[40.0, 0.0, 0.2409394539978737]
[40.0, 0.0, 0.2409394539978737]
[40.0, 0.0, 0.2409394539978737]
[40.0, 0.0, 0.2409394539978737]
[40.0, 0.0, 0.2409394539978737]
[40.0, 0.0, 0.2409394539978737]
>>>> 
