----------------------------
RRT search Summary          
----------------------------
Map Name               : ./packages/maps/MAP7.txt
Total paths found      : 2
Total number of nodes  : 1442
Total elapsed time     : 231.19660902023315 s
Solver                 : RRTstar 
----------------------------
Path number   : 0
Path length   : 1358.1225084897364
Time required : 97.93568825721741 s
>>>> Nodes
[1083.1710056805305, 509.88827572059245, 2.0783693088201467]
[1087.471288969751, 502.156409664388, 2.0783693088201467]
[1091.7715722589714, 494.42454360818346, 2.0783693088201467]
[1096.071855548192, 486.692677551979, 2.0783693088201467]
[1100.3721388374124, 478.96081149577446, 2.0783693088201467]
[1104.672422126633, 471.22894543957, 2.0783693088201467]
[1108.9727054158534, 463.49707938336553, 2.0783693088201467]
[1113.2729887050739, 455.76521332716106, 2.0783693088201467]
[1117.5732719942944, 448.03334727095654, 2.0783693088201467]
[1121.873555283515, 440.3014812147521, 2.0783693088201467]
[1126.1738385727356, 432.56961515854755, 2.0783693088201467]
[1130.474121861956, 424.8377491023431, 2.0783693088201467]
[1134.7744051511766, 417.1058830461386, 2.0783693088201467]
[1139.074688440397, 409.3740169899341, 2.0783693088201467]
[1143.3749717296175, 401.6421509337296, 2.0783693088201467]
[1147.675255018838, 393.9102848775251, 2.0783693088201467]
[1151.9755383080585, 386.17841882132063, 2.0783693088201467]
[1151.9755383080585, 386.17841882132063, 2.0783693088201476]
[1156.7363521093475, 369.6582742509021, 1.624383240511821]
[1153.7699936689448, 352.723657565511, 1.1703971722034943]
[1150.20850912401, 344.3093199414776, 1.1703971722034943]
[1146.6470245790754, 335.89498231744415, 1.1703971722034943]
[1143.0855400341406, 327.48064469341074, 1.1703971722034943]
[1139.524055489206, 319.0663070693773, 1.1703971722034943]
[1135.962570944271, 310.65196944534387, 1.1703971722034943]
[1132.4010863993362, 302.2376318213104, 1.1703971722034943]
[1128.8396018544015, 293.823294197277, 1.1703971722034943]
[1125.2781173094668, 285.4089565732436, 1.1703971722034943]
[1121.716632764532, 276.9946189492101, 1.1703971722034943]
[1118.1551482195973, 268.5802813251767, 1.1703971722034943]
[1114.5936636746626, 260.1659437011433, 1.1703971722034943]
[1111.0321791297279, 251.75160607710984, 1.1703971722034943]
[1107.470694584793, 243.3372684530764, 1.1703971722034943]
[1103.9092100398582, 234.92293082904297, 1.1703971722034943]
[1100.3477254949235, 226.50859320500956, 1.1703971722034943]
[1096.7862409499887, 218.09425558097612, 1.1703971722034943]
[1093.224756405054, 209.6799179569427, 1.1703971722034943]
[1093.224756405054, 209.6799179569427, 1.1703971722034943]
[1074.7639133043194, 190.22292263315538, 0.45292974090672966]
[1067.1545318201788, 186.5196377803456, 0.4529297409067293]
[1059.5451503360382, 182.8163529275358, 0.4529297409067293]
[1051.9357688518976, 179.11306807472602, 0.4529297409067293]
[1044.326387367757, 175.40978322191623, 0.4529297409067293]
[1036.7170058836164, 171.70649836910644, 0.4529297409067293]
[1029.1076243994758, 168.00321351629665, 0.4529297409067293]
[1021.4982429153351, 164.29992866348687, 0.4529297409067293]
[1013.8888614311945, 160.59664381067708, 0.4529297409067293]
[1006.2794799470539, 156.8933589578673, 0.4529297409067293]
[998.6700984629133, 153.1900741050575, 0.4529297409067293]
[991.0607169787728, 149.48678925224772, 0.4529297409067293]
[983.4513354946322, 145.78350439943793, 0.4529297409067293]
[975.8419540104916, 142.08021954662814, 0.4529297409067293]
[968.232572526351, 138.37693469381836, 0.4529297409067293]
[960.6231910422104, 134.67364984100857, 0.4529297409067293]
[953.0138095580697, 130.97036498819878, 0.4529297409067293]
[945.4044280739291, 127.267080135389, 0.4529297409067293]
[937.7950465897885, 123.5637952825792, 0.4529297409067293]
[930.1856651056479, 119.86051042976942, 0.4529297409067293]
[911.1921441782499, 114.40062761858293, 0.23358900639251048]
[900.072255018249, 111.75484648642885, 0.23358900639251048]
[888.9523658582481, 109.10906535427478, 0.23358900639251048]
[877.8324766982471, 106.4632842221207, 0.23358900639251048]
[866.7125875382462, 103.81750308996662, 0.23358900639251048]
[855.5926983782452, 101.17172195781254, 0.23358900639251048]
[844.4728092182443, 98.52594082565847, 0.23358900639251048]
[833.3529200582434, 95.88015969350438, 0.23358900639251048]
[822.2330308982424, 93.2343785613503, 0.23358900639251048]
[811.1131417382416, 90.58859742919623, 0.23358900639251048]
[799.9932525782406, 87.94281629704214, 0.23358900639251048]
[788.8733634182396, 85.29703516488806, 0.23358900639251048]
[777.7534742582387, 82.65125403273399, 0.23358900639251048]
[766.6335850982377, 80.0054729005799, 0.23358900639251048]
[755.5136959382369, 77.35969176842582, 0.23358900639251048]
[744.3938067782359, 74.71391063627175, 0.23358900639251048]
[733.2739176182349, 72.06812950411766, 0.23358900639251048]
[722.154028458234, 69.4223483719636, 0.23358900639251048]
[711.0341392982331, 66.77656723980951, 0.23358900639251048]
[703.2020884496727, 65.41640899117024, 0.15835943176350317]
[698.1879266751612, 64.61566435043112, 0.15835943176350317]
[693.1737649006495, 63.814919709691985, 0.15835943176350317]
[688.1596031261379, 63.01417506895285, 0.15835943176350317]
[683.1454413516263, 62.21343042821372, 0.15835943176350317]
[678.1312795771147, 61.41268578747459, 0.15835943176350317]
[673.1171178026032, 60.611941146735454, 0.15835943176350317]
[668.1029560280915, 59.81119650599632, 0.15835943176350317]
[663.0887942535799, 59.01045186525719, 0.15835943176350317]
[658.0746324790683, 58.209707224518056, 0.15835943176350317]
[653.0604707045567, 57.40896258377892, 0.15835943176350317]
[648.0463089300451, 56.60821794303979, 0.15835943176350317]
[643.0321471555335, 55.80747330230066, 0.15835943176350317]
[638.0179853810218, 55.006728661561525, 0.15835943176350317]
[633.0038236065103, 54.20598402082239, 0.15835943176350317]
[627.9896618319987, 53.40523938008326, 0.15835943176350317]
[622.9755000574871, 52.604494739344126, 0.15835943176350317]
[617.9613382829755, 51.80375009860499, 0.15835943176350317]
[610.0189880046393, 51.37402197665597, -0.05025301337017152]
[600.8208405470866, 51.836646101045794, -0.05025301337017243]
[591.6226930895341, 52.29927022543561, -0.05025301337017243]
[582.4245456319816, 52.76189434982544, -0.05025301337017243]
[573.2263981744289, 53.224518474215266, -0.05025301337017243]
[564.0282507168764, 53.687142598605085, -0.05025301337017243]
[554.8301032593238, 54.14976672299491, -0.05025301337017243]
[545.6319558017713, 54.61239084738474, -0.05025301337017243]
[536.4338083442186, 55.07501497177456, -0.05025301337017243]
[527.2356608866661, 55.53763909616438, -0.05025301337017243]
[518.0375134291135, 56.00026322055421, -0.05025301337017243]
[508.83936597156094, 56.46288734494403, -0.05025301337017243]
[499.64121851400836, 56.925511469333856, -0.05025301337017243]
[490.4430710564558, 57.38813559372368, -0.05025301337017243]
[481.2449235989032, 57.8507597181135, -0.05025301337017243]
[472.0467761413506, 58.31338384250333, -0.05025301337017243]
[462.84862868379804, 58.776007966893154, -0.05025301337017243]
[453.65048122624546, 59.23863209128297, -0.05025301337017243]
[444.4523337686929, 59.7012562156728, -0.05025301337017243]
[442.5532650670748, 59.74947193905751, -0.0005143625130650253]
[431.6623370961053, 59.7550738246323, -0.0005143625130657476]
[420.77140912513585, 59.760675710207096, -0.0005143625130657476]
[409.8804811541663, 59.76627759578189, -0.0005143625130657476]
[398.98955318319685, 59.771879481356684, -0.0005143625130657476]
[388.0986252122274, 59.777481366931475, -0.0005143625130657476]
[377.20769724125785, 59.78308325250627, -0.0005143625130657476]
[366.3167692702884, 59.788685138081064, -0.0005143625130657476]
[355.4258412993189, 59.79428702365586, -0.0005143625130657476]
[344.5349133283494, 59.79988890923065, -0.0005143625130657476]
[333.6439853573799, 59.80549079480544, -0.0005143625130657476]
[322.75305738641043, 59.81109268038024, -0.0005143625130657476]
[311.8621294154409, 59.81669456595503, -0.0005143625130657476]
[300.97120144447143, 59.82229645152983, -0.0005143625130657476]
[290.08027347350196, 59.82789833710462, -0.0005143625130657476]
[279.18934550253243, 59.83350022267942, -0.0005143625130657476]
[268.29841753156296, 59.83910210825421, -0.0005143625130657476]
[257.4074895605935, 59.84470399382901, -0.0005143625130657476]
[246.516561589624, 59.8503058794038, -0.0005143625130657476]
[243.8880563911513, 59.76111462373499, 0.06835295586613244]
[236.4523091073318, 59.25206629135738, 0.06835295586613252]
[229.01656182351223, 58.74301795897978, 0.06835295586613252]
[221.5808145396927, 58.233969626602175, 0.06835295586613252]
[214.1450672558732, 57.72492129422457, 0.06835295586613252]
[206.70931997205363, 57.21587296184696, 0.06835295586613252]
[199.27357268823408, 56.70682462946936, 0.06835295586613252]
[191.83782540441456, 56.19777629709176, 0.06835295586613252]
[184.40207812059504, 55.68872796471415, 0.06835295586613252]
[176.96633083677548, 55.179679632336544, 0.06835295586613252]
[169.53058355295593, 54.67063129995894, 0.06835295586613252]
[162.0948362691364, 54.16158296758134, 0.06835295586613252]
[154.65908898531686, 53.65253463520373, 0.06835295586613252]
[147.22334170149733, 53.143486302826126, 0.06835295586613252]
[139.78759441767778, 52.63443797044852, 0.06835295586613252]
[132.35184713385826, 52.125389638070914, 0.06835295586613252]
[124.9160998500387, 51.61634130569331, 0.06835295586613252]
[117.48035256621917, 51.10729297331571, 0.06835295586613252]
[110.04460528239963, 50.5982446409381, 0.06835295586613252]
[102.60885799858009, 50.089196308560496, 0.06835295586613252]
>>>> 
>>>> inputs
[40.0, 0.0, 0.22029787908752416]
[40.0, 0.0, 0.22029787908752416]
[40.0, 0.0, 0.22029787908752416]
[40.0, 0.0, 0.22029787908752416]
[40.0, 0.0, 0.22029787908752416]
[40.0, 0.0, 0.22029787908752416]
[40.0, 0.0, 0.22029787908752416]
[40.0, 0.0, 0.22029787908752416]
[40.0, 0.0, 0.22029787908752416]
[40.0, 0.0, 0.22029787908752416]
[40.0, 0.0, 0.22029787908752416]
[40.0, 0.0, 0.22029787908752416]
[40.0, 0.0, 0.22029787908752416]
[40.0, 0.0, 0.22029787908752416]
[40.0, 0.0, 0.22029787908752416]
[40.0, 0.0, 0.22029787908752416]
[40.0, 0.8669840139434847, 0.22029787908752416]
[40.0, 0.8669840139434847, 0.22029787908752416]
[40.0, 0.8669840139434847, 0.22029787908752416]
[40.0, 0.0, 0.22029787908752416]
[40.0, 0.0, 0.22841835557653561]
[40.0, 0.0, 0.22841835557653561]
[40.0, 0.0, 0.22841835557653561]
[40.0, 0.0, 0.22841835557653561]
[40.0, 0.0, 0.22841835557653561]
[40.0, 0.0, 0.22841835557653561]
[40.0, 0.0, 0.22841835557653561]
[40.0, 0.0, 0.22841835557653561]
[40.0, 0.0, 0.22841835557653561]
[40.0, 0.0, 0.22841835557653561]
[40.0, 0.0, 0.22841835557653561]
[40.0, 0.0, 0.22841835557653561]
[40.0, 0.0, 0.22841835557653561]
[40.0, 0.0, 0.22841835557653561]
[40.0, 0.0, 0.22841835557653561]
[40.0, 0.0, 0.22841835557653561]
[40.0, 0.8669840139434847, 0.22841835557653561]
[40.0, 0.8669840139434847, 0.22841835557653561]
[40.0, 0.0, 0.22841835557653561]
[40.0, 0.0, 0.22841835557653561]
[40.0, 0.0, 0.21146147229056114]
[40.0, 0.0, 0.21146147229056114]
[40.0, 0.0, 0.21146147229056114]
[40.0, 0.0, 0.21146147229056114]
[40.0, 0.0, 0.21146147229056114]
[40.0, 0.0, 0.21146147229056114]
[40.0, 0.0, 0.21146147229056114]
[40.0, 0.0, 0.21146147229056114]
[40.0, 0.0, 0.21146147229056114]
[40.0, 0.0, 0.21146147229056114]
[40.0, 0.0, 0.21146147229056114]
[40.0, 0.0, 0.21146147229056114]
[40.0, 0.0, 0.21146147229056114]
[40.0, 0.0, 0.21146147229056114]
[40.0, 0.0, 0.21146147229056114]
[40.0, 0.0, 0.21146147229056114]
[40.0, 0.0, 0.21146147229056114]
[40.0, 0.0, 0.21146147229056114]
[40.0, 0.0, 0.21146147229056114]
[40.0, 0.0, 0.21146147229056114]
[40.0, 0.0, 0.2750619202597088]
[40.0, 0.0, 0.2750619202597088]
[40.0, 0.0, 0.2750619202597088]
[40.0, 0.0, 0.2750619202597088]
[40.0, 0.0, 0.2750619202597088]
[40.0, 0.0, 0.2750619202597088]
[40.0, 0.0, 0.2750619202597088]
[40.0, 0.0, 0.2750619202597088]
[40.0, 0.0, 0.2750619202597088]
[40.0, 0.0, 0.2750619202597088]
[40.0, 0.0, 0.2750619202597088]
[40.0, 0.0, 0.2750619202597088]
[40.0, 0.0, 0.2750619202597088]
[40.0, 0.0, 0.2750619202597088]
[40.0, 0.0, 0.2750619202597088]
[40.0, 0.0, 0.2750619202597088]
[40.0, 0.0, 0.2750619202597088]
[40.0, 0.0, 0.2750619202597088]
[40.0, 0.0, 0.2750619202597088]
[40.0, 0.0, 0.2750619202597088]
[40.0, 0.0, 0.12420870070892162]
[40.0, 0.0, 0.12420870070892162]
[40.0, 0.0, 0.12420870070892162]
[40.0, 0.0, 0.12420870070892162]
[40.0, 0.0, 0.12420870070892162]
[40.0, 0.0, 0.12420870070892162]
[40.0, 0.0, 0.12420870070892162]
[40.0, 0.0, 0.12420870070892162]
[40.0, 0.0, 0.12420870070892162]
[40.0, 0.0, 0.12420870070892162]
[40.0, 0.0, 0.12420870070892162]
[40.0, 0.0, 0.12420870070892162]
[40.0, 0.0, 0.12420870070892162]
[40.0, 0.0, 0.12420870070892162]
[40.0, 0.8669840139434847, 0.12420870070892162]
[40.0, 0.0, 0.12420870070892162]
[40.0, 0.0, 0.12420870070892162]
[40.0, 0.0, 0.12420870070892162]
[40.0, 0.0, 0.12420870070892162]
[40.0, 0.0, 0.12420870070892162]
[40.0, 0.0, 0.20959476137723893]
[40.0, 0.0, 0.20959476137723893]
[40.0, 0.0, 0.20959476137723893]
[40.0, 0.0, 0.20959476137723893]
[40.0, 0.0, 0.20959476137723893]
[40.0, 0.0, 0.20959476137723893]
[40.0, 0.0, 0.20959476137723893]
[40.0, 0.0, 0.20959476137723893]
[40.0, 0.0, 0.20959476137723893]
[40.0, 0.0, 0.20959476137723893]
[40.0, 0.0, 0.20959476137723893]
[40.0, 0.0, 0.20959476137723893]
[40.0, 0.0, 0.20959476137723893]
[40.0, -0.8669840139434847, 0.20959476137723893]
[40.0, 0.0, 0.20959476137723893]
[40.0, 0.0, 0.20959476137723893]
[40.0, 0.0, 0.20959476137723893]
[40.0, 0.0, 0.20959476137723893]
[40.0, 0.0, 0.20959476137723893]
[40.0, 0.0, 0.20959476137723893]
[40.0, 0.0, 0.24833408400382337]
[40.0, 0.0, 0.24833408400382337]
[40.0, 0.0, 0.24833408400382337]
[40.0, 0.0, 0.24833408400382337]
[40.0, 0.0, 0.24833408400382337]
[40.0, 0.0, 0.24833408400382337]
[40.0, 0.0, 0.24833408400382337]
[40.0, 0.0, 0.24833408400382337]
[40.0, 0.0, 0.24833408400382337]
[40.0, 0.0, 0.24833408400382337]
[40.0, 0.0, 0.24833408400382337]
[40.0, 0.0, 0.24833408400382337]
[40.0, -0.8669840139434847, 0.24833408400382337]
[40.0, 0.0, 0.24833408400382337]
[40.0, 0.0, 0.24833408400382337]
[40.0, 0.0, 0.24833408400382337]
[40.0, 0.0, 0.24833408400382337]
[40.0, 0.0, 0.24833408400382337]
[40.0, 0.0, 0.24833408400382337]
[40.0, 0.0, 0.24833408400382337]
[40.0, 0.0, 0.18027596230785725]
[40.0, 0.0, 0.18027596230785725]
[40.0, 0.0, 0.18027596230785725]
[40.0, 0.0, 0.18027596230785725]
[40.0, 0.0, 0.18027596230785725]
[40.0, 0.0, 0.18027596230785725]
[40.0, 0.0, 0.18027596230785725]
[40.0, 0.0, 0.18027596230785725]
[40.0, 0.0, 0.18027596230785725]
[40.0, 0.0, 0.18027596230785725]
[40.0, 0.0, 0.18027596230785725]
[40.0, 0.0, 0.18027596230785725]
>>>> 
----------------------------
Path number   : 1
Path length   : 1093.5579202387466
Time required : 102.58624601364136 s
>>>> Nodes
[1077.3034720656606, 504.0230672892813, 0.3936577217256083]
[1075.2568633215178, 503.17303469643264, 0.3936577217256083]
[1073.2102545773753, 502.3230021035839, 0.3936577217256083]
[1071.1636458332325, 501.47296951073525, 0.3936577217256083]
[1069.1170370890898, 500.62293691788653, 0.3936577217256083]
[1067.0704283449472, 499.77290432503787, 0.3936577217256083]
[1065.0238196008045, 498.92287173218915, 0.3936577217256083]
[1062.9772108566617, 498.0728391393405, 0.3936577217256083]
[1060.9306021125192, 497.2228065464918, 0.3936577217256083]
[1058.8839933683764, 496.3727739536431, 0.3936577217256083]
[1056.8373846242337, 495.52274136079444, 0.3936577217256083]
[1054.790775880091, 494.6727087679457, 0.3936577217256083]
[1052.7441671359484, 493.82267617509706, 0.3936577217256083]
[1050.6975583918056, 492.9726435822484, 0.3936577217256083]
[1048.6509496476629, 492.1226109893997, 0.3936577217256083]
[1046.6043409035203, 491.272578396551, 0.3936577217256083]
[1044.5577321593776, 490.4225458037023, 0.3936577217256083]
[1042.5111234152348, 489.57251321085363, 0.3936577217256083]
[1040.4645146710923, 488.7224806180049, 0.3936577217256083]
[1038.4179059269495, 487.87244802515625, 0.3936577217256083]
[1027.3704254575491, 483.6303441894926, 0.3653327533507241]
[1017.3278677646348, 479.7890312446213, 0.3653327533507241]
[1007.2853100717205, 475.94771829974997, 0.3653327533507241]
[997.2427523788062, 472.10640535487863, 0.3653327533507241]
[987.200194685892, 468.26509241000736, 0.3653327533507241]
[977.1576369929777, 464.423779465136, 0.3653327533507241]
[967.1150793000635, 460.5824665202647, 0.3653327533507241]
[957.0725216071492, 456.7411535753934, 0.3653327533507241]
[947.0299639142349, 452.8998406305221, 0.3653327533507241]
[936.9874062213207, 449.05852768565074, 0.3653327533507241]
[926.9448485284064, 445.21721474077947, 0.3653327533507241]
[916.9022908354922, 441.37590179590813, 0.3653327533507241]
[906.8597331425779, 437.5345888510368, 0.3653327533507241]
[896.8171754496636, 433.6932759061655, 0.3653327533507241]
[886.7746177567493, 429.8519629612942, 0.3653327533507241]
[876.7320600638351, 426.01065001642286, 0.3653327533507241]
[866.6895023709208, 422.1693370715516, 0.3653327533507241]
[856.6469446780065, 418.32802412668025, 0.3653327533507241]
[852.2604204840571, 416.3242219295635, 0.4916703576438062]
[850.0591133013278, 415.1453434759714, 0.4916703576438053]
[847.8578061185985, 413.9664650223792, 0.4916703576438053]
[845.6564989358692, 412.78758656878705, 0.4916703576438053]
[843.45519175314, 411.60870811519493, 0.4916703576438053]
[841.2538845704106, 410.42982966160275, 0.4916703576438053]
[839.0525773876813, 409.2509512080106, 0.4916703576438053]
[836.851270204952, 408.0720727544184, 0.4916703576438053]
[834.6499630222227, 406.8931943008262, 0.4916703576438053]
[832.4486558394933, 405.71431584723405, 0.4916703576438053]
[830.2473486567641, 404.5354373936419, 0.4916703576438053]
[828.0460414740347, 403.35655894004975, 0.4916703576438053]
[825.8447342913055, 402.1776804864576, 0.4916703576438053]
[823.6434271085761, 400.9988020328654, 0.4916703576438053]
[823.6434271085761, 400.9988020328654, 0.4916703576438035]
[821.4354778249956, 399.7196826275985, 0.5584862052536872]
[819.3178571156535, 398.29600112418586, 0.6253020528635709]
[817.3000152798505, 396.73411098160955, 0.6921179004734546]
[815.3909573340213, 395.0409824421122, 0.7589337480833382]
[813.599202825076, 393.224171425119, 0.8257495956932219]
[807.2144106669032, 386.30213818572463, 0.8257495956932224]
[800.8296185087304, 379.3801049463302, 0.8257495956932224]
[794.4448263505576, 372.45807170693587, 0.8257495956932224]
[788.0600341923848, 365.5360384675415, 0.8257495956932224]
[781.675242034212, 358.6140052281471, 0.8257495956932224]
[775.2904498760392, 351.69197198875275, 0.8257495956932224]
[768.9056577178665, 344.7699387493584, 0.8257495956932224]
[762.5208655596937, 337.84790550996405, 0.8257495956932224]
[756.1360734015209, 330.92587227056964, 0.8257495956932224]
[749.7512812433481, 324.0038390311753, 0.8257495956932224]
[743.3664890851753, 317.08180579178094, 0.8257495956932224]
[736.9816969270025, 310.1597725523866, 0.8257495956932224]
[730.5969047688297, 303.2377393129922, 0.8257495956932224]
[724.212112610657, 296.3157060735978, 0.8257495956932224]
[717.8273204524842, 289.39367283420347, 0.8257495956932224]
[711.4425282943114, 282.47163959480906, 0.8257495956932224]
[705.0577361361386, 275.5496063554147, 0.8257495956932224]
[705.0577361361386, 275.5496063554147, 0.8257495956932217]
[689.7888725182709, 265.46177777639446, 0.34194307499089893]
[682.0727085806759, 262.71540524402485, 0.3419430749908993]
[674.3565446430811, 259.9690327116552, 0.3419430749908993]
[666.6403807054862, 257.2226601792856, 0.3419430749908993]
[658.9242167678913, 254.47628764691592, 0.3419430749908993]
[651.2080528302964, 251.72991511454632, 0.3419430749908993]
[643.4918888927015, 248.98354258217668, 0.3419430749908993]
[635.7757249551066, 246.23717004980705, 0.3419430749908993]
[628.0595610175117, 243.49079751743741, 0.3419430749908993]
[620.3433970799168, 240.74442498506778, 0.3419430749908993]
[612.627233142322, 237.99805245269815, 0.3419430749908993]
[604.911069204727, 235.2516799203285, 0.3419430749908993]
[597.1949052671322, 232.50530738795888, 0.3419430749908993]
[589.4787413295372, 229.75893485558925, 0.3419430749908993]
[581.7625773919424, 227.01256232321964, 0.3419430749908993]
[574.0464134543474, 224.26618979085, 0.3419430749908993]
[566.3302495167526, 221.51981725848037, 0.3419430749908993]
[558.6140855791576, 218.77344472611074, 0.3419430749908993]
[550.8979216415628, 216.0270721937411, 0.3419430749908993]
[550.5073044179512, 215.8856439708224, 0.35281911326897397]
[535.4680186872332, 210.34777978374294, 0.352819113268974]
[520.4287329565152, 204.80991559666347, 0.352819113268974]
[505.38944722579714, 199.272051409584, 0.352819113268974]
[490.35016149507913, 193.73418722250454, 0.352819113268974]
[475.31087576436107, 188.19632303542505, 0.352819113268974]
[460.27159003364306, 182.65845884834562, 0.352819113268974]
[445.23230430292506, 177.12059466126613, 0.352819113268974]
[430.19301857220705, 171.5827304741867, 0.352819113268974]
[415.153732841489, 166.0448662871072, 0.352819113268974]
[400.114447110771, 160.50700210002773, 0.352819113268974]
[385.0751613800529, 154.96913791294827, 0.352819113268974]
[370.0358756493349, 149.4312737258688, 0.352819113268974]
[354.9965899186169, 143.89340953878934, 0.352819113268974]
[339.95730418789884, 138.35554535170988, 0.352819113268974]
[324.91801845718084, 132.81768116463041, 0.352819113268974]
[309.87873272646283, 127.27981697755094, 0.352819113268974]
[294.83944699574477, 121.74195279047147, 0.352819113268974]
[279.80016126502676, 116.20408860339201, 0.352819113268974]
[279.3278677072762, 116.02662675398695, 0.3660278618032706]
[270.12471542023366, 112.49905416518726, 0.36602786180327035]
[260.92156313319117, 108.97148157638759, 0.36602786180327035]
[251.71841084614866, 105.44390898758789, 0.36602786180327035]
[242.51525855910614, 101.91633639878822, 0.36602786180327035]
[233.3121062720636, 98.38876380998853, 0.36602786180327035]
[224.10895398502112, 94.86119122118885, 0.36602786180327035]
[214.90580169797857, 91.33361863238918, 0.36602786180327035]
[205.70264941093606, 87.80604604358949, 0.36602786180327035]
[196.49949712389355, 84.2784734547898, 0.36602786180327035]
[187.29634483685103, 80.75090086599012, 0.36602786180327035]
[178.09319254980852, 77.22332827719043, 0.36602786180327035]
[168.890040262766, 73.69575568839076, 0.36602786180327035]
[159.6868879757235, 70.16818309959108, 0.36602786180327035]
[150.48373568868095, 66.64061051079139, 0.36602786180327035]
[141.28058340163844, 63.11303792199171, 0.36602786180327035]
[132.07743111459592, 59.585465333192026, 0.36602786180327035]
[122.87427882755341, 56.05789274439235, 0.36602786180327035]
[113.6711265405109, 52.53032015559266, 0.36602786180327035]
[100.0, 50.00000000000001, 0.0]
>>>> 
>>>> inputs
[40.0, 0.0, 0.053985133154029294]
[40.0, 0.0, 0.053985133154029294]
[40.0, 0.0, 0.053985133154029294]
[40.0, 0.0, 0.053985133154029294]
[40.0, 0.0, 0.053985133154029294]
[40.0, 0.0, 0.053985133154029294]
[40.0, 0.0, 0.053985133154029294]
[40.0, 0.0, 0.053985133154029294]
[40.0, 0.0, 0.053985133154029294]
[40.0, 0.0, 0.053985133154029294]
[40.0, 0.0, 0.053985133154029294]
[40.0, 0.0, 0.053985133154029294]
[40.0, 0.0, 0.053985133154029294]
[40.0, 0.0, 0.053985133154029294]
[40.0, 0.0, 0.053985133154029294]
[40.0, 0.0, 0.053985133154029294]
[40.0, 0.0, 0.053985133154029294]
[40.0, 0.0, 0.053985133154029294]
[40.0, 0.0, 0.053985133154029294]
[40.0, 0.0, 0.053985133154029294]
[40.0, 0.0, 0.24795546812043315]
[40.0, 0.0, 0.24795546812043315]
[40.0, 0.0, 0.24795546812043315]
[40.0, 0.0, 0.24795546812043315]
[40.0, 0.0, 0.24795546812043315]
[40.0, 0.0, 0.24795546812043315]
[40.0, 0.0, 0.24795546812043315]
[40.0, 0.0, 0.24795546812043315]
[40.0, 0.0, 0.24795546812043315]
[40.0, 0.0, 0.24795546812043315]
[40.0, 0.0, 0.24795546812043315]
[40.0, 0.0, 0.24795546812043315]
[40.0, 0.0, 0.24795546812043315]
[40.0, 0.0, 0.24795546812043315]
[40.0, 0.0, 0.24795546812043315]
[40.0, 0.0, 0.24795546812043315]
[40.0, 0.0, 0.24795546812043315]
[40.0, -0.8669840139434847, 0.24795546812043315]
[40.0, 0.0, 0.24795546812043315]
[40.0, 0.0, 0.24795546812043315]
[40.0, 0.0, 0.056528981394389756]
[40.0, 0.0, 0.056528981394389756]
[40.0, 0.0, 0.056528981394389756]
[40.0, 0.0, 0.056528981394389756]
[40.0, 0.0, 0.056528981394389756]
[40.0, 0.0, 0.056528981394389756]
[40.0, 0.0, 0.056528981394389756]
[40.0, 0.0, 0.056528981394389756]
[40.0, 0.0, 0.056528981394389756]
[40.0, 0.0, 0.056528981394389756]
[40.0, 0.0, 0.056528981394389756]
[40.0, -0.8669840139434847, 0.056528981394389756]
[40.0, -0.8669840139434847, 0.056528981394389756]
[40.0, -0.8669840139434847, 0.056528981394389756]
[40.0, -0.8669840139434847, 0.056528981394389756]
[40.0, -0.8669840139434847, 0.056528981394389756]
[40.0, -0.8669840139434847, 0.056528981394389756]
[40.0, 0.0, 0.056528981394389756]
[40.0, 0.0, 0.056528981394389756]
[40.0, 0.0, 0.056528981394389756]
[40.0, 0.0, 0.22321156485114005]
[40.0, 0.0, 0.22321156485114005]
[40.0, 0.0, 0.22321156485114005]
[40.0, 0.0, 0.22321156485114005]
[40.0, 0.0, 0.22321156485114005]
[40.0, 0.0, 0.22321156485114005]
[40.0, 0.0, 0.22321156485114005]
[40.0, 0.0, 0.22321156485114005]
[40.0, 0.0, 0.22321156485114005]
[40.0, 0.0, 0.22321156485114005]
[40.0, 0.0, 0.22321156485114005]
[40.0, 0.0, 0.22321156485114005]
[40.0, 0.0, 0.22321156485114005]
[40.0, 0.0, 0.22321156485114005]
[40.0, 0.8669840139434847, 0.22321156485114005]
[40.0, 0.8669840139434847, 0.22321156485114005]
[40.0, 0.0, 0.22321156485114005]
[40.0, 0.0, 0.22321156485114005]
[40.0, 0.0, 0.22321156485114005]
[40.0, 0.0, 0.22321156485114005]
[40.0, 0.0, 0.18480205065220673]
[40.0, 0.0, 0.18480205065220673]
[40.0, 0.0, 0.18480205065220673]
[40.0, 0.0, 0.18480205065220673]
[40.0, 0.0, 0.18480205065220673]
[40.0, 0.0, 0.18480205065220673]
[40.0, 0.0, 0.18480205065220673]
[40.0, 0.0, 0.18480205065220673]
[40.0, 0.0, 0.18480205065220673]
[40.0, 0.0, 0.18480205065220673]
[40.0, 0.0, 0.18480205065220673]
[40.0, 0.0, 0.18480205065220673]
[40.0, 0.0, 0.18480205065220673]
[40.0, 0.0, 0.18480205065220673]
[40.0, -0.8669840139434847, 0.18480205065220673]
[40.0, 0.0, 0.18480205065220673]
[40.0, 0.0, 0.18480205065220673]
[40.0, 0.0, 0.18480205065220673]
[40.0, 0.0, 0.18480205065220673]
[40.0, 0.0, 0.18480205065220673]
[40.0, 0.0, 0.3612264669723431]
[40.0, 0.0, 0.3612264669723431]
[40.0, 0.0, 0.3612264669723431]
[40.0, 0.0, 0.3612264669723431]
[40.0, 0.0, 0.3612264669723431]
[40.0, 0.0, 0.3612264669723431]
[40.0, 0.0, 0.3612264669723431]
[40.0, 0.0, 0.3612264669723431]
[40.0, 0.0, 0.3612264669723431]
[40.0, 0.0, 0.3612264669723431]
[40.0, 0.0, 0.3612264669723431]
[40.0, 0.0, 0.3612264669723431]
[40.0, 0.0, 0.3612264669723431]
[40.0, -0.8669840139434847, 0.3612264669723431]
[40.0, 0.0, 0.3612264669723431]
[40.0, 0.0, 0.3612264669723431]
[40.0, 0.0, 0.3612264669723431]
[40.0, 0.0, 0.3612264669723431]
[40.0, 0.0, 0.3612264669723431]
[40.0, 0.0, 0.3612264669723431]
[40.0, 0.0, 0.23923773515389118]
[40.0, 0.0, 0.23923773515389118]
[40.0, 0.0, 0.23923773515389118]
[40.0, 0.0, 0.23923773515389118]
[40.0, 0.0, 0.23923773515389118]
[40.0, 0.0, 0.23923773515389118]
[40.0, 0.0, 0.23923773515389118]
[40.0, 0.0, 0.23923773515389118]
[40.0, 0.0, 0.23923773515389118]
[40.0, 0.0, 0.23923773515389118]
[40.0, 0.0, 0.23923773515389118]
[40.0, 0.0, 0.23923773515389118]
[40.0, 0.8669840139434847, 0.23923773515389118]
>>>> 
