----------------------------
RRT search Summary          
----------------------------
Map Name               : ./packages/maps/MAP7.txt
Total paths found      : 3
Total number of nodes  : 1878
Total elapsed time     : 237.68879508972168 s
Solver                 : RRTstar 
----------------------------
Path number   : 0
Path length   : 1117.4157646602694
Time required : 74.9437780380249 s
>>>> Nodes
[1088.7218130082638, 521.8264412755886, 0.40798781042447085]
[1083.1793520763551, 519.4307624700592, 0.40798781042447085]
[1077.6368911444463, 517.0350836645297, 0.40798781042447085]
[1072.0944302125376, 514.6394048590003, 0.40798781042447085]
[1066.5519692806288, 512.2437260534708, 0.40798781042447085]
[1061.0095083487201, 509.84804724794134, 0.40798781042447085]
[1055.4670474168115, 507.45236844241185, 0.40798781042447085]
[1049.9245864849026, 505.05668963688237, 0.40798781042447085]
[1044.382125552994, 502.66101083135294, 0.40798781042447085]
[1038.8396646210854, 500.26533202582345, 0.40798781042447085]
[1033.2972036891765, 497.86965322029397, 0.40798781042447085]
[1027.7547427572679, 495.47397441476454, 0.40798781042447085]
[1022.2122818253591, 493.07829560923506, 0.40798781042447085]
[1016.6698208934505, 490.68261680370557, 0.40798781042447085]
[1011.1273599615417, 488.28693799817614, 0.40798781042447085]
[1005.584899029633, 485.89125919264666, 0.40798781042447085]
[1000.0424380977242, 483.4955803871172, 0.40798781042447085]
[994.4999771658156, 481.09990158158774, 0.40798781042447085]
[988.9575162339069, 478.70422277605826, 0.40798781042447085]
[988.2924209012853, 478.4091918978887, 0.4270365006266357]
[979.7681943015035, 474.53033584277296, 0.4270365006266358]
[971.2439677017219, 470.65147978765725, 0.4270365006266358]
[962.7197411019401, 466.7726237325415, 0.4270365006266358]
[954.1955145021584, 462.8937676774258, 0.4270365006266358]
[945.6712879023767, 459.01491162231, 0.4270365006266358]
[937.147061302595, 455.13605556719426, 0.4270365006266358]
[928.6228347028133, 451.25719951207856, 0.4270365006266358]
[920.0986081030317, 447.3783434569628, 0.4270365006266358]
[911.5743815032499, 443.49948740184703, 0.4270365006266358]
[903.0501549034682, 439.62063134673133, 0.4270365006266358]
[894.5259283036864, 435.74177529161557, 0.4270365006266358]
[886.0017017039048, 431.8629192364998, 0.4270365006266358]
[877.4774751041231, 427.9840631813841, 0.4270365006266358]
[868.9532485043413, 424.10520712626834, 0.4270365006266358]
[860.4290219045597, 420.22635107115264, 0.4270365006266358]
[851.904795304778, 416.3474950160369, 0.4270365006266358]
[851.904795304778, 416.3474950160369, 0.4270365006266357]
[841.7523125726377, 409.58834638324316, 0.7477171273528853]
[834.2479608470701, 399.9735816411618, 1.0683977540791347]
[831.7336053994213, 395.39720861147794, 1.068397754079135]
[829.2192499517727, 390.82083558179414, 1.068397754079135]
[826.704894504124, 386.24446255211035, 1.068397754079135]
[824.1905390564752, 381.66808952242656, 1.068397754079135]
[821.6761836088266, 377.0917164927427, 1.068397754079135]
[819.1618281611778, 372.5153434630589, 1.068397754079135]
[816.6474727135292, 367.9389704333751, 1.068397754079135]
[814.1331172658804, 363.36259740369127, 1.068397754079135]
[811.6187618182317, 358.7862243740075, 1.068397754079135]
[809.104406370583, 354.2098513443237, 1.068397754079135]
[806.5900509229343, 349.63347831463983, 1.068397754079135]
[804.0756954752856, 345.05710528495604, 1.068397754079135]
[801.5613400276369, 340.48073225527224, 1.068397754079135]
[799.0469845799881, 335.9043592255884, 1.068397754079135]
[796.5326291323395, 331.3279861959046, 1.068397754079135]
[796.5326291323395, 331.3279861959046, 1.0683977540791347]
[792.2443598640772, 325.08299375366437, 0.8697434391589638]
[786.8079767583614, 319.80711253356026, 0.6710891242387931]
[780.4373141089243, 315.7078636599461, 0.47243480931862236]
[773.8062531347499, 312.31917428257736, 0.4724348093186235]
[767.1751921605754, 308.93048490520863, 0.4724348093186235]
[760.544131186401, 305.54179552783984, 0.4724348093186235]
[753.9130702122266, 302.1531061504711, 0.4724348093186235]
[747.2820092380522, 298.76441677310237, 0.4724348093186235]
[740.6509482638777, 295.37572739573363, 0.4724348093186235]
[734.0198872897033, 291.98703801836484, 0.4724348093186235]
[727.3888263155288, 288.5983486409961, 0.4724348093186235]
[720.7577653413545, 285.2096592636274, 0.4724348093186235]
[714.12670436718, 281.82096988625864, 0.4724348093186235]
[707.4956433930056, 278.4322805088899, 0.4724348093186235]
[700.8645824188311, 275.0435911315211, 0.4724348093186235]
[694.2335214446567, 271.6549017541524, 0.4724348093186235]
[687.6024604704822, 268.26621237678364, 0.4724348093186235]
[680.9713994963079, 264.8775229994149, 0.4724348093186235]
[674.3403385221334, 261.4888336220462, 0.4724348093186235]
[667.709277547959, 258.1001442446774, 0.4724348093186235]
[661.0782165737845, 254.71145486730865, 0.4724348093186235]
[654.4471555996101, 251.3227654899399, 0.4724348093186235]
[644.2000664940014, 247.14909534198898, 0.3679625216954638]
[637.5947221014246, 244.60259625280204, 0.3679625216954638]
[630.9893777088479, 242.0560971636151, 0.3679625216954638]
[624.3840333162711, 239.5095980744282, 0.3679625216954638]
[617.7786889236944, 236.96309898524126, 0.3679625216954638]
[611.1733445311177, 234.41659989605432, 0.3679625216954638]
[604.5680001385409, 231.87010080686738, 0.3679625216954638]
[597.9626557459642, 229.32360171768045, 0.3679625216954638]
[591.3573113533873, 226.77710262849354, 0.3679625216954638]
[584.7519669608107, 224.2306035393066, 0.3679625216954638]
[578.1466225682339, 221.68410445011966, 0.3679625216954638]
[571.5412781756571, 219.13760536093272, 0.3679625216954638]
[564.9359337830804, 216.5911062717458, 0.3679625216954638]
[558.3305893905036, 214.04460718255885, 0.3679625216954638]
[551.7252449979269, 211.4981080933719, 0.3679625216954638]
[545.1199006053502, 208.951609004185, 0.3679625216954638]
[538.5145562127734, 206.40510991499806, 0.3679625216954638]
[531.9092118201967, 203.85861082581113, 0.3679625216954638]
[525.3038674276199, 201.3121117366242, 0.3679625216954638]
[514.2444292013674, 198.24869255793982, 0.2451469349814866]
[507.6546812083116, 196.60007733666322, 0.2451469349814866]
[501.0649332152558, 194.95146211538665, 0.2451469349814866]
[494.4751852221999, 193.30284689411008, 0.2451469349814866]
[487.8854372291441, 191.6542316728335, 0.2451469349814866]
[481.2956892360882, 190.0056164515569, 0.2451469349814866]
[474.7059412430324, 188.35700123028033, 0.2451469349814866]
[468.1161932499765, 186.70838600900376, 0.2451469349814866]
[461.5264452569207, 185.0597707877272, 0.2451469349814866]
[454.93669726386486, 183.4111555664506, 0.2451469349814866]
[448.346949270809, 181.76254034517402, 0.2451469349814866]
[441.75720127775315, 180.11392512389745, 0.2451469349814866]
[435.1674532846973, 178.46530990262085, 0.2451469349814866]
[428.57770529164145, 176.81669468134427, 0.2451469349814866]
[421.98795729858557, 175.1680794600677, 0.2451469349814866]
[415.39820930552975, 173.51946423879113, 0.2451469349814866]
[408.80846131247387, 171.87084901751453, 0.2451469349814866]
[402.21871331941804, 170.22223379623796, 0.2451469349814866]
[397.01760586480077, 168.516762717477, 0.3885679870752612]
[382.14675931346886, 162.42890694232244, 0.3885679870752609]
[367.27591276213695, 156.34105116716785, 0.3885679870752609]
[352.4050662108051, 150.25319539201328, 0.3885679870752609]
[337.53421965947314, 144.16533961685872, 0.3885679870752609]
[322.6633731081413, 138.07748384170412, 0.3885679870752609]
[307.7925265568094, 131.98962806654956, 0.3885679870752609]
[292.92168000547747, 125.90177229139499, 0.3885679870752609]
[278.0508334541456, 119.81391651624041, 0.3885679870752609]
[263.17998690281365, 113.72606074108583, 0.3885679870752609]
[248.30914035148177, 107.63820496593127, 0.3885679870752609]
[233.4382938001499, 101.55034919077669, 0.3885679870752609]
[218.56744724881798, 95.4624934156221, 0.3885679870752609]
[203.69660069748608, 89.37463764046754, 0.3885679870752609]
[188.82575414615417, 83.28678186531296, 0.3885679870752609]
[173.9549075948223, 77.19892609015838, 0.3885679870752609]
[159.08406104349038, 71.11107031500381, 0.3885679870752609]
[144.21321449215847, 65.02321453984923, 0.3885679870752609]
[129.3423679408266, 58.93535876469466, 0.3885679870752609]
[114.47152138949468, 52.84750298954009, 0.3885679870752609]
>>>> 
>>>> inputs
[40.0, 0.0, 0.13676582359961525]
[40.0, 0.0, 0.13676582359961525]
[40.0, 0.0, 0.13676582359961525]
[40.0, 0.0, 0.13676582359961525]
[40.0, 0.0, 0.13676582359961525]
[40.0, 0.0, 0.13676582359961525]
[40.0, 0.0, 0.13676582359961525]
[40.0, 0.0, 0.13676582359961525]
[40.0, 0.0, 0.13676582359961525]
[40.0, 0.0, 0.13676582359961525]
[40.0, 0.0, 0.13676582359961525]
[40.0, 0.0, 0.13676582359961525]
[40.0, 0.0, 0.13676582359961525]
[40.0, 0.0, 0.13676582359961525]
[40.0, 0.0, 0.13676582359961525]
[40.0, 0.0, 0.13676582359961525]
[40.0, 0.0, 0.13676582359961525]
[40.0, 0.0, 0.13676582359961525]
[40.0, -0.8669840139434847, 0.13676582359961525]
[40.0, 0.0, 0.13676582359961525]
[40.0, 0.0, 0.21792780378251048]
[40.0, 0.0, 0.21792780378251048]
[40.0, 0.0, 0.21792780378251048]
[40.0, 0.0, 0.21792780378251048]
[40.0, 0.0, 0.21792780378251048]
[40.0, 0.0, 0.21792780378251048]
[40.0, 0.0, 0.21792780378251048]
[40.0, 0.0, 0.21792780378251048]
[40.0, 0.0, 0.21792780378251048]
[40.0, 0.0, 0.21792780378251048]
[40.0, 0.0, 0.21792780378251048]
[40.0, 0.0, 0.21792780378251048]
[40.0, 0.0, 0.21792780378251048]
[40.0, 0.0, 0.21792780378251048]
[40.0, 0.0, 0.21792780378251048]
[40.0, -0.8669840139434847, 0.21792780378251048]
[40.0, -0.8669840139434847, 0.21792780378251048]
[40.0, -0.8669840139434847, 0.21792780378251048]
[40.0, 0.0, 0.21792780378251048]
[40.0, 0.0, 0.21792780378251048]
[40.0, 0.0, 0.12636025461669678]
[40.0, 0.0, 0.12636025461669678]
[40.0, 0.0, 0.12636025461669678]
[40.0, 0.0, 0.12636025461669678]
[40.0, 0.0, 0.12636025461669678]
[40.0, 0.0, 0.12636025461669678]
[40.0, 0.0, 0.12636025461669678]
[40.0, 0.0, 0.12636025461669678]
[40.0, 0.0, 0.12636025461669678]
[40.0, 0.0, 0.12636025461669678]
[40.0, 0.0, 0.12636025461669678]
[40.0, 0.0, 0.12636025461669678]
[40.0, 0.0, 0.12636025461669678]
[40.0, 0.8669840139434847, 0.12636025461669678]
[40.0, 0.8669840139434847, 0.12636025461669678]
[40.0, 0.8669840139434847, 0.12636025461669678]
[40.0, 0.8669840139434847, 0.12636025461669678]
[40.0, 0.0, 0.12636025461669678]
[40.0, 0.0, 0.12636025461669678]
[40.0, 0.0, 0.12636025461669678]
[40.0, 0.0, 0.18184865590727944]
[40.0, 0.0, 0.18184865590727944]
[40.0, 0.0, 0.18184865590727944]
[40.0, 0.0, 0.18184865590727944]
[40.0, 0.0, 0.18184865590727944]
[40.0, 0.0, 0.18184865590727944]
[40.0, 0.0, 0.18184865590727944]
[40.0, 0.0, 0.18184865590727944]
[40.0, 0.0, 0.18184865590727944]
[40.0, 0.0, 0.18184865590727944]
[40.0, 0.0, 0.18184865590727944]
[40.0, 0.0, 0.18184865590727944]
[40.0, 0.0, 0.18184865590727944]
[40.0, 0.0, 0.18184865590727944]
[40.0, 0.0, 0.18184865590727944]
[40.0, 0.0, 0.18184865590727944]
[40.0, 0.0, 0.18184865590727944]
[40.0, 0.0, 0.18184865590727944]
[40.0, 0.0, 0.18184865590727944]
[40.0, 0.0, 0.18184865590727944]
[40.0, 0.0, 0.17399527989371105]
[40.0, 0.0, 0.17399527989371105]
[40.0, 0.0, 0.17399527989371105]
[40.0, 0.0, 0.17399527989371105]
[40.0, 0.0, 0.17399527989371105]
[40.0, 0.0, 0.17399527989371105]
[40.0, 0.0, 0.17399527989371105]
[40.0, 0.0, 0.17399527989371105]
[40.0, 0.0, 0.17399527989371105]
[40.0, 0.0, 0.17399527989371105]
[40.0, 0.0, 0.17399527989371105]
[40.0, 0.0, 0.17399527989371105]
[40.0, 0.0, 0.17399527989371105]
[40.0, 0.0, 0.17399527989371105]
[40.0, 0.0, 0.17399527989371105]
[40.0, 0.0, 0.17399527989371105]
[40.0, 0.0, 0.17399527989371105]
[40.0, 0.0, 0.17399527989371105]
[40.0, 0.0, 0.17399527989371105]
[40.0, 0.0, 0.17399527989371105]
[40.0, 0.0, 0.15968680959917003]
[40.0, 0.0, 0.15968680959917003]
[40.0, 0.0, 0.15968680959917003]
[40.0, 0.0, 0.15968680959917003]
[40.0, 0.0, 0.15968680959917003]
[40.0, 0.0, 0.15968680959917003]
[40.0, 0.0, 0.15968680959917003]
[40.0, 0.0, 0.15968680959917003]
[40.0, 0.0, 0.15968680959917003]
[40.0, 0.0, 0.15968680959917003]
[40.0, 0.0, 0.15968680959917003]
[40.0, 0.0, 0.15968680959917003]
[40.0, 0.0, 0.15968680959917003]
[40.0, -0.8669840139434847, 0.15968680959917003]
[40.0, 0.0, 0.15968680959917003]
[40.0, 0.0, 0.15968680959917003]
[40.0, 0.0, 0.15968680959917003]
[40.0, 0.0, 0.15968680959917003]
[40.0, 0.0, 0.15968680959917003]
[40.0, 0.0, 0.15968680959917003]
[40.0, 0.0, 0.4001850784263537]
[40.0, 0.0, 0.4001850784263537]
[40.0, 0.0, 0.4001850784263537]
[40.0, 0.0, 0.4001850784263537]
[40.0, 0.0, 0.4001850784263537]
[40.0, 0.0, 0.4001850784263537]
[40.0, 0.0, 0.4001850784263537]
[40.0, 0.0, 0.4001850784263537]
[40.0, 0.0, 0.4001850784263537]
[40.0, 0.0, 0.4001850784263537]
[40.0, 0.0, 0.4001850784263537]
[40.0, 0.0, 0.4001850784263537]
[40.0, 0.0, 0.4001850784263537]
>>>> 
----------------------------
Path number   : 1
Path length   : 1101.6908755002794
Time required : 107.9881980419159 s
>>>> Nodes
[1087.9457866306398, 476.02203245621666, 0.2573474061244849]
[1080.7489411329148, 474.12794343599376, 0.2573474061244849]
[1073.55209563519, 472.23385441577085, 0.2573474061244849]
[1066.355250137465, 470.33976539554794, 0.2573474061244849]
[1059.1584046397402, 468.44567637532504, 0.2573474061244849]
[1051.9615591420152, 466.55158735510213, 0.2573474061244849]
[1044.7647136442902, 464.6574983348792, 0.2573474061244849]
[1037.5678681465654, 462.7634093146563, 0.2573474061244849]
[1030.3710226488404, 460.8693202944334, 0.2573474061244849]
[1023.1741771511156, 458.9752312742105, 0.2573474061244849]
[1015.9773316533906, 457.08114225398754, 0.2573474061244849]
[1008.7804861556657, 455.18705323376463, 0.2573474061244849]
[1001.5836406579408, 453.2929642135417, 0.2573474061244849]
[994.3867951602159, 451.3988751933188, 0.2573474061244849]
[987.189949662491, 449.5047861730959, 0.2573474061244849]
[979.9931041647661, 447.610697152873, 0.2573474061244849]
[972.7962586670411, 445.7166081326501, 0.2573474061244849]
[965.5994131693162, 443.8225191124272, 0.2573474061244849]
[958.4025676715913, 441.9284300922043, 0.2573474061244849]
[951.2057221738664, 440.0343410719814, 0.2573474061244849]
[943.067814190668, 438.1404051252356, 0.2264823686146251]
[936.0744883208023, 436.52889163247573, 0.2264823686146251]
[929.0811624509365, 434.91737813971594, 0.2264823686146251]
[922.0878365810707, 433.3058646469561, 0.2264823686146251]
[915.0945107112051, 431.6943511541963, 0.2264823686146251]
[908.1011848413393, 430.0828376614365, 0.2264823686146251]
[901.1078589714735, 428.47132416867663, 0.2264823686146251]
[894.1145331016078, 426.85981067591683, 0.2264823686146251]
[887.1212072317421, 425.24829718315704, 0.2264823686146251]
[880.1278813618763, 423.6367836903972, 0.2264823686146251]
[873.1345554920106, 422.0252701976374, 0.2264823686146251]
[866.1412296221449, 420.4137567048775, 0.2264823686146251]
[859.1479037522791, 418.80224321211773, 0.2264823686146251]
[859.1479037522791, 418.80224321211773, 0.22648236861462556]
[853.0312786196582, 416.8383739633039, 0.39486544570752735]
[847.3302826421616, 413.8772035352446, 0.5632485228004294]
[842.2061738131164, 410.0024913978663, 0.7316315998933312]
[837.8038923343089, 405.32383740117075, 0.9000146769862329]
[834.2479608470701, 399.9735816411618, 1.0683977540791347]
[831.7336053994213, 395.39720861147794, 1.068397754079135]
[829.2192499517727, 390.82083558179414, 1.068397754079135]
[826.704894504124, 386.24446255211035, 1.068397754079135]
[824.1905390564752, 381.66808952242656, 1.068397754079135]
[821.6761836088266, 377.0917164927427, 1.068397754079135]
[819.1618281611778, 372.5153434630589, 1.068397754079135]
[816.6474727135292, 367.9389704333751, 1.068397754079135]
[814.1331172658804, 363.36259740369127, 1.068397754079135]
[811.6187618182317, 358.7862243740075, 1.068397754079135]
[809.104406370583, 354.2098513443237, 1.068397754079135]
[806.5900509229343, 349.63347831463983, 1.068397754079135]
[804.0756954752856, 345.05710528495604, 1.068397754079135]
[801.5613400276369, 340.48073225527224, 1.068397754079135]
[799.0469845799881, 335.9043592255884, 1.068397754079135]
[796.5326291323395, 331.3279861959046, 1.068397754079135]
[796.5326291323395, 331.3279861959046, 1.0683977540791347]
[792.2443598640772, 325.08299375366437, 0.8697434391589638]
[786.8079767583614, 319.80711253356026, 0.6710891242387931]
[780.4373141089243, 315.7078636599461, 0.47243480931862236]
[773.8062531347499, 312.31917428257736, 0.4724348093186235]
[767.1751921605754, 308.93048490520863, 0.4724348093186235]
[760.544131186401, 305.54179552783984, 0.4724348093186235]
[753.9130702122266, 302.1531061504711, 0.4724348093186235]
[747.2820092380522, 298.76441677310237, 0.4724348093186235]
[740.6509482638777, 295.37572739573363, 0.4724348093186235]
[734.0198872897033, 291.98703801836484, 0.4724348093186235]
[727.3888263155288, 288.5983486409961, 0.4724348093186235]
[720.7577653413545, 285.2096592636274, 0.4724348093186235]
[714.12670436718, 281.82096988625864, 0.4724348093186235]
[707.4956433930056, 278.4322805088899, 0.4724348093186235]
[700.8645824188311, 275.0435911315211, 0.4724348093186235]
[694.2335214446567, 271.6549017541524, 0.4724348093186235]
[687.6024604704822, 268.26621237678364, 0.4724348093186235]
[680.9713994963079, 264.8775229994149, 0.4724348093186235]
[674.3403385221334, 261.4888336220462, 0.4724348093186235]
[667.709277547959, 258.1001442446774, 0.4724348093186235]
[661.0782165737845, 254.71145486730865, 0.4724348093186235]
[654.4471555996101, 251.3227654899399, 0.4724348093186235]
[644.2000664940014, 247.14909534198898, 0.3679625216954638]
[637.5947221014246, 244.60259625280204, 0.3679625216954638]
[630.9893777088479, 242.0560971636151, 0.3679625216954638]
[624.3840333162711, 239.5095980744282, 0.3679625216954638]
[617.7786889236944, 236.96309898524126, 0.3679625216954638]
[611.1733445311177, 234.41659989605432, 0.3679625216954638]
[604.5680001385409, 231.87010080686738, 0.3679625216954638]
[597.9626557459642, 229.32360171768045, 0.3679625216954638]
[591.3573113533873, 226.77710262849354, 0.3679625216954638]
[584.7519669608107, 224.2306035393066, 0.3679625216954638]
[578.1466225682339, 221.68410445011966, 0.3679625216954638]
[571.5412781756571, 219.13760536093272, 0.3679625216954638]
[564.9359337830804, 216.5911062717458, 0.3679625216954638]
[558.3305893905036, 214.04460718255885, 0.3679625216954638]
[551.7252449979269, 211.4981080933719, 0.3679625216954638]
[545.1199006053502, 208.951609004185, 0.3679625216954638]
[538.5145562127734, 206.40510991499806, 0.3679625216954638]
[531.9092118201967, 203.85861082581113, 0.3679625216954638]
[525.3038674276199, 201.3121117366242, 0.3679625216954638]
[514.2444292013674, 198.24869255793982, 0.2451469349814866]
[507.6546812083116, 196.60007733666322, 0.2451469349814866]
[501.0649332152558, 194.95146211538665, 0.2451469349814866]
[494.4751852221999, 193.30284689411008, 0.2451469349814866]
[487.8854372291441, 191.6542316728335, 0.2451469349814866]
[481.2956892360882, 190.0056164515569, 0.2451469349814866]
[474.7059412430324, 188.35700123028033, 0.2451469349814866]
[468.1161932499765, 186.70838600900376, 0.2451469349814866]
[461.5264452569207, 185.0597707877272, 0.2451469349814866]
[454.93669726386486, 183.4111555664506, 0.2451469349814866]
[448.346949270809, 181.76254034517402, 0.2451469349814866]
[441.75720127775315, 180.11392512389745, 0.2451469349814866]
[435.1674532846973, 178.46530990262085, 0.2451469349814866]
[428.57770529164145, 176.81669468134427, 0.2451469349814866]
[421.98795729858557, 175.1680794600677, 0.2451469349814866]
[415.39820930552975, 173.51946423879113, 0.2451469349814866]
[408.80846131247387, 171.87084901751453, 0.2451469349814866]
[402.21871331941804, 170.22223379623796, 0.2451469349814866]
[397.01760586480077, 168.516762717477, 0.3885679870752612]
[382.14675931346886, 162.42890694232244, 0.3885679870752609]
[367.27591276213695, 156.34105116716785, 0.3885679870752609]
[352.4050662108051, 150.25319539201328, 0.3885679870752609]
[337.53421965947314, 144.16533961685872, 0.3885679870752609]
[322.6633731081413, 138.07748384170412, 0.3885679870752609]
[307.7925265568094, 131.98962806654956, 0.3885679870752609]
[292.92168000547747, 125.90177229139499, 0.3885679870752609]
[278.0508334541456, 119.81391651624041, 0.3885679870752609]
[263.17998690281365, 113.72606074108583, 0.3885679870752609]
[248.30914035148177, 107.63820496593127, 0.3885679870752609]
[233.4382938001499, 101.55034919077669, 0.3885679870752609]
[218.56744724881798, 95.4624934156221, 0.3885679870752609]
[203.69660069748608, 89.37463764046754, 0.3885679870752609]
[188.82575414615417, 83.28678186531296, 0.3885679870752609]
[173.9549075948223, 77.19892609015838, 0.3885679870752609]
[159.08406104349038, 71.11107031500381, 0.3885679870752609]
[144.21321449215847, 65.02321453984923, 0.3885679870752609]
[129.3423679408266, 58.93535876469466, 0.3885679870752609]
[114.47152138949468, 52.84750298954009, 0.3885679870752609]
>>>> 
>>>> inputs
[40.0, 0.0, 0.17821927312816205]
[40.0, 0.0, 0.17821927312816205]
[40.0, 0.0, 0.17821927312816205]
[40.0, 0.0, 0.17821927312816205]
[40.0, 0.0, 0.17821927312816205]
[40.0, 0.0, 0.17821927312816205]
[40.0, 0.0, 0.17821927312816205]
[40.0, 0.0, 0.17821927312816205]
[40.0, 0.0, 0.17821927312816205]
[40.0, 0.0, 0.17821927312816205]
[40.0, 0.0, 0.17821927312816205]
[40.0, 0.0, 0.17821927312816205]
[40.0, 0.0, 0.17821927312816205]
[40.0, 0.0, 0.17821927312816205]
[40.0, 0.0, 0.17821927312816205]
[40.0, 0.0, 0.17821927312816205]
[40.0, 0.0, 0.17821927312816205]
[40.0, 0.0, 0.17821927312816205]
[40.0, 0.0, 0.17821927312816205]
[40.0, 0.0, 0.17821927312816205]
[40.0, 0.0, 0.15681824280397624]
[40.0, 0.0, 0.15681824280397624]
[40.0, 0.0, 0.15681824280397624]
[40.0, 0.0, 0.15681824280397624]
[40.0, 0.0, 0.15681824280397624]
[40.0, 0.0, 0.15681824280397624]
[40.0, 0.0, 0.15681824280397624]
[40.0, 0.0, 0.15681824280397624]
[40.0, 0.0, 0.15681824280397624]
[40.0, 0.0, 0.15681824280397624]
[40.0, 0.0, 0.15681824280397624]
[40.0, 0.0, 0.15681824280397624]
[40.0, -0.8669840139434847, 0.15681824280397624]
[40.0, -0.8669840139434847, 0.15681824280397624]
[40.0, -0.8669840139434847, 0.15681824280397624]
[40.0, -0.8669840139434847, 0.15681824280397624]
[40.0, -0.8669840139434847, 0.15681824280397624]
[40.0, -0.8669840139434847, 0.15681824280397624]
[40.0, 0.0, 0.15681824280397624]
[40.0, 0.0, 0.15681824280397624]
[40.0, 0.0, 0.12636025461669678]
[40.0, 0.0, 0.12636025461669678]
[40.0, 0.0, 0.12636025461669678]
[40.0, 0.0, 0.12636025461669678]
[40.0, 0.0, 0.12636025461669678]
[40.0, 0.0, 0.12636025461669678]
[40.0, 0.0, 0.12636025461669678]
[40.0, 0.0, 0.12636025461669678]
[40.0, 0.0, 0.12636025461669678]
[40.0, 0.0, 0.12636025461669678]
[40.0, 0.0, 0.12636025461669678]
[40.0, 0.0, 0.12636025461669678]
[40.0, 0.0, 0.12636025461669678]
[40.0, 0.8669840139434847, 0.12636025461669678]
[40.0, 0.8669840139434847, 0.12636025461669678]
[40.0, 0.8669840139434847, 0.12636025461669678]
[40.0, 0.8669840139434847, 0.12636025461669678]
[40.0, 0.0, 0.12636025461669678]
[40.0, 0.0, 0.12636025461669678]
[40.0, 0.0, 0.12636025461669678]
[40.0, 0.0, 0.18184865590727944]
[40.0, 0.0, 0.18184865590727944]
[40.0, 0.0, 0.18184865590727944]
[40.0, 0.0, 0.18184865590727944]
[40.0, 0.0, 0.18184865590727944]
[40.0, 0.0, 0.18184865590727944]
[40.0, 0.0, 0.18184865590727944]
[40.0, 0.0, 0.18184865590727944]
[40.0, 0.0, 0.18184865590727944]
[40.0, 0.0, 0.18184865590727944]
[40.0, 0.0, 0.18184865590727944]
[40.0, 0.0, 0.18184865590727944]
[40.0, 0.0, 0.18184865590727944]
[40.0, 0.0, 0.18184865590727944]
[40.0, 0.0, 0.18184865590727944]
[40.0, 0.0, 0.18184865590727944]
[40.0, 0.0, 0.18184865590727944]
[40.0, 0.0, 0.18184865590727944]
[40.0, 0.0, 0.18184865590727944]
[40.0, 0.0, 0.18184865590727944]
[40.0, 0.0, 0.17399527989371105]
[40.0, 0.0, 0.17399527989371105]
[40.0, 0.0, 0.17399527989371105]
[40.0, 0.0, 0.17399527989371105]
[40.0, 0.0, 0.17399527989371105]
[40.0, 0.0, 0.17399527989371105]
[40.0, 0.0, 0.17399527989371105]
[40.0, 0.0, 0.17399527989371105]
[40.0, 0.0, 0.17399527989371105]
[40.0, 0.0, 0.17399527989371105]
[40.0, 0.0, 0.17399527989371105]
[40.0, 0.0, 0.17399527989371105]
[40.0, 0.0, 0.17399527989371105]
[40.0, 0.0, 0.17399527989371105]
[40.0, 0.0, 0.17399527989371105]
[40.0, 0.0, 0.17399527989371105]
[40.0, 0.0, 0.17399527989371105]
[40.0, 0.0, 0.17399527989371105]
[40.0, 0.0, 0.17399527989371105]
[40.0, 0.0, 0.17399527989371105]
[40.0, 0.0, 0.15968680959917003]
[40.0, 0.0, 0.15968680959917003]
[40.0, 0.0, 0.15968680959917003]
[40.0, 0.0, 0.15968680959917003]
[40.0, 0.0, 0.15968680959917003]
[40.0, 0.0, 0.15968680959917003]
[40.0, 0.0, 0.15968680959917003]
[40.0, 0.0, 0.15968680959917003]
[40.0, 0.0, 0.15968680959917003]
[40.0, 0.0, 0.15968680959917003]
[40.0, 0.0, 0.15968680959917003]
[40.0, 0.0, 0.15968680959917003]
[40.0, 0.0, 0.15968680959917003]
[40.0, -0.8669840139434847, 0.15968680959917003]
[40.0, 0.0, 0.15968680959917003]
[40.0, 0.0, 0.15968680959917003]
[40.0, 0.0, 0.15968680959917003]
[40.0, 0.0, 0.15968680959917003]
[40.0, 0.0, 0.15968680959917003]
[40.0, 0.0, 0.15968680959917003]
[40.0, 0.0, 0.4001850784263537]
[40.0, 0.0, 0.4001850784263537]
[40.0, 0.0, 0.4001850784263537]
[40.0, 0.0, 0.4001850784263537]
[40.0, 0.0, 0.4001850784263537]
[40.0, 0.0, 0.4001850784263537]
[40.0, 0.0, 0.4001850784263537]
[40.0, 0.0, 0.4001850784263537]
[40.0, 0.0, 0.4001850784263537]
[40.0, 0.0, 0.4001850784263537]
[40.0, 0.0, 0.4001850784263537]
[40.0, 0.0, 0.4001850784263537]
[40.0, 0.0, 0.4001850784263537]
>>>> 
----------------------------
Path number   : 2
Path length   : 1092.9821339475104
Time required : 205.12965297698975 s
>>>> Nodes
[1076.3130399481495, 506.83093506923893, 0.4919626426725157]
[1072.0718677049376, 504.5580407673268, 0.4919626426725157]
[1067.830695461726, 502.28514646541475, 0.4919626426725157]
[1063.5895232185142, 500.01225216350264, 0.4919626426725157]
[1059.3483509753025, 497.7393578615905, 0.4919626426725157]
[1055.1071787320907, 495.46646355967846, 0.4919626426725157]
[1050.866006488879, 493.19356925776634, 0.4919626426725157]
[1046.6248342456672, 490.9206749558543, 0.4919626426725157]
[1042.3836620024556, 488.64778065394216, 0.4919626426725157]
[1038.1424897592437, 486.3748863520301, 0.4919626426725157]
[1033.901317516032, 484.101992050118, 0.4919626426725157]
[1029.6601452728203, 481.82909774820587, 0.4919626426725157]
[1025.4189730296084, 479.5562034462938, 0.4919626426725157]
[1021.1778007863968, 477.2833091443817, 0.4919626426725157]
[1016.936628543185, 475.0104148424696, 0.4919626426725157]
[1012.6954562999732, 472.7375205405575, 0.4919626426725157]
[1008.4542840567615, 470.4646262386454, 0.4919626426725157]
[1004.2131118135497, 468.19173193673333, 0.4919626426725157]
[999.971939570338, 465.9188376348212, 0.4919626426725157]
[998.6117840364441, 465.1537457447539, 0.5328211952385256]
[996.0246058731883, 463.62805313454686, 0.5328211952385256]
[993.4374277099326, 462.1023605243398, 0.5328211952385256]
[990.8502495466769, 460.57666791413277, 0.5328211952385256]
[988.2630713834211, 459.0509753039257, 0.5328211952385256]
[985.6758932201653, 457.5252826937187, 0.5328211952385256]
[983.0887150569097, 455.99959008351163, 0.5328211952385256]
[980.5015368936539, 454.4738974733046, 0.5328211952385256]
[977.9143587303981, 452.9482048630975, 0.5328211952385256]
[975.3271805671424, 451.42251225289044, 0.5328211952385256]
[972.7400024038867, 449.8968196426834, 0.5328211952385256]
[970.1528242406309, 448.37112703247635, 0.5328211952385256]
[967.5656460773752, 446.8454344222693, 0.5328211952385256]
[964.9784679141194, 445.31974181206226, 0.5328211952385256]
[962.3912897508637, 443.7940492018552, 0.5328211952385256]
[959.804111587608, 442.26835659164817, 0.5328211952385256]
[959.804111587608, 442.26835659164817, 0.5328211952385253]
[956.3885253743109, 440.4800278725505, 0.43184335018098885]
[952.8100630723748, 439.0451214847901, 0.33086550512345236]
[949.1051815692141, 437.9782560595597, 0.22988766006591588]
[944.5225859623671, 436.9058147334874, 0.229887660065916]
[939.9399903555201, 435.833373407415, 0.229887660065916]
[935.3573947486731, 434.7609320813427, 0.229887660065916]
[930.7747991418261, 433.6884907552703, 0.229887660065916]
[926.1922035349791, 432.616049429198, 0.229887660065916]
[921.609607928132, 431.5436081031256, 0.229887660065916]
[917.027012321285, 430.47116677705327, 0.229887660065916]
[912.4444167144381, 429.3987254509809, 0.229887660065916]
[907.8618211075911, 428.3262841249086, 0.229887660065916]
[903.2792255007441, 427.2538427988363, 0.229887660065916]
[898.6966298938971, 426.1814014727639, 0.229887660065916]
[894.1140342870501, 425.1089601466916, 0.229887660065916]
[889.5314386802031, 424.0365188206192, 0.229887660065916]
[884.9488430733561, 422.96407749454687, 0.229887660065916]
[880.3662474665091, 421.8916361684745, 0.229887660065916]
[875.7836518596621, 420.81919484240217, 0.229887660065916]
[875.7836518596621, 420.81919484240217, 0.2298876600659161]
[869.5367018106767, 418.77652987946306, 0.40216650526086806]
[863.7323972099867, 415.69320161803074, 0.5744453504558202]
[858.9338092199112, 412.5872762137116, 0.5744453504558185]
[854.1352212298357, 409.4813508093925, 0.5744453504558185]
[849.3366332397601, 406.3754254050734, 0.5744453504558185]
[844.5380452496845, 403.26950000075425, 0.5744453504558185]
[839.739457259609, 400.1635745964351, 0.5744453504558185]
[834.9408692695334, 397.057649192116, 0.5744453504558185]
[830.1422812794578, 393.9517237877969, 0.5744453504558185]
[825.3436932893824, 390.84579838347776, 0.5744453504558185]
[820.5451052993068, 387.7398729791587, 0.5744453504558185]
[815.7465173092313, 384.63394757483957, 0.5744453504558185]
[810.9479293191557, 381.52802217052044, 0.5744453504558185]
[806.1493413290801, 378.4220967662013, 0.5744453504558185]
[801.3507533390047, 375.3161713618822, 0.5744453504558185]
[796.5521653489291, 372.2102459575631, 0.5744453504558185]
[791.7535773588535, 369.10432055324395, 0.5744453504558185]
[786.954989368778, 365.9983951489248, 0.5744453504558185]
[782.1564013787024, 362.8924697446057, 0.5744453504558185]
[782.1564013787024, 362.8924697446057, 0.5744453504558202]
[774.5080038281317, 356.3655892528803, 0.8384442726124401]
[770.0648716513135, 351.4241759970794, 0.8384442726124409]
[765.6217394744954, 346.48276274127846, 0.8384442726124409]
[761.1786072976772, 341.54134948547755, 0.8384442726124409]
[756.7354751208591, 336.5999362296766, 0.8384442726124409]
[752.2923429440408, 331.6585229738757, 0.8384442726124409]
[747.8492107672226, 326.71710971807477, 0.8384442726124409]
[743.4060785904045, 321.77569646227386, 0.8384442726124409]
[738.9629464135863, 316.83428320647295, 0.8384442726124409]
[734.5198142367682, 311.89286995067204, 0.8384442726124409]
[730.07668205995, 306.9514566948711, 0.8384442726124409]
[725.6335498831319, 302.0100434390702, 0.8384442726124409]
[721.1904177063136, 297.0686301832693, 0.8384442726124409]
[716.7472855294955, 292.12721692746834, 0.8384442726124409]
[712.3041533526773, 287.18580367166743, 0.8384442726124409]
[707.8610211758592, 282.2443904158665, 0.8384442726124409]
[703.417888999041, 277.3029771600656, 0.8384442726124409]
[703.417888999041, 277.3029771600656, 0.8384442726124401]
[695.715548975023, 270.7412462698848, 0.572764047619964]
[686.5605669431553, 266.4321096838711, 0.3070838226274879]
[679.3978700665929, 264.16071040989766, 0.3070838226274881]
[672.2351731900304, 261.8893111359242, 0.3070838226274881]
[665.072476313468, 259.6179118619507, 0.3070838226274881]
[657.9097794369055, 257.34651258797726, 0.3070838226274881]
[650.7470825603431, 255.0751133140038, 0.3070838226274881]
[643.5843856837806, 252.80371404003034, 0.3070838226274881]
[636.4216888072182, 250.53231476605688, 0.3070838226274881]
[629.2589919306556, 248.26091549208343, 0.3070838226274881]
[622.0962950540932, 245.98951621810997, 0.3070838226274881]
[614.9335981775307, 243.7181169441365, 0.3070838226274881]
[607.7709013009683, 241.44671767016305, 0.3070838226274881]
[600.6082044244058, 239.1753183961896, 0.3070838226274881]
[593.4455075478434, 236.90391912221614, 0.3070838226274881]
[586.2828106712809, 234.63251984824268, 0.3070838226274881]
[579.1201137947185, 232.36112057426922, 0.3070838226274881]
[571.957416918156, 230.08972130029576, 0.3070838226274881]
[564.7947200415936, 227.8183220263223, 0.3070838226274881]
[557.6320231650311, 225.54692275234885, 0.3070838226274881]
[556.4016496034587, 225.13361861568822, 0.3410653582592731]
[547.6411413879944, 222.02419890071144, 0.3410653582592726]
[538.8806331725299, 218.9147791857347, 0.3410653582592726]
[530.1201249570654, 215.80535947075794, 0.3410653582592726]
[521.3596167416009, 212.69593975578115, 0.3410653582592726]
[512.5991085261365, 209.5865200408044, 0.3410653582592726]
[503.83860031067206, 206.47710032582762, 0.3410653582592726]
[495.07809209520764, 203.36768061085087, 0.3410653582592726]
[486.3175838797432, 200.2582608958741, 0.3410653582592726]
[477.5570756642787, 197.14884118089734, 0.3410653582592726]
[468.7965674488143, 194.03942146592055, 0.3410653582592726]
[460.0360592333498, 190.9300017509438, 0.3410653582592726]
[451.2755510178854, 187.82058203596705, 0.3410653582592726]
[442.51504280242096, 184.71116232099027, 0.3410653582592726]
[433.7545345869565, 181.60174260601352, 0.3410653582592726]
[424.99402637149205, 178.49232289103674, 0.3410653582592726]
[416.2335181560276, 175.38290317605998, 0.3410653582592726]
[407.47300994056314, 172.2734834610832, 0.3410653582592726]
[398.7125017250987, 169.16406374610645, 0.3410653582592726]
[397.01760586480077, 168.516762717477, 0.3885679870752612]
[382.14675931346886, 162.42890694232244, 0.3885679870752609]
[367.27591276213695, 156.34105116716785, 0.3885679870752609]
[352.4050662108051, 150.25319539201328, 0.3885679870752609]
[337.53421965947314, 144.16533961685872, 0.3885679870752609]
[322.6633731081413, 138.07748384170412, 0.3885679870752609]
[307.7925265568094, 131.98962806654956, 0.3885679870752609]
[292.92168000547747, 125.90177229139499, 0.3885679870752609]
[278.0508334541456, 119.81391651624041, 0.3885679870752609]
[263.17998690281365, 113.72606074108583, 0.3885679870752609]
[248.30914035148177, 107.63820496593127, 0.3885679870752609]
[233.4382938001499, 101.55034919077669, 0.3885679870752609]
[218.56744724881798, 95.4624934156221, 0.3885679870752609]
[203.69660069748608, 89.37463764046754, 0.3885679870752609]
[188.82575414615417, 83.28678186531296, 0.3885679870752609]
[173.9549075948223, 77.19892609015838, 0.3885679870752609]
[159.08406104349038, 71.11107031500381, 0.3885679870752609]
[144.21321449215847, 65.02321453984923, 0.3885679870752609]
[129.3423679408266, 58.93535876469466, 0.3885679870752609]
[114.47152138949468, 52.84750298954009, 0.3885679870752609]
>>>> 
>>>> inputs
[40.0, 0.0, 0.11021675259803691]
[40.0, 0.0, 0.11021675259803691]
[40.0, 0.0, 0.11021675259803691]
[40.0, 0.0, 0.11021675259803691]
[40.0, 0.0, 0.11021675259803691]
[40.0, 0.0, 0.11021675259803691]
[40.0, 0.0, 0.11021675259803691]
[40.0, 0.0, 0.11021675259803691]
[40.0, 0.0, 0.11021675259803691]
[40.0, 0.0, 0.11021675259803691]
[40.0, 0.0, 0.11021675259803691]
[40.0, 0.0, 0.11021675259803691]
[40.0, 0.0, 0.11021675259803691]
[40.0, 0.0, 0.11021675259803691]
[40.0, 0.0, 0.11021675259803691]
[40.0, 0.0, 0.11021675259803691]
[40.0, 0.0, 0.11021675259803691]
[40.0, 0.0, 0.11021675259803691]
[40.0, -0.8669840139434847, 0.11021675259803691]
[40.0, 0.0, 0.11021675259803691]
[40.0, 0.0, 0.07078031175791662]
[40.0, 0.0, 0.07078031175791662]
[40.0, 0.0, 0.07078031175791662]
[40.0, 0.0, 0.07078031175791662]
[40.0, 0.0, 0.07078031175791662]
[40.0, 0.0, 0.07078031175791662]
[40.0, 0.0, 0.07078031175791662]
[40.0, 0.0, 0.07078031175791662]
[40.0, 0.0, 0.07078031175791662]
[40.0, 0.0, 0.07078031175791662]
[40.0, 0.0, 0.07078031175791662]
[40.0, 0.0, 0.07078031175791662]
[40.0, 0.0, 0.07078031175791662]
[40.0, 0.0, 0.07078031175791662]
[40.0, 0.8669840139434847, 0.07078031175791662]
[40.0, 0.8669840139434847, 0.07078031175791662]
[40.0, 0.8669840139434847, 0.07078031175791662]
[40.0, 0.8669840139434847, 0.07078031175791662]
[40.0, 0.0, 0.07078031175791662]
[40.0, 0.0, 0.07078031175791662]
[40.0, 0.0, 0.11057965571454456]
[40.0, 0.0, 0.11057965571454456]
[40.0, 0.0, 0.11057965571454456]
[40.0, 0.0, 0.11057965571454456]
[40.0, 0.0, 0.11057965571454456]
[40.0, 0.0, 0.11057965571454456]
[40.0, 0.0, 0.11057965571454456]
[40.0, 0.0, 0.11057965571454456]
[40.0, 0.0, 0.11057965571454456]
[40.0, 0.0, 0.11057965571454456]
[40.0, 0.0, 0.11057965571454456]
[40.0, 0.0, 0.11057965571454456]
[40.0, 0.0, 0.11057965571454456]
[40.0, 0.0, 0.11057965571454456]
[40.0, -0.8669840139434847, 0.11057965571454456]
[40.0, -0.8669840139434847, 0.11057965571454456]
[40.0, -0.8669840139434847, 0.11057965571454456]
[40.0, 0.0, 0.11057965571454456]
[40.0, 0.0, 0.11057965571454456]
[40.0, 0.0, 0.11057965571454456]
[40.0, 0.0, 0.13407106712611913]
[40.0, 0.0, 0.13407106712611913]
[40.0, 0.0, 0.13407106712611913]
[40.0, 0.0, 0.13407106712611913]
[40.0, 0.0, 0.13407106712611913]
[40.0, 0.0, 0.13407106712611913]
[40.0, 0.0, 0.13407106712611913]
[40.0, 0.0, 0.13407106712611913]
[40.0, 0.0, 0.13407106712611913]
[40.0, 0.0, 0.13407106712611913]
[40.0, 0.0, 0.13407106712611913]
[40.0, 0.0, 0.13407106712611913]
[40.0, 0.0, 0.13407106712611913]
[40.0, 0.0, 0.13407106712611913]
[40.0, -0.8669840139434847, 0.13407106712611913]
[40.0, -0.8669840139434847, 0.13407106712611913]
[40.0, 0.0, 0.13407106712611913]
[40.0, 0.0, 0.13407106712611913]
[40.0, 0.0, 0.13407106712611913]
[40.0, 0.0, 0.13407106712611913]
[40.0, 0.0, 0.15827505233088313]
[40.0, 0.0, 0.15827505233088313]
[40.0, 0.0, 0.15827505233088313]
[40.0, 0.0, 0.15827505233088313]
[40.0, 0.0, 0.15827505233088313]
[40.0, 0.0, 0.15827505233088313]
[40.0, 0.0, 0.15827505233088313]
[40.0, 0.0, 0.15827505233088313]
[40.0, 0.0, 0.15827505233088313]
[40.0, 0.0, 0.15827505233088313]
[40.0, 0.0, 0.15827505233088313]
[40.0, 0.0, 0.15827505233088313]
[40.0, 0.8669840139434847, 0.15827505233088313]
[40.0, 0.8669840139434847, 0.15827505233088313]
[40.0, 0.8669840139434847, 0.15827505233088313]
[40.0, 0.0, 0.15827505233088313]
[40.0, 0.0, 0.15827505233088313]
[40.0, 0.0, 0.15827505233088313]
[40.0, 0.0, 0.15827505233088313]
[40.0, 0.0, 0.15827505233088313]
[40.0, 0.0, 0.17069241736889373]
[40.0, 0.0, 0.17069241736889373]
[40.0, 0.0, 0.17069241736889373]
[40.0, 0.0, 0.17069241736889373]
[40.0, 0.0, 0.17069241736889373]
[40.0, 0.0, 0.17069241736889373]
[40.0, 0.0, 0.17069241736889373]
[40.0, 0.0, 0.17069241736889373]
[40.0, 0.0, 0.17069241736889373]
[40.0, 0.0, 0.17069241736889373]
[40.0, 0.0, 0.17069241736889373]
[40.0, 0.0, 0.17069241736889373]
[40.0, 0.0, 0.17069241736889373]
[40.0, -0.8669840139434847, 0.17069241736889373]
[40.0, 0.0, 0.17069241736889373]
[40.0, 0.0, 0.17069241736889373]
[40.0, 0.0, 0.17069241736889373]
[40.0, 0.0, 0.17069241736889373]
[40.0, 0.0, 0.17069241736889373]
[40.0, 0.0, 0.17069241736889373]
[40.0, 0.0, 0.21142733211163994]
[40.0, 0.0, 0.21142733211163994]
[40.0, 0.0, 0.21142733211163994]
[40.0, 0.0, 0.21142733211163994]
[40.0, 0.0, 0.21142733211163994]
[40.0, 0.0, 0.21142733211163994]
[40.0, 0.0, 0.21142733211163994]
[40.0, 0.0, 0.21142733211163994]
[40.0, 0.0, 0.21142733211163994]
[40.0, 0.0, 0.21142733211163994]
[40.0, 0.0, 0.21142733211163994]
[40.0, 0.0, 0.21142733211163994]
[40.0, -0.8669840139434847, 0.21142733211163994]
[40.0, 0.0, 0.21142733211163994]
[40.0, 0.0, 0.21142733211163994]
[40.0, 0.0, 0.21142733211163994]
[40.0, 0.0, 0.21142733211163994]
[40.0, 0.0, 0.21142733211163994]
[40.0, 0.0, 0.21142733211163994]
[40.0, 0.0, 0.21142733211163994]
[40.0, 0.0, 0.4001850784263537]
[40.0, 0.0, 0.4001850784263537]
[40.0, 0.0, 0.4001850784263537]
[40.0, 0.0, 0.4001850784263537]
[40.0, 0.0, 0.4001850784263537]
[40.0, 0.0, 0.4001850784263537]
[40.0, 0.0, 0.4001850784263537]
[40.0, 0.0, 0.4001850784263537]
[40.0, 0.0, 0.4001850784263537]
[40.0, 0.0, 0.4001850784263537]
[40.0, 0.0, 0.4001850784263537]
[40.0, 0.0, 0.4001850784263537]
>>>> 
