----------------------------
RRT search Summary          
----------------------------
Map Name               : ./packages/maps/MAP7.txt
Total paths found      : 3
Total number of nodes  : 2190
Total elapsed time     : 223.79871821403503 s
Solver                 : RRTstar 
----------------------------
Path number   : 0
Path length   : 1107.1648899146849
Time required : 6.9325902462005615 s
>>>> Nodes
[1087.2156468796607, 495.3227892882706, 0.4861847421348737]
[1081.6235070346745, 492.3673581106652, 0.4861847421348737]
[1076.0313671896884, 489.4119269330597, 0.4861847421348737]
[1070.4392273447022, 486.4564957554543, 0.4861847421348737]
[1064.847087499716, 483.5010645778488, 0.4861847421348737]
[1059.25494765473, 480.5456334002434, 0.4861847421348737]
[1053.6628078097438, 477.5902022226379, 0.4861847421348737]
[1048.0706679647576, 474.6347710450325, 0.4861847421348737]
[1042.4785281197715, 471.679339867427, 0.4861847421348737]
[1036.886388274785, 468.7239086898216, 0.4861847421348737]
[1031.294248429799, 465.7684775122162, 0.4861847421348737]
[1025.7021085848128, 462.8130463346107, 0.4861847421348737]
[1020.1099687398267, 459.8576151570053, 0.4861847421348737]
[1014.5178288948406, 456.9021839793998, 0.4861847421348737]
[1008.9256890498543, 453.9467528017944, 0.4861847421348737]
[1003.3335492048682, 450.9913216241889, 0.4861847421348737]
[997.741409359882, 448.0358904465835, 0.4861847421348737]
[992.1492695148959, 445.080459268978, 0.4861847421348737]
[986.5571296699097, 442.1250280913726, 0.4861847421348737]
[980.6806401052187, 439.6232684407927, 0.3187818397560036]
[977.2683690844692, 438.49708929402067, 0.31878183975600327]
[973.8560980637197, 437.37091014724865, 0.31878183975600327]
[970.4438270429703, 436.2447310004767, 0.31878183975600327]
[967.0315560222208, 435.1185518537047, 0.31878183975600327]
[963.6192850014713, 433.99237270693266, 0.31878183975600327]
[960.2070139807219, 432.86619356016064, 0.31878183975600327]
[956.7947429599724, 431.7400144133886, 0.31878183975600327]
[953.3824719392229, 430.61383526661666, 0.31878183975600327]
[949.9702009184734, 429.48765611984464, 0.31878183975600327]
[946.557929897724, 428.3614769730726, 0.31878183975600327]
[943.1456588769745, 427.2352978263006, 0.31878183975600327]
[939.733387856225, 426.10911867952865, 0.31878183975600327]
[936.3211168354756, 424.98293953275663, 0.31878183975600327]
[932.9088458147261, 423.8567603859846, 0.31878183975600327]
[929.4965747939766, 422.7305812392126, 0.31878183975600327]
[926.0843037732271, 421.6044020924406, 0.31878183975600327]
[922.6720327524777, 420.4782229456686, 0.31878183975600327]
[919.2597617317282, 419.3520437988966, 0.31878183975600327]
[915.8474907109787, 418.2258646521246, 0.31878183975600327]
[906.8578759576886, 415.4813542554349, 0.29517811761957463]
[898.7276878828604, 413.00928281055417, 0.29517811761957463]
[890.5974998080322, 410.5372113656735, 0.29517811761957463]
[882.467311733204, 408.06513992079283, 0.29517811761957463]
[874.3371236583757, 405.59306847591216, 0.29517811761957463]
[866.2069355835475, 403.12099703103144, 0.29517811761957463]
[858.0767475087193, 400.64892558615077, 0.29517811761957463]
[849.9465594338911, 398.1768541412701, 0.29517811761957463]
[841.8163713590629, 395.70478269638943, 0.29517811761957463]
[833.6861832842347, 393.2327112515087, 0.29517811761957463]
[825.5559952094065, 390.76063980662803, 0.29517811761957463]
[817.4258071345782, 388.28856836174737, 0.29517811761957463]
[809.29561905975, 385.8164969168667, 0.29517811761957463]
[801.1654309849218, 383.34442547198597, 0.29517811761957463]
[793.0352429100936, 380.8723540271053, 0.29517811761957463]
[793.0352429100936, 380.8723540271053, 0.29517811761957513]
[785.7855245615496, 377.82157118032313, 0.501461315627862]
[779.3143792449467, 373.3505567089926, 0.7077445136361491]
[773.8961969615318, 367.6488909124796, 0.9140277116444362]
[769.5598338414875, 362.0241176458808, 0.9140277116444369]
[765.223470721443, 356.39934437928196, 0.9140277116444369]
[760.8871076013986, 350.77457111268313, 0.9140277116444369]
[756.5507444813543, 345.1497978460843, 0.9140277116444369]
[752.21438136131, 339.52502457948543, 0.9140277116444369]
[747.8780182412655, 333.9002513128866, 0.9140277116444369]
[743.5416551212211, 328.2754780462878, 0.9140277116444369]
[739.2052920011768, 322.65070477968897, 0.9140277116444369]
[734.8689288811324, 317.0259315130901, 0.9140277116444369]
[730.532565761088, 311.40115824649126, 0.9140277116444369]
[726.1962026410436, 305.77638497989244, 0.9140277116444369]
[721.8598395209992, 300.1516117132936, 0.9140277116444369]
[717.5234764009549, 294.5268384466948, 0.9140277116444369]
[713.1871132809105, 288.902065180096, 0.9140277116444369]
[708.850750160866, 283.27729191349715, 0.9140277116444369]
[704.5143870408217, 277.6525186468983, 0.9140277116444369]
[700.1780239207774, 272.02774538029945, 0.9140277116444369]
[695.8416608007329, 266.4029721137006, 0.9140277116444369]
[686.4628252642333, 257.7344032978373, 0.578097982535168]
[684.2252604433121, 256.27449657064847, 0.5780979825351679]
[681.9876956223908, 254.81458984345974, 0.5780979825351679]
[679.7501308014696, 253.35468311627102, 0.5780979825351679]
[677.5125659805484, 251.89477638908227, 0.5780979825351679]
[675.2750011596272, 250.43486966189354, 0.5780979825351679]
[673.0374363387059, 248.9749629347048, 0.5780979825351679]
[670.7998715177847, 247.51505620751607, 0.5780979825351679]
[668.5623066968635, 246.05514948032732, 0.5780979825351679]
[666.3247418759423, 244.5952427531386, 0.5780979825351679]
[664.087177055021, 243.13533602594984, 0.5780979825351679]
[661.8496122340998, 241.67542929876112, 0.5780979825351679]
[659.6120474131786, 240.21552257157236, 0.5780979825351679]
[657.3744825922574, 238.75561584438364, 0.5780979825351679]
[655.1369177713361, 237.2957091171949, 0.5780979825351679]
[652.8993529504149, 235.83580239000617, 0.5780979825351679]
[652.8993529504149, 235.8358023900062, 0.578097982535168]
[650.0253602919022, 234.13496954416698, 0.4906406159258445]
[647.0137911063822, 232.6916687399348, 0.40318324931652083]
[643.8876655783979, 231.5169324486951, 0.31572588270719737]
[634.66916463549, 228.50568524642824, 0.3157258827071984]
[625.4506636925822, 225.49443804416137, 0.3157258827071984]
[616.2321627496744, 222.48319084189447, 0.3157258827071984]
[607.0136618067665, 219.4719436396276, 0.3157258827071984]
[597.7951608638588, 216.46069643736072, 0.3157258827071984]
[588.576659920951, 213.44944923509382, 0.3157258827071984]
[579.3581589780431, 210.43820203282695, 0.3157258827071984]
[570.1396580351353, 207.42695483056008, 0.3157258827071984]
[560.9211570922274, 204.4157076282932, 0.3157258827071984]
[551.7026561493196, 201.4044604260263, 0.3157258827071984]
[542.4841552064119, 198.39321322375943, 0.3157258827071984]
[533.265654263504, 195.38196602149256, 0.3157258827071984]
[524.0471533205962, 192.3707188192257, 0.3157258827071984]
[514.8286523776883, 189.35947161695879, 0.3157258827071984]
[505.6101514347805, 186.3482244146919, 0.3157258827071984]
[496.39165049187267, 183.33697721242504, 0.3157258827071984]
[487.1731495489649, 180.32573001015817, 0.3157258827071984]
[477.95464860605705, 177.31448280789127, 0.3157258827071984]
[468.7361476631492, 174.3032356056244, 0.3157258827071984]
[455.3295947406864, 171.12516030254363, 0.22008820194227618]
[445.4444731969261, 168.91373963703842, 0.22008820194227618]
[435.5593516531658, 166.7023189715332, 0.22008820194227618]
[425.67423010940547, 164.490898306028, 0.22008820194227618]
[415.78910856564517, 162.27947764052274, 0.22008820194227618]
[405.90398702188486, 160.06805697501753, 0.22008820194227618]
[396.01886547812455, 157.8566363095123, 0.22008820194227618]
[386.13374393436425, 155.6452156440071, 0.22008820194227618]
[376.24862239060394, 153.43379497850188, 0.22008820194227618]
[366.3635008468436, 151.22237431299666, 0.22008820194227618]
[356.4783793030833, 149.01095364749145, 0.22008820194227618]
[346.59325775932297, 146.79953298198623, 0.22008820194227618]
[336.70813621556266, 144.58811231648102, 0.22008820194227618]
[326.82301467180235, 142.37669165097577, 0.22008820194227618]
[316.937893128042, 140.16527098547056, 0.22008820194227618]
[307.0527715842817, 137.95385031996534, 0.22008820194227618]
[297.1676500405214, 135.74242965446012, 0.22008820194227618]
[287.2825284967611, 133.5310089889549, 0.22008820194227618]
[279.28256150916, 130.78145444503997, 0.4420068912222268]
[270.2301421140005, 126.4975369502132, 0.4420068912222265]
[261.17772271884104, 122.21361945538646, 0.4420068912222265]
[252.12530332368155, 117.9297019605597, 0.4420068912222265]
[243.07288392852206, 113.64578446573294, 0.4420068912222265]
[234.02046453336254, 109.36186697090619, 0.4420068912222265]
[224.96804513820305, 105.07794947607943, 0.4420068912222265]
[215.91562574304356, 100.79403198125269, 0.4420068912222265]
[206.86320634788405, 96.51011448642592, 0.4420068912222265]
[197.81078695272456, 92.22619699159915, 0.4420068912222265]
[188.75836755756507, 87.94227949677241, 0.4420068912222265]
[179.70594816240558, 83.65836200194565, 0.4420068912222265]
[170.6535287672461, 79.3744445071189, 0.4420068912222265]
[161.60110937208657, 75.09052701229214, 0.4420068912222265]
[152.54868997692708, 70.80660951746538, 0.4420068912222265]
[143.4962705817676, 66.52269202263862, 0.4420068912222265]
[134.44385118660807, 62.23877452781187, 0.4420068912222265]
[125.39143179144858, 57.95485703298512, 0.4420068912222265]
[116.33901239628909, 53.67093953815836, 0.4420068912222265]
[100.0, 50.00000000000001, 0.0]
>>>> 
>>>> inputs
[40.0, 0.0, 0.15030713665234938]
[40.0, 0.0, 0.15030713665234938]
[40.0, 0.0, 0.15030713665234938]
[40.0, 0.0, 0.15030713665234938]
[40.0, 0.0, 0.15030713665234938]
[40.0, 0.0, 0.15030713665234938]
[40.0, 0.0, 0.15030713665234938]
[40.0, 0.0, 0.15030713665234938]
[40.0, 0.0, 0.15030713665234938]
[40.0, 0.0, 0.15030713665234938]
[40.0, 0.0, 0.15030713665234938]
[40.0, 0.0, 0.15030713665234938]
[40.0, 0.0, 0.15030713665234938]
[40.0, 0.0, 0.15030713665234938]
[40.0, 0.0, 0.15030713665234938]
[40.0, 0.0, 0.15030713665234938]
[40.0, 0.0, 0.15030713665234938]
[40.0, 0.0, 0.15030713665234938]
[40.0, 0.8669840139434847, 0.15030713665234938]
[40.0, 0.0, 0.15030713665234938]
[40.0, 0.0, 0.08646809476889696]
[40.0, 0.0, 0.08646809476889696]
[40.0, 0.0, 0.08646809476889696]
[40.0, 0.0, 0.08646809476889696]
[40.0, 0.0, 0.08646809476889696]
[40.0, 0.0, 0.08646809476889696]
[40.0, 0.0, 0.08646809476889696]
[40.0, 0.0, 0.08646809476889696]
[40.0, 0.0, 0.08646809476889696]
[40.0, 0.0, 0.08646809476889696]
[40.0, 0.0, 0.08646809476889696]
[40.0, 0.0, 0.08646809476889696]
[40.0, 0.0, 0.08646809476889696]
[40.0, 0.0, 0.08646809476889696]
[40.0, 0.0, 0.08646809476889696]
[40.0, 0.0, 0.08646809476889696]
[40.0, 0.0, 0.08646809476889696]
[40.0, 0.0, 0.08646809476889696]
[40.0, 0.0, 0.08646809476889696]
[40.0, 0.0, 0.08646809476889696]
[40.0, 0.0, 0.18887997626921546]
[40.0, 0.0, 0.18887997626921546]
[40.0, 0.0, 0.18887997626921546]
[40.0, 0.0, 0.18887997626921546]
[40.0, 0.0, 0.18887997626921546]
[40.0, 0.0, 0.18887997626921546]
[40.0, 0.0, 0.18887997626921546]
[40.0, 0.0, 0.18887997626921546]
[40.0, 0.0, 0.18887997626921546]
[40.0, 0.0, 0.18887997626921546]
[40.0, 0.0, 0.18887997626921546]
[40.0, 0.0, 0.18887997626921546]
[40.0, 0.0, 0.18887997626921546]
[40.0, -0.8669840139434847, 0.18887997626921546]
[40.0, -0.8669840139434847, 0.18887997626921546]
[40.0, -0.8669840139434847, 0.18887997626921546]
[40.0, -0.8669840139434847, 0.18887997626921546]
[40.0, 0.0, 0.18887997626921546]
[40.0, 0.0, 0.18887997626921546]
[40.0, 0.0, 0.18887997626921546]
[40.0, 0.0, 0.17584034840208856]
[40.0, 0.0, 0.17584034840208856]
[40.0, 0.0, 0.17584034840208856]
[40.0, 0.0, 0.17584034840208856]
[40.0, 0.0, 0.17584034840208856]
[40.0, 0.0, 0.17584034840208856]
[40.0, 0.0, 0.17584034840208856]
[40.0, 0.0, 0.17584034840208856]
[40.0, 0.0, 0.17584034840208856]
[40.0, 0.0, 0.17584034840208856]
[40.0, 0.0, 0.17584034840208856]
[40.0, 0.0, 0.17584034840208856]
[40.0, 0.0, 0.17584034840208856]
[40.0, 0.0, 0.17584034840208856]
[40.0, 0.0, 0.17584034840208856]
[40.0, 0.8669840139434847, 0.17584034840208856]
[40.0, 0.0, 0.17584034840208856]
[40.0, 0.0, 0.17584034840208856]
[40.0, 0.0, 0.17584034840208856]
[40.0, 0.0, 0.17584034840208856]
[40.0, 0.0, 0.06262187118746641]
[40.0, 0.0, 0.06262187118746641]
[40.0, 0.0, 0.06262187118746641]
[40.0, 0.0, 0.06262187118746641]
[40.0, 0.0, 0.06262187118746641]
[40.0, 0.0, 0.06262187118746641]
[40.0, 0.0, 0.06262187118746641]
[40.0, 0.0, 0.06262187118746641]
[40.0, 0.0, 0.06262187118746641]
[40.0, 0.0, 0.06262187118746641]
[40.0, 0.0, 0.06262187118746641]
[40.0, 0.8669840139434847, 0.06262187118746641]
[40.0, 0.8669840139434847, 0.06262187118746641]
[40.0, 0.8669840139434847, 0.06262187118746641]
[40.0, 0.8669840139434847, 0.06262187118746641]
[40.0, 0.0, 0.06262187118746641]
[40.0, 0.0, 0.06262187118746641]
[40.0, 0.0, 0.06262187118746641]
[40.0, 0.0, 0.06262187118746641]
[40.0, 0.0, 0.06262187118746641]
[40.0, 0.0, 0.23489039189254984]
[40.0, 0.0, 0.23489039189254984]
[40.0, 0.0, 0.23489039189254984]
[40.0, 0.0, 0.23489039189254984]
[40.0, 0.0, 0.23489039189254984]
[40.0, 0.0, 0.23489039189254984]
[40.0, 0.0, 0.23489039189254984]
[40.0, 0.0, 0.23489039189254984]
[40.0, 0.0, 0.23489039189254984]
[40.0, 0.0, 0.23489039189254984]
[40.0, 0.0, 0.23489039189254984]
[40.0, 0.0, 0.23489039189254984]
[40.0, 0.0, 0.23489039189254984]
[40.0, 0.0, 0.23489039189254984]
[40.0, 0.0, 0.23489039189254984]
[40.0, 0.0, 0.23489039189254984]
[40.0, 0.0, 0.23489039189254984]
[40.0, 0.0, 0.23489039189254984]
[40.0, 0.0, 0.23489039189254984]
[40.0, 0.0, 0.23489039189254984]
[40.0, 0.0, 0.2385087417772133]
[40.0, 0.0, 0.2385087417772133]
[40.0, 0.0, 0.2385087417772133]
[40.0, 0.0, 0.2385087417772133]
[40.0, 0.0, 0.2385087417772133]
[40.0, 0.0, 0.2385087417772133]
[40.0, 0.0, 0.2385087417772133]
[40.0, 0.0, 0.2385087417772133]
[40.0, 0.0, 0.2385087417772133]
[40.0, 0.0, 0.2385087417772133]
[40.0, 0.0, 0.2385087417772133]
[40.0, 0.0, 0.2385087417772133]
[40.0, -0.8669840139434847, 0.2385087417772133]
[40.0, 0.0, 0.2385087417772133]
[40.0, 0.0, 0.2385087417772133]
[40.0, 0.0, 0.2385087417772133]
[40.0, 0.0, 0.2385087417772133]
[40.0, 0.0, 0.2385087417772133]
[40.0, 0.0, 0.2385087417772133]
[40.0, 0.0, 0.2385087417772133]
[40.0, 0.0, 0.24643955144357613]
[40.0, 0.0, 0.24643955144357613]
[40.0, 0.0, 0.24643955144357613]
[40.0, 0.0, 0.24643955144357613]
[40.0, 0.0, 0.24643955144357613]
[40.0, 0.0, 0.24643955144357613]
[40.0, 0.0, 0.24643955144357613]
[40.0, 0.0, 0.24643955144357613]
[40.0, 0.0, 0.24643955144357613]
[40.0, 0.0, 0.24643955144357613]
[40.0, 0.0, 0.24643955144357613]
[40.0, 0.8669840139434847, 0.24643955144357613]
>>>> 
----------------------------
Path number   : 1
Path length   : 1102.7130893928752
Time required : 92.27079725265503 s
>>>> Nodes
[1086.1026389052156, 493.0078987853309, 0.3152439237365917]
[1082.3930087096091, 491.7981168261535, 0.3152439237365917]
[1078.683378514003, 490.588334866976, 0.3152439237365917]
[1074.9737483183965, 489.3785529077986, 0.3152439237365917]
[1071.2641181227903, 488.1687709486212, 0.3152439237365917]
[1067.5544879271838, 486.95898898944375, 0.3152439237365917]
[1063.8448577315773, 485.74920703026635, 0.3152439237365917]
[1060.1352275359711, 484.53942507108894, 0.3152439237365917]
[1056.4255973403647, 483.3296431119115, 0.3152439237365917]
[1052.7159671447585, 482.1198611527341, 0.3152439237365917]
[1049.006336949152, 480.91007919355667, 0.3152439237365917]
[1045.2967067535455, 479.7002972343792, 0.3152439237365917]
[1041.5870765579393, 478.4905152752018, 0.3152439237365917]
[1037.8774463623329, 477.2807333160244, 0.3152439237365917]
[1034.1678161667264, 476.07095135684693, 0.3152439237365917]
[1030.4581859711202, 474.8611693976695, 0.3152439237365917]
[1026.7485557755138, 473.6513874384921, 0.3152439237365917]
[1023.0389255799074, 472.44160547931466, 0.3152439237365917]
[1019.3292953843011, 471.23182352013725, 0.3152439237365917]
[1015.7520366311841, 470.25455221330157, 0.21812145175389985]
[1011.7519278747994, 469.3679370629319, 0.218121451753901]
[1007.7518191184147, 468.48132191256224, 0.218121451753901]
[1003.75171036203, 467.5947067621926, 0.218121451753901]
[999.7516016056454, 466.7080916118229, 0.218121451753901]
[995.7514928492607, 465.82147646145324, 0.218121451753901]
[991.751384092876, 464.9348613110836, 0.218121451753901]
[987.7512753364914, 464.0482461607139, 0.218121451753901]
[983.7511665801067, 463.1616310103442, 0.218121451753901]
[979.751057823722, 462.27501585997453, 0.218121451753901]
[975.7509490673374, 461.38840070960487, 0.218121451753901]
[971.7508403109528, 460.5017855592352, 0.218121451753901]
[967.750731554568, 459.61517040886554, 0.218121451753901]
[963.7506227981834, 458.7285552584959, 0.218121451753901]
[959.7505140417987, 457.8419401081262, 0.218121451753901]
[955.750405285414, 456.95532495775655, 0.218121451753901]
[951.7502965290294, 456.0687098073869, 0.218121451753901]
[951.7502965290294, 456.0687098073869, 0.21812145175389985]
[947.7883158185849, 454.9637107409791, 0.325856552376552]
[943.9681229640462, 453.4390991049133, 0.4335916529992039]
[939.6470689270179, 451.4385577654709, 0.43359165299920416]
[935.3260148899898, 449.43801642602847, 0.43359165299920416]
[931.0049608529615, 447.4374750865861, 0.43359165299920416]
[926.6839068159334, 445.4369337471437, 0.43359165299920416]
[922.3628527789051, 443.4363924077013, 0.43359165299920416]
[918.0417987418768, 441.4358510682589, 0.43359165299920416]
[913.7207447048487, 439.4353097288165, 0.43359165299920416]
[909.3996906678204, 437.4347683893741, 0.43359165299920416]
[905.0786366307923, 435.43422704993174, 0.43359165299920416]
[900.757582593764, 433.4336857104893, 0.43359165299920416]
[896.4365285567358, 431.4331443710469, 0.43359165299920416]
[892.1154745197076, 429.4326030316045, 0.43359165299920416]
[887.7944204826794, 427.4320616921621, 0.43359165299920416]
[883.4733664456512, 425.4315203527197, 0.43359165299920416]
[879.152312408623, 423.43097901327735, 0.43359165299920416]
[874.8312583715948, 421.43043767383494, 0.43359165299920416]
[870.5102043345665, 419.42989633439254, 0.43359165299920416]
[870.5102043345665, 419.42989633439254, 0.4335916529992039]
[866.664394606221, 417.3751326092772, 0.5478063816388339]
[862.7878036593253, 415.0100591017212, 0.5478063816388339]
[858.9112127124296, 412.6449855941652, 0.5478063816388339]
[855.0346217655339, 410.2799120866091, 0.5478063816388339]
[851.1580308186382, 407.9148385790531, 0.5478063816388339]
[847.2814398717425, 405.54976507149706, 0.5478063816388339]
[843.4048489248468, 403.18469156394104, 0.5478063816388339]
[839.528257977951, 400.819618056385, 0.5478063816388339]
[835.6516670310552, 398.45454454882895, 0.5478063816388339]
[831.7750760841595, 396.08947104127293, 0.5478063816388339]
[827.8984851372638, 393.7243975337169, 0.5478063816388339]
[824.0218941903681, 391.3593240261609, 0.5478063816388339]
[820.1453032434724, 388.9942505186048, 0.5478063816388339]
[816.2687122965767, 386.6291770110488, 0.5478063816388339]
[812.392121349681, 384.2641035034928, 0.5478063816388339]
[812.392121349681, 384.2641035034928, 0.5478063816388339]
[808.187308886083, 381.29225043033244, 0.682709558866665]
[804.4203973458817, 377.78187495315336, 0.817612736094496]
[801.1598363487268, 373.79676510193053, 0.9525159133223267]
[798.4648744747127, 369.4093354398057, 1.0874190905501577]
[796.7739122268267, 366.18790891357094, 1.0874190905501582]
[795.0829499789407, 362.96648238733616, 1.0874190905501582]
[793.3919877310547, 359.7450558611014, 1.0874190905501582]
[791.7010254831687, 356.5236293348666, 1.0874190905501582]
[790.0100632352827, 353.3022028086318, 1.0874190905501582]
[788.3191009873967, 350.08077628239704, 1.0874190905501582]
[786.6281387395106, 346.85934975616226, 1.0874190905501582]
[784.9371764916247, 343.6379232299274, 1.0874190905501582]
[783.2462142437387, 340.41649670369264, 1.0874190905501582]
[781.5552519958527, 337.19507017745786, 1.0874190905501582]
[779.8642897479667, 333.9736436512231, 1.0874190905501582]
[778.1733275000806, 330.7522171249883, 1.0874190905501582]
[776.4823652521947, 327.5307905987535, 1.0874190905501582]
[774.7914030043087, 324.30936407251875, 1.0874190905501582]
[774.7914030043087, 324.30936407251875, 1.0874190905501577]
[771.9944550849536, 319.77925252273985, 0.9479243872778005]
[768.5947965132426, 315.6820400663475, 0.8084296840054432]
[764.6584732689333, 312.09732422916665, 0.668934980733086]
[760.2619572446672, 309.0947461426889, 0.5294402774607287]
[758.111470720892, 307.8363558692877, 0.5294402774607295]
[755.9609841971169, 306.57796559588644, 0.5294402774607295]
[753.8104976733417, 305.3195753224852, 0.5294402774607295]
[751.6600111495666, 304.061185049084, 0.5294402774607295]
[749.5095246257914, 302.80279477568274, 0.5294402774607295]
[747.3590381020163, 301.54440450228145, 0.5294402774607295]
[745.2085515782411, 300.2860142288802, 0.5294402774607295]
[743.0580650544659, 299.027623955479, 0.5294402774607295]
[740.9075785306909, 297.76923368207775, 0.5294402774607295]
[738.7570920069157, 296.5108434086765, 0.5294402774607295]
[736.6066054831406, 295.2524531352753, 0.5294402774607295]
[734.4561189593654, 293.99406286187406, 0.5294402774607295]
[732.3056324355903, 292.7356725884728, 0.5294402774607295]
[730.1551459118151, 291.4772823150716, 0.5294402774607295]
[728.00465938804, 290.2188920416703, 0.5294402774607295]
[725.8541728642648, 288.96050176826907, 0.5294402774607295]
[723.7036863404896, 287.70211149486784, 0.5294402774607295]
[721.5531998167145, 286.4437212214666, 0.5294402774607295]
[719.4027132929393, 285.18533094806537, 0.5294402774607295]
[713.7466453115557, 282.1587478294994, 0.4856181732551365]
[709.5533453324056, 279.94563830158853, 0.4856181732551365]
[705.3600453532554, 277.73252877367764, 0.4856181732551365]
[701.1667453741052, 275.51941924576676, 0.4856181732551365]
[696.9734453949551, 273.30630971785587, 0.4856181732551365]
[692.7801454158049, 271.093200189945, 0.4856181732551365]
[688.5868454366548, 268.8800906620341, 0.4856181732551365]
[684.3935454575046, 266.6669811341232, 0.4856181732551365]
[680.2002454783544, 264.4538716062124, 0.4856181732551365]
[676.0069454992043, 262.2407620783015, 0.4856181732551365]
[671.8136455200541, 260.0276525503906, 0.4856181732551365]
[667.6203455409039, 257.8145430224797, 0.4856181732551365]
[663.4270455617539, 255.60143349456882, 0.4856181732551365]
[659.2337455826037, 253.38832396665794, 0.4856181732551365]
[655.0404456034535, 251.17521443874705, 0.4856181732551365]
[650.8471456243034, 248.96210491083616, 0.4856181732551365]
[646.6538456451532, 246.74899538292527, 0.4856181732551365]
[646.6538456451532, 246.74899538292524, 0.48561817325513545]
[634.6431509294059, 242.77857823152164, 0.1529110936051965]
[630.7886986921519, 242.18455269577237, 0.1529110936051954]
[626.934246454898, 241.5905271600231, 0.1529110936051954]
[623.079794217644, 240.99650162427386, 0.1529110936051954]
[619.2253419803901, 240.4024760885246, 0.1529110936051954]
[615.3708897431361, 239.80845055277533, 0.1529110936051954]
[611.5164375058821, 239.21442501702606, 0.1529110936051954]
[607.6619852686282, 238.6203994812768, 0.1529110936051954]
[603.8075330313742, 238.02637394552752, 0.1529110936051954]
[599.9530807941203, 237.43234840977829, 0.1529110936051954]
[596.0986285568663, 236.83832287402902, 0.1529110936051954]
[592.2441763196124, 236.24429733827975, 0.1529110936051954]
[588.3897240823584, 235.65027180253048, 0.1529110936051954]
[584.5352718451044, 235.05624626678122, 0.1529110936051954]
[580.6808196078505, 234.46222073103195, 0.1529110936051954]
[576.8263673705965, 233.8681951952827, 0.1529110936051954]
[572.9719151333426, 233.27416965953344, 0.1529110936051954]
[569.1174628960886, 232.68014412378417, 0.1529110936051954]
[569.1174628960886, 232.68014412378417, 0.1529110936051965]
[563.7335103422686, 231.4463207729623, 0.29764277914018855]
[555.779014170259, 229.0062365475433, 0.2976427791401878]
[547.8245179982493, 226.56615232212428, 0.2976427791401878]
[539.8700218262397, 224.12606809670527, 0.2976427791401878]
[531.9155256542301, 221.68598387128625, 0.2976427791401878]
[523.9610294822206, 219.24589964586724, 0.2976427791401878]
[516.006533310211, 216.80581542044823, 0.2976427791401878]
[508.0520371382014, 214.3657311950292, 0.2976427791401878]
[500.0975409661918, 211.9256469696102, 0.2976427791401878]
[492.1430447941822, 209.48556274419118, 0.2976427791401878]
[484.18854862217256, 207.04547851877217, 0.2976427791401878]
[476.23405245016295, 204.60539429335316, 0.2976427791401878]
[468.2795562781534, 202.16531006793414, 0.2976427791401878]
[460.3250601061438, 199.72522584251513, 0.2976427791401878]
[452.37056393413417, 197.28514161709612, 0.2976427791401878]
[444.41606776212456, 194.8450573916771, 0.2976427791401878]
[436.461571590115, 192.4049731662581, 0.2976427791401878]
[428.5070754181054, 189.96488894083907, 0.2976427791401878]
[420.5525792460958, 187.52480471542006, 0.2976427791401878]
[416.8966981763028, 186.1961737338044, 0.3995221742538182]
[406.826486860966, 181.94422746958662, 0.3995221742538183]
[396.75627554562925, 177.69228120536886, 0.3995221742538183]
[386.68606423029246, 173.4403349411511, 0.3995221742538183]
[376.61585291495567, 169.18838867693333, 0.3995221742538183]
[366.5456415996189, 164.93644241271556, 0.3995221742538183]
[356.4754302842821, 160.6844961484978, 0.3995221742538183]
[346.40521896894535, 156.43254988428004, 0.3995221742538183]
[336.33500765360856, 152.18060362006227, 0.3995221742538183]
[326.2647963382718, 147.9286573558445, 0.3995221742538183]
[316.19458502293503, 143.67671109162674, 0.3995221742538183]
[306.12437370759824, 139.42476482740898, 0.3995221742538183]
[296.05416239226145, 135.1728185631912, 0.3995221742538183]
[285.9839510769247, 130.92087229897345, 0.3995221742538183]
[275.9137397615879, 126.66892603475569, 0.3995221742538183]
[265.8435284462511, 122.41697977053792, 0.3995221742538183]
[255.77331713091436, 118.16503350632016, 0.3995221742538183]
[245.70310581557757, 113.91308724210239, 0.3995221742538183]
[235.6328945002408, 109.66114097788463, 0.3995221742538183]
[234.25379684693834, 109.04645150061282, 0.43905345182595346]
[227.31163056806355, 105.78623870105577, 0.43905345182595307]
[220.36946428918878, 102.52602590149871, 0.43905345182595307]
[213.427298010314, 99.26581310194166, 0.43905345182595307]
[206.4851317314392, 96.00560030238461, 0.43905345182595307]
[199.54296545256443, 92.74538750282757, 0.43905345182595307]
[192.6007991736896, 89.48517470327052, 0.43905345182595307]
[185.65863289481484, 86.22496190371346, 0.43905345182595307]
[178.71646661594005, 82.96474910415641, 0.43905345182595307]
[171.77430033706526, 79.70453630459937, 0.43905345182595307]
[164.8321340581905, 76.44432350504232, 0.43905345182595307]
[157.8899677793157, 73.18411070548527, 0.43905345182595307]
[150.9478015004409, 69.92389790592821, 0.43905345182595307]
[144.00563522156614, 66.66368510637116, 0.43905345182595307]
[137.06346894269134, 63.403472306814116, 0.43905345182595307]
[130.12130266381655, 60.14325950725706, 0.43905345182595307]
[123.17913638494176, 56.88304670770002, 0.43905345182595307]
[116.23697010606698, 53.622833908142965, 0.43905345182595307]
[116.23697010606698, 53.622833908142965, 0.439053451825953]
[100.0, 50.00000000000001, 0.0]
>>>> 
>>>> inputs
[40.0, 0.0, 0.09243030909159326]
[40.0, 0.0, 0.09243030909159326]
[40.0, 0.0, 0.09243030909159326]
[40.0, 0.0, 0.09243030909159326]
[40.0, 0.0, 0.09243030909159326]
[40.0, 0.0, 0.09243030909159326]
[40.0, 0.0, 0.09243030909159326]
[40.0, 0.0, 0.09243030909159326]
[40.0, 0.0, 0.09243030909159326]
[40.0, 0.0, 0.09243030909159326]
[40.0, 0.0, 0.09243030909159326]
[40.0, 0.0, 0.09243030909159326]
[40.0, 0.0, 0.09243030909159326]
[40.0, 0.0, 0.09243030909159326]
[40.0, 0.0, 0.09243030909159326]
[40.0, 0.0, 0.09243030909159326]
[40.0, 0.0, 0.09243030909159326]
[40.0, 0.0, 0.09243030909159326]
[40.0, 0.8669840139434847, 0.09243030909159326]
[40.0, 0.0, 0.09243030909159326]
[40.0, 0.0, 0.09223172132227196]
[40.0, 0.0, 0.09223172132227196]
[40.0, 0.0, 0.09223172132227196]
[40.0, 0.0, 0.09223172132227196]
[40.0, 0.0, 0.09223172132227196]
[40.0, 0.0, 0.09223172132227196]
[40.0, 0.0, 0.09223172132227196]
[40.0, 0.0, 0.09223172132227196]
[40.0, 0.0, 0.09223172132227196]
[40.0, 0.0, 0.09223172132227196]
[40.0, 0.0, 0.09223172132227196]
[40.0, 0.0, 0.09223172132227196]
[40.0, 0.0, 0.09223172132227196]
[40.0, 0.0, 0.09223172132227196]
[40.0, 0.0, 0.09223172132227196]
[40.0, -0.8669840139434847, 0.09223172132227196]
[40.0, -0.8669840139434847, 0.09223172132227196]
[40.0, -0.8669840139434847, 0.09223172132227196]
[40.0, 0.0, 0.09223172132227196]
[40.0, 0.0, 0.09223172132227196]
[40.0, 0.0, 0.10663922389469804]
[40.0, 0.0, 0.10663922389469804]
[40.0, 0.0, 0.10663922389469804]
[40.0, 0.0, 0.10663922389469804]
[40.0, 0.0, 0.10663922389469804]
[40.0, 0.0, 0.10663922389469804]
[40.0, 0.0, 0.10663922389469804]
[40.0, 0.0, 0.10663922389469804]
[40.0, 0.0, 0.10663922389469804]
[40.0, 0.0, 0.10663922389469804]
[40.0, 0.0, 0.10663922389469804]
[40.0, 0.0, 0.10663922389469804]
[40.0, 0.0, 0.10663922389469804]
[40.0, 0.0, 0.10663922389469804]
[40.0, 0.0, 0.10663922389469804]
[40.0, -0.8669840139434847, 0.10663922389469804]
[40.0, -0.8669840139434847, 0.10663922389469804]
[40.0, 0.0, 0.10663922389469804]
[40.0, 0.0, 0.10663922389469804]
[40.0, 0.0, 0.10663922389469804]
[40.0, 0.0, 0.10523374503149338]
[40.0, 0.0, 0.10523374503149338]
[40.0, 0.0, 0.10523374503149338]
[40.0, 0.0, 0.10523374503149338]
[40.0, 0.0, 0.10523374503149338]
[40.0, 0.0, 0.10523374503149338]
[40.0, 0.0, 0.10523374503149338]
[40.0, 0.0, 0.10523374503149338]
[40.0, 0.0, 0.10523374503149338]
[40.0, 0.0, 0.10523374503149338]
[40.0, 0.0, 0.10523374503149338]
[40.0, -0.8669840139434847, 0.10523374503149338]
[40.0, -0.8669840139434847, 0.10523374503149338]
[40.0, -0.8669840139434847, 0.10523374503149338]
[40.0, -0.8669840139434847, 0.10523374503149338]
[40.0, -0.8669840139434847, 0.10523374503149338]
[40.0, 0.0, 0.10523374503149338]
[40.0, 0.0, 0.10523374503149338]
[40.0, 0.0, 0.10523374503149338]
[40.0, 0.0, 0.10523374503149338]
[40.0, 0.0, 0.09031109116914283]
[40.0, 0.0, 0.09031109116914283]
[40.0, 0.0, 0.09031109116914283]
[40.0, 0.0, 0.09031109116914283]
[40.0, 0.0, 0.09031109116914283]
[40.0, 0.0, 0.09031109116914283]
[40.0, 0.0, 0.09031109116914283]
[40.0, 0.0, 0.09031109116914283]
[40.0, 0.0, 0.09031109116914283]
[40.0, 0.0, 0.09031109116914283]
[40.0, 0.8669840139434847, 0.09031109116914283]
[40.0, 0.8669840139434847, 0.09031109116914283]
[40.0, 0.8669840139434847, 0.09031109116914283]
[40.0, 0.8669840139434847, 0.09031109116914283]
[40.0, 0.8669840139434847, 0.09031109116914283]
[40.0, 0.0, 0.09031109116914283]
[40.0, 0.0, 0.09031109116914283]
[40.0, 0.0, 0.09031109116914283]
[40.0, 0.0, 0.09031109116914283]
[40.0, 0.0, 0.09031109116914283]
[40.0, 0.0, 0.06126817452866682]
[40.0, 0.0, 0.06126817452866682]
[40.0, 0.0, 0.06126817452866682]
[40.0, 0.0, 0.06126817452866682]
[40.0, 0.0, 0.06126817452866682]
[40.0, 0.0, 0.06126817452866682]
[40.0, 0.0, 0.06126817452866682]
[40.0, 0.0, 0.06126817452866682]
[40.0, 0.0, 0.06126817452866682]
[40.0, 0.0, 0.06126817452866682]
[40.0, 0.0, 0.06126817452866682]
[40.0, 0.0, 0.06126817452866682]
[40.0, 0.0, 0.06126817452866682]
[40.0, 0.0, 0.06126817452866682]
[40.0, 0.0, 0.06126817452866682]
[40.0, 0.0, 0.06126817452866682]
[40.0, 0.0, 0.06126817452866682]
[40.0, 0.0, 0.06126817452866682]
[40.0, 0.0, 0.06126817452866682]
[40.0, 0.0, 0.06126817452866682]
[40.0, 0.0, 0.11664201131852739]
[40.0, 0.0, 0.11664201131852739]
[40.0, 0.0, 0.11664201131852739]
[40.0, 0.0, 0.11664201131852739]
[40.0, 0.0, 0.11664201131852739]
[40.0, 0.0, 0.11664201131852739]
[40.0, 0.0, 0.11664201131852739]
[40.0, 0.0, 0.11664201131852739]
[40.0, 0.0, 0.11664201131852739]
[40.0, 0.0, 0.11664201131852739]
[40.0, 0.0, 0.11664201131852739]
[40.0, 0.8669840139434847, 0.11664201131852739]
[40.0, 0.8669840139434847, 0.11664201131852739]
[40.0, 0.0, 0.11664201131852739]
[40.0, 0.0, 0.11664201131852739]
[40.0, 0.0, 0.11664201131852739]
[40.0, 0.0, 0.11664201131852739]
[40.0, 0.0, 0.11664201131852739]
[40.0, 0.0, 0.11664201131852739]
[40.0, 0.0, 0.11664201131852739]
[40.0, 0.0, 0.08978452551304764]
[40.0, 0.0, 0.08978452551304764]
[40.0, 0.0, 0.08978452551304764]
[40.0, 0.0, 0.08978452551304764]
[40.0, 0.0, 0.08978452551304764]
[40.0, 0.0, 0.08978452551304764]
[40.0, 0.0, 0.08978452551304764]
[40.0, 0.0, 0.08978452551304764]
[40.0, 0.0, 0.08978452551304764]
[40.0, 0.0, 0.08978452551304764]
[40.0, -0.8669840139434847, 0.08978452551304764]
[40.0, -0.8669840139434847, 0.08978452551304764]
[40.0, 0.0, 0.08978452551304764]
[40.0, 0.0, 0.08978452551304764]
[40.0, 0.0, 0.08978452551304764]
[40.0, 0.0, 0.08978452551304764]
[40.0, 0.0, 0.08978452551304764]
[40.0, 0.0, 0.08978452551304764]
[40.0, 0.0, 0.08978452551304764]
[40.0, 0.0, 0.08978452551304764]
[40.0, 0.0, 0.19207198231451403]
[40.0, 0.0, 0.19207198231451403]
[40.0, 0.0, 0.19207198231451403]
[40.0, 0.0, 0.19207198231451403]
[40.0, 0.0, 0.19207198231451403]
[40.0, 0.0, 0.19207198231451403]
[40.0, 0.0, 0.19207198231451403]
[40.0, 0.0, 0.19207198231451403]
[40.0, 0.0, 0.19207198231451403]
[40.0, 0.0, 0.19207198231451403]
[40.0, -0.8669840139434847, 0.19207198231451403]
[40.0, 0.0, 0.19207198231451403]
[40.0, 0.0, 0.19207198231451403]
[40.0, 0.0, 0.19207198231451403]
[40.0, 0.0, 0.19207198231451403]
[40.0, 0.0, 0.19207198231451403]
[40.0, 0.0, 0.19207198231451403]
[40.0, 0.0, 0.19207198231451403]
[40.0, 0.0, 0.19207198231451403]
[40.0, 0.0, 0.19207198231451403]
[40.0, 0.0, 0.24783646351563154]
[40.0, 0.0, 0.24783646351563154]
[40.0, 0.0, 0.24783646351563154]
[40.0, 0.0, 0.24783646351563154]
[40.0, 0.0, 0.24783646351563154]
[40.0, 0.0, 0.24783646351563154]
[40.0, 0.0, 0.24783646351563154]
[40.0, 0.0, 0.24783646351563154]
[40.0, 0.0, 0.24783646351563154]
[40.0, -0.8669840139434847, 0.24783646351563154]
[40.0, 0.0, 0.24783646351563154]
[40.0, 0.0, 0.24783646351563154]
[40.0, 0.0, 0.24783646351563154]
[40.0, 0.0, 0.24783646351563154]
[40.0, 0.0, 0.24783646351563154]
[40.0, 0.0, 0.24783646351563154]
[40.0, 0.0, 0.24783646351563154]
[40.0, 0.0, 0.24783646351563154]
[40.0, 0.0, 0.24783646351563154]
[40.0, 0.0, 0.24783646351563154]
[40.0, 0.0, 0.1839421140415072]
[40.0, 0.0, 0.1839421140415072]
[40.0, 0.0, 0.1839421140415072]
[40.0, 0.0, 0.1839421140415072]
[40.0, 0.0, 0.1839421140415072]
[40.0, 0.0, 0.1839421140415072]
[40.0, 0.0, 0.1839421140415072]
[40.0, 0.8669840139434847, 0.1839421140415072]
[40.0, 0.8669840139434847, 0.1839421140415072]
>>>> 
----------------------------
Path number   : 2
Path length   : 1097.510106785025
Time required : 95.23196744918823 s
>>>> Nodes
[1083.849098862045, 479.6173160599258, 0.13470242476046215]
[1080.240151476612, 479.12822033964113, 0.13470242476046215]
[1076.631204091179, 478.63912461935644, 0.13470242476046215]
[1073.022256705746, 478.1500288990718, 0.13470242476046215]
[1069.4133093203131, 477.6609331787871, 0.13470242476046215]
[1065.8043619348803, 477.1718374585024, 0.13470242476046215]
[1062.1954145494474, 476.6827417382177, 0.13470242476046215]
[1058.5864671640143, 476.193646017933, 0.13470242476046215]
[1054.9775197785814, 475.7045502976483, 0.13470242476046215]
[1051.3685723931485, 475.21545457736363, 0.13470242476046215]
[1047.7596250077154, 474.726358857079, 0.13470242476046215]
[1044.1506776222825, 474.2372631367943, 0.13470242476046215]
[1040.5417302368496, 473.7481674165096, 0.13470242476046215]
[1036.9327828514167, 473.2590716962249, 0.13470242476046215]
[1033.3238354659838, 472.7699759759402, 0.13470242476046215]
[1029.7148880805507, 472.2808802556556, 0.13470242476046215]
[1026.1059406951179, 471.7917845353709, 0.13470242476046215]
[1022.496993309685, 471.3026888150862, 0.13470242476046215]
[1018.888045924252, 470.8135930948015, 0.13470242476046215]
[1015.7520366311841, 470.2545522133015, 0.21812145175390296]
[1011.7519278747994, 469.3679370629319, 0.218121451753901]
[1007.7518191184147, 468.48132191256224, 0.218121451753901]
[1003.75171036203, 467.5947067621926, 0.218121451753901]
[999.7516016056454, 466.7080916118229, 0.218121451753901]
[995.7514928492607, 465.82147646145324, 0.218121451753901]
[991.751384092876, 464.9348613110836, 0.218121451753901]
[987.7512753364914, 464.0482461607139, 0.218121451753901]
[983.7511665801067, 463.1616310103442, 0.218121451753901]
[979.751057823722, 462.27501585997453, 0.218121451753901]
[975.7509490673374, 461.38840070960487, 0.218121451753901]
[971.7508403109528, 460.5017855592352, 0.218121451753901]
[967.750731554568, 459.61517040886554, 0.218121451753901]
[963.7506227981834, 458.7285552584959, 0.218121451753901]
[959.7505140417987, 457.8419401081262, 0.218121451753901]
[955.750405285414, 456.95532495775655, 0.218121451753901]
[951.7502965290294, 456.0687098073869, 0.218121451753901]
[951.7502965290294, 456.0687098073869, 0.21812145175389985]
[947.7883158185849, 454.9637107409791, 0.325856552376552]
[943.9681229640462, 453.4390991049133, 0.4335916529992039]
[939.6470689270179, 451.4385577654709, 0.43359165299920416]
[935.3260148899898, 449.43801642602847, 0.43359165299920416]
[931.0049608529615, 447.4374750865861, 0.43359165299920416]
[926.6839068159334, 445.4369337471437, 0.43359165299920416]
[922.3628527789051, 443.4363924077013, 0.43359165299920416]
[918.0417987418768, 441.4358510682589, 0.43359165299920416]
[913.7207447048487, 439.4353097288165, 0.43359165299920416]
[909.3996906678204, 437.4347683893741, 0.43359165299920416]
[905.0786366307923, 435.43422704993174, 0.43359165299920416]
[900.757582593764, 433.4336857104893, 0.43359165299920416]
[896.4365285567358, 431.4331443710469, 0.43359165299920416]
[892.1154745197076, 429.4326030316045, 0.43359165299920416]
[887.7944204826794, 427.4320616921621, 0.43359165299920416]
[883.4733664456512, 425.4315203527197, 0.43359165299920416]
[879.152312408623, 423.43097901327735, 0.43359165299920416]
[874.8312583715948, 421.43043767383494, 0.43359165299920416]
[870.5102043345665, 419.42989633439254, 0.43359165299920416]
[870.5102043345665, 419.42989633439254, 0.4335916529992039]
[866.664394606221, 417.3751326092772, 0.5478063816388339]
[862.7878036593253, 415.0100591017212, 0.5478063816388339]
[858.9112127124296, 412.6449855941652, 0.5478063816388339]
[855.0346217655339, 410.2799120866091, 0.5478063816388339]
[851.1580308186382, 407.9148385790531, 0.5478063816388339]
[847.2814398717425, 405.54976507149706, 0.5478063816388339]
[843.4048489248468, 403.18469156394104, 0.5478063816388339]
[839.528257977951, 400.819618056385, 0.5478063816388339]
[835.6516670310552, 398.45454454882895, 0.5478063816388339]
[831.7750760841595, 396.08947104127293, 0.5478063816388339]
[827.8984851372638, 393.7243975337169, 0.5478063816388339]
[824.0218941903681, 391.3593240261609, 0.5478063816388339]
[820.1453032434724, 388.9942505186048, 0.5478063816388339]
[816.2687122965767, 386.6291770110488, 0.5478063816388339]
[812.392121349681, 384.2641035034928, 0.5478063816388339]
[812.392121349681, 384.2641035034928, 0.5478063816388339]
[808.187308886083, 381.29225043033244, 0.682709558866665]
[804.4203973458817, 377.78187495315336, 0.817612736094496]
[801.1598363487268, 373.79676510193053, 0.9525159133223267]
[798.4648744747127, 369.4093354398057, 1.0874190905501577]
[796.7739122268267, 366.18790891357094, 1.0874190905501582]
[795.0829499789407, 362.96648238733616, 1.0874190905501582]
[793.3919877310547, 359.7450558611014, 1.0874190905501582]
[791.7010254831687, 356.5236293348666, 1.0874190905501582]
[790.0100632352827, 353.3022028086318, 1.0874190905501582]
[788.3191009873967, 350.08077628239704, 1.0874190905501582]
[786.6281387395106, 346.85934975616226, 1.0874190905501582]
[784.9371764916247, 343.6379232299274, 1.0874190905501582]
[783.2462142437387, 340.41649670369264, 1.0874190905501582]
[781.5552519958527, 337.19507017745786, 1.0874190905501582]
[779.8642897479667, 333.9736436512231, 1.0874190905501582]
[778.1733275000806, 330.7522171249883, 1.0874190905501582]
[776.4823652521947, 327.5307905987535, 1.0874190905501582]
[774.7914030043087, 324.30936407251875, 1.0874190905501582]
[774.7914030043087, 324.30936407251875, 1.0874190905501577]
[771.9944550849536, 319.77925252273985, 0.9479243872778005]
[768.5947965132426, 315.6820400663475, 0.8084296840054432]
[764.6584732689333, 312.09732422916665, 0.668934980733086]
[760.2619572446672, 309.0947461426889, 0.5294402774607287]
[758.111470720892, 307.8363558692877, 0.5294402774607295]
[755.9609841971169, 306.57796559588644, 0.5294402774607295]
[753.8104976733417, 305.3195753224852, 0.5294402774607295]
[751.6600111495666, 304.061185049084, 0.5294402774607295]
[749.5095246257914, 302.80279477568274, 0.5294402774607295]
[747.3590381020163, 301.54440450228145, 0.5294402774607295]
[745.2085515782411, 300.2860142288802, 0.5294402774607295]
[743.0580650544659, 299.027623955479, 0.5294402774607295]
[740.9075785306909, 297.76923368207775, 0.5294402774607295]
[738.7570920069157, 296.5108434086765, 0.5294402774607295]
[736.6066054831406, 295.2524531352753, 0.5294402774607295]
[734.4561189593654, 293.99406286187406, 0.5294402774607295]
[732.3056324355903, 292.7356725884728, 0.5294402774607295]
[730.1551459118151, 291.4772823150716, 0.5294402774607295]
[728.00465938804, 290.2188920416703, 0.5294402774607295]
[725.8541728642648, 288.96050176826907, 0.5294402774607295]
[723.7036863404896, 287.70211149486784, 0.5294402774607295]
[721.5531998167145, 286.4437212214666, 0.5294402774607295]
[719.4027132929393, 285.18533094806537, 0.5294402774607295]
[713.7466453115557, 282.1587478294994, 0.4856181732551365]
[709.5533453324056, 279.94563830158853, 0.4856181732551365]
[705.3600453532554, 277.73252877367764, 0.4856181732551365]
[701.1667453741052, 275.51941924576676, 0.4856181732551365]
[696.9734453949551, 273.30630971785587, 0.4856181732551365]
[692.7801454158049, 271.093200189945, 0.4856181732551365]
[688.5868454366548, 268.8800906620341, 0.4856181732551365]
[684.3935454575046, 266.6669811341232, 0.4856181732551365]
[680.2002454783544, 264.4538716062124, 0.4856181732551365]
[676.0069454992043, 262.2407620783015, 0.4856181732551365]
[671.8136455200541, 260.0276525503906, 0.4856181732551365]
[667.6203455409039, 257.8145430224797, 0.4856181732551365]
[663.4270455617539, 255.60143349456882, 0.4856181732551365]
[659.2337455826037, 253.38832396665794, 0.4856181732551365]
[655.0404456034535, 251.17521443874705, 0.4856181732551365]
[650.8471456243034, 248.96210491083616, 0.4856181732551365]
[646.6538456451532, 246.74899538292527, 0.4856181732551365]
[646.6538456451532, 246.74899538292524, 0.48561817325513545]
[634.6431509294059, 242.77857823152164, 0.1529110936051965]
[630.7886986921519, 242.18455269577237, 0.1529110936051954]
[626.934246454898, 241.5905271600231, 0.1529110936051954]
[623.079794217644, 240.99650162427386, 0.1529110936051954]
[619.2253419803901, 240.4024760885246, 0.1529110936051954]
[615.3708897431361, 239.80845055277533, 0.1529110936051954]
[611.5164375058821, 239.21442501702606, 0.1529110936051954]
[607.6619852686282, 238.6203994812768, 0.1529110936051954]
[603.8075330313742, 238.02637394552752, 0.1529110936051954]
[599.9530807941203, 237.43234840977829, 0.1529110936051954]
[596.0986285568663, 236.83832287402902, 0.1529110936051954]
[592.2441763196124, 236.24429733827975, 0.1529110936051954]
[588.3897240823584, 235.65027180253048, 0.1529110936051954]
[584.5352718451044, 235.05624626678122, 0.1529110936051954]
[580.6808196078505, 234.46222073103195, 0.1529110936051954]
[576.8263673705965, 233.8681951952827, 0.1529110936051954]
[572.9719151333426, 233.27416965953344, 0.1529110936051954]
[569.1174628960886, 232.68014412378417, 0.1529110936051954]
[569.1174628960886, 232.68014412378417, 0.1529110936051965]
[563.7335103422686, 231.4463207729623, 0.29764277914018855]
[555.779014170259, 229.0062365475433, 0.2976427791401878]
[547.8245179982493, 226.56615232212428, 0.2976427791401878]
[539.8700218262397, 224.12606809670527, 0.2976427791401878]
[531.9155256542301, 221.68598387128625, 0.2976427791401878]
[523.9610294822206, 219.24589964586724, 0.2976427791401878]
[516.006533310211, 216.80581542044823, 0.2976427791401878]
[508.0520371382014, 214.3657311950292, 0.2976427791401878]
[500.0975409661918, 211.9256469696102, 0.2976427791401878]
[492.1430447941822, 209.48556274419118, 0.2976427791401878]
[484.18854862217256, 207.04547851877217, 0.2976427791401878]
[476.23405245016295, 204.60539429335316, 0.2976427791401878]
[468.2795562781534, 202.16531006793414, 0.2976427791401878]
[460.3250601061438, 199.72522584251513, 0.2976427791401878]
[452.37056393413417, 197.28514161709612, 0.2976427791401878]
[444.41606776212456, 194.8450573916771, 0.2976427791401878]
[436.461571590115, 192.4049731662581, 0.2976427791401878]
[428.5070754181054, 189.96488894083907, 0.2976427791401878]
[420.5525792460958, 187.52480471542006, 0.2976427791401878]
[416.8966981763028, 186.1961737338044, 0.3995221742538182]
[406.826486860966, 181.94422746958662, 0.3995221742538183]
[396.75627554562925, 177.69228120536886, 0.3995221742538183]
[386.68606423029246, 173.4403349411511, 0.3995221742538183]
[376.61585291495567, 169.18838867693333, 0.3995221742538183]
[366.5456415996189, 164.93644241271556, 0.3995221742538183]
[356.4754302842821, 160.6844961484978, 0.3995221742538183]
[346.40521896894535, 156.43254988428004, 0.3995221742538183]
[336.33500765360856, 152.18060362006227, 0.3995221742538183]
[326.2647963382718, 147.9286573558445, 0.3995221742538183]
[316.19458502293503, 143.67671109162674, 0.3995221742538183]
[306.12437370759824, 139.42476482740898, 0.3995221742538183]
[296.05416239226145, 135.1728185631912, 0.3995221742538183]
[285.9839510769247, 130.92087229897345, 0.3995221742538183]
[275.9137397615879, 126.66892603475569, 0.3995221742538183]
[265.8435284462511, 122.41697977053792, 0.3995221742538183]
[255.77331713091436, 118.16503350632016, 0.3995221742538183]
[245.70310581557757, 113.91308724210239, 0.3995221742538183]
[235.6328945002408, 109.66114097788463, 0.3995221742538183]
[234.25379684693834, 109.04645150061282, 0.43905345182595346]
[227.31163056806355, 105.78623870105577, 0.43905345182595307]
[220.36946428918878, 102.52602590149871, 0.43905345182595307]
[213.427298010314, 99.26581310194166, 0.43905345182595307]
[206.4851317314392, 96.00560030238461, 0.43905345182595307]
[199.54296545256443, 92.74538750282757, 0.43905345182595307]
[192.6007991736896, 89.48517470327052, 0.43905345182595307]
[185.65863289481484, 86.22496190371346, 0.43905345182595307]
[178.71646661594005, 82.96474910415641, 0.43905345182595307]
[171.77430033706526, 79.70453630459937, 0.43905345182595307]
[164.8321340581905, 76.44432350504232, 0.43905345182595307]
[157.8899677793157, 73.18411070548527, 0.43905345182595307]
[150.9478015004409, 69.92389790592821, 0.43905345182595307]
[144.00563522156614, 66.66368510637116, 0.43905345182595307]
[137.06346894269134, 63.403472306814116, 0.43905345182595307]
[130.12130266381655, 60.14325950725706, 0.43905345182595307]
[123.17913638494176, 56.88304670770002, 0.43905345182595307]
[116.23697010606698, 53.622833908142965, 0.43905345182595307]
[116.23697010606698, 53.622833908142965, 0.439053451825953]
[100.0, 50.00000000000001, 0.0]
>>>> 
>>>> inputs
[40.0, 0.0, 0.08592658083178056]
[40.0, 0.0, 0.08592658083178056]
[40.0, 0.0, 0.08592658083178056]
[40.0, 0.0, 0.08592658083178056]
[40.0, 0.0, 0.08592658083178056]
[40.0, 0.0, 0.08592658083178056]
[40.0, 0.0, 0.08592658083178056]
[40.0, 0.0, 0.08592658083178056]
[40.0, 0.0, 0.08592658083178056]
[40.0, 0.0, 0.08592658083178056]
[40.0, 0.0, 0.08592658083178056]
[40.0, 0.0, 0.08592658083178056]
[40.0, 0.0, 0.08592658083178056]
[40.0, 0.0, 0.08592658083178056]
[40.0, 0.0, 0.08592658083178056]
[40.0, 0.0, 0.08592658083178056]
[40.0, 0.0, 0.08592658083178056]
[40.0, 0.0, 0.08592658083178056]
[40.0, -0.8669840139434847, 0.08592658083178056]
[40.0, 0.0, 0.08592658083178056]
[40.0, 0.0, 0.09223172132227196]
[40.0, 0.0, 0.09223172132227196]
[40.0, 0.0, 0.09223172132227196]
[40.0, 0.0, 0.09223172132227196]
[40.0, 0.0, 0.09223172132227196]
[40.0, 0.0, 0.09223172132227196]
[40.0, 0.0, 0.09223172132227196]
[40.0, 0.0, 0.09223172132227196]
[40.0, 0.0, 0.09223172132227196]
[40.0, 0.0, 0.09223172132227196]
[40.0, 0.0, 0.09223172132227196]
[40.0, 0.0, 0.09223172132227196]
[40.0, 0.0, 0.09223172132227196]
[40.0, 0.0, 0.09223172132227196]
[40.0, 0.0, 0.09223172132227196]
[40.0, -0.8669840139434847, 0.09223172132227196]
[40.0, -0.8669840139434847, 0.09223172132227196]
[40.0, -0.8669840139434847, 0.09223172132227196]
[40.0, 0.0, 0.09223172132227196]
[40.0, 0.0, 0.09223172132227196]
[40.0, 0.0, 0.10663922389469804]
[40.0, 0.0, 0.10663922389469804]
[40.0, 0.0, 0.10663922389469804]
[40.0, 0.0, 0.10663922389469804]
[40.0, 0.0, 0.10663922389469804]
[40.0, 0.0, 0.10663922389469804]
[40.0, 0.0, 0.10663922389469804]
[40.0, 0.0, 0.10663922389469804]
[40.0, 0.0, 0.10663922389469804]
[40.0, 0.0, 0.10663922389469804]
[40.0, 0.0, 0.10663922389469804]
[40.0, 0.0, 0.10663922389469804]
[40.0, 0.0, 0.10663922389469804]
[40.0, 0.0, 0.10663922389469804]
[40.0, 0.0, 0.10663922389469804]
[40.0, -0.8669840139434847, 0.10663922389469804]
[40.0, -0.8669840139434847, 0.10663922389469804]
[40.0, 0.0, 0.10663922389469804]
[40.0, 0.0, 0.10663922389469804]
[40.0, 0.0, 0.10663922389469804]
[40.0, 0.0, 0.10523374503149338]
[40.0, 0.0, 0.10523374503149338]
[40.0, 0.0, 0.10523374503149338]
[40.0, 0.0, 0.10523374503149338]
[40.0, 0.0, 0.10523374503149338]
[40.0, 0.0, 0.10523374503149338]
[40.0, 0.0, 0.10523374503149338]
[40.0, 0.0, 0.10523374503149338]
[40.0, 0.0, 0.10523374503149338]
[40.0, 0.0, 0.10523374503149338]
[40.0, 0.0, 0.10523374503149338]
[40.0, -0.8669840139434847, 0.10523374503149338]
[40.0, -0.8669840139434847, 0.10523374503149338]
[40.0, -0.8669840139434847, 0.10523374503149338]
[40.0, -0.8669840139434847, 0.10523374503149338]
[40.0, -0.8669840139434847, 0.10523374503149338]
[40.0, 0.0, 0.10523374503149338]
[40.0, 0.0, 0.10523374503149338]
[40.0, 0.0, 0.10523374503149338]
[40.0, 0.0, 0.10523374503149338]
[40.0, 0.0, 0.09031109116914283]
[40.0, 0.0, 0.09031109116914283]
[40.0, 0.0, 0.09031109116914283]
[40.0, 0.0, 0.09031109116914283]
[40.0, 0.0, 0.09031109116914283]
[40.0, 0.0, 0.09031109116914283]
[40.0, 0.0, 0.09031109116914283]
[40.0, 0.0, 0.09031109116914283]
[40.0, 0.0, 0.09031109116914283]
[40.0, 0.0, 0.09031109116914283]
[40.0, 0.8669840139434847, 0.09031109116914283]
[40.0, 0.8669840139434847, 0.09031109116914283]
[40.0, 0.8669840139434847, 0.09031109116914283]
[40.0, 0.8669840139434847, 0.09031109116914283]
[40.0, 0.8669840139434847, 0.09031109116914283]
[40.0, 0.0, 0.09031109116914283]
[40.0, 0.0, 0.09031109116914283]
[40.0, 0.0, 0.09031109116914283]
[40.0, 0.0, 0.09031109116914283]
[40.0, 0.0, 0.09031109116914283]
[40.0, 0.0, 0.06126817452866682]
[40.0, 0.0, 0.06126817452866682]
[40.0, 0.0, 0.06126817452866682]
[40.0, 0.0, 0.06126817452866682]
[40.0, 0.0, 0.06126817452866682]
[40.0, 0.0, 0.06126817452866682]
[40.0, 0.0, 0.06126817452866682]
[40.0, 0.0, 0.06126817452866682]
[40.0, 0.0, 0.06126817452866682]
[40.0, 0.0, 0.06126817452866682]
[40.0, 0.0, 0.06126817452866682]
[40.0, 0.0, 0.06126817452866682]
[40.0, 0.0, 0.06126817452866682]
[40.0, 0.0, 0.06126817452866682]
[40.0, 0.0, 0.06126817452866682]
[40.0, 0.0, 0.06126817452866682]
[40.0, 0.0, 0.06126817452866682]
[40.0, 0.0, 0.06126817452866682]
[40.0, 0.0, 0.06126817452866682]
[40.0, 0.0, 0.06126817452866682]
[40.0, 0.0, 0.11664201131852739]
[40.0, 0.0, 0.11664201131852739]
[40.0, 0.0, 0.11664201131852739]
[40.0, 0.0, 0.11664201131852739]
[40.0, 0.0, 0.11664201131852739]
[40.0, 0.0, 0.11664201131852739]
[40.0, 0.0, 0.11664201131852739]
[40.0, 0.0, 0.11664201131852739]
[40.0, 0.0, 0.11664201131852739]
[40.0, 0.0, 0.11664201131852739]
[40.0, 0.0, 0.11664201131852739]
[40.0, 0.8669840139434847, 0.11664201131852739]
[40.0, 0.8669840139434847, 0.11664201131852739]
[40.0, 0.0, 0.11664201131852739]
[40.0, 0.0, 0.11664201131852739]
[40.0, 0.0, 0.11664201131852739]
[40.0, 0.0, 0.11664201131852739]
[40.0, 0.0, 0.11664201131852739]
[40.0, 0.0, 0.11664201131852739]
[40.0, 0.0, 0.11664201131852739]
[40.0, 0.0, 0.08978452551304764]
[40.0, 0.0, 0.08978452551304764]
[40.0, 0.0, 0.08978452551304764]
[40.0, 0.0, 0.08978452551304764]
[40.0, 0.0, 0.08978452551304764]
[40.0, 0.0, 0.08978452551304764]
[40.0, 0.0, 0.08978452551304764]
[40.0, 0.0, 0.08978452551304764]
[40.0, 0.0, 0.08978452551304764]
[40.0, 0.0, 0.08978452551304764]
[40.0, -0.8669840139434847, 0.08978452551304764]
[40.0, -0.8669840139434847, 0.08978452551304764]
[40.0, 0.0, 0.08978452551304764]
[40.0, 0.0, 0.08978452551304764]
[40.0, 0.0, 0.08978452551304764]
[40.0, 0.0, 0.08978452551304764]
[40.0, 0.0, 0.08978452551304764]
[40.0, 0.0, 0.08978452551304764]
[40.0, 0.0, 0.08978452551304764]
[40.0, 0.0, 0.08978452551304764]
[40.0, 0.0, 0.19207198231451403]
[40.0, 0.0, 0.19207198231451403]
[40.0, 0.0, 0.19207198231451403]
[40.0, 0.0, 0.19207198231451403]
[40.0, 0.0, 0.19207198231451403]
[40.0, 0.0, 0.19207198231451403]
[40.0, 0.0, 0.19207198231451403]
[40.0, 0.0, 0.19207198231451403]
[40.0, 0.0, 0.19207198231451403]
[40.0, 0.0, 0.19207198231451403]
[40.0, -0.8669840139434847, 0.19207198231451403]
[40.0, 0.0, 0.19207198231451403]
[40.0, 0.0, 0.19207198231451403]
[40.0, 0.0, 0.19207198231451403]
[40.0, 0.0, 0.19207198231451403]
[40.0, 0.0, 0.19207198231451403]
[40.0, 0.0, 0.19207198231451403]
[40.0, 0.0, 0.19207198231451403]
[40.0, 0.0, 0.19207198231451403]
[40.0, 0.0, 0.19207198231451403]
[40.0, 0.0, 0.24783646351563154]
[40.0, 0.0, 0.24783646351563154]
[40.0, 0.0, 0.24783646351563154]
[40.0, 0.0, 0.24783646351563154]
[40.0, 0.0, 0.24783646351563154]
[40.0, 0.0, 0.24783646351563154]
[40.0, 0.0, 0.24783646351563154]
[40.0, 0.0, 0.24783646351563154]
[40.0, 0.0, 0.24783646351563154]
[40.0, -0.8669840139434847, 0.24783646351563154]
[40.0, 0.0, 0.24783646351563154]
[40.0, 0.0, 0.24783646351563154]
[40.0, 0.0, 0.24783646351563154]
[40.0, 0.0, 0.24783646351563154]
[40.0, 0.0, 0.24783646351563154]
[40.0, 0.0, 0.24783646351563154]
[40.0, 0.0, 0.24783646351563154]
[40.0, 0.0, 0.24783646351563154]
[40.0, 0.0, 0.24783646351563154]
[40.0, 0.0, 0.24783646351563154]
[40.0, 0.0, 0.1839421140415072]
[40.0, 0.0, 0.1839421140415072]
[40.0, 0.0, 0.1839421140415072]
[40.0, 0.0, 0.1839421140415072]
[40.0, 0.0, 0.1839421140415072]
[40.0, 0.0, 0.1839421140415072]
[40.0, 0.0, 0.1839421140415072]
[40.0, 0.8669840139434847, 0.1839421140415072]
[40.0, 0.8669840139434847, 0.1839421140415072]
>>>> 
