----------------------------
RRT search Summary          
----------------------------
Map Name               : ./packages/maps/MAP7.txt
Total paths found      : 2
Total number of nodes  : 2080
Total elapsed time     : 215.52710604667664 s
Solver                 : RRTstar 
----------------------------
Path number   : 0
Path length   : 1111.6194725715595
Time required : 45.50341200828552 s
>>>> Nodes
[1077.6464651476726, 524.4539565379823, 0.35209989370398953]
[1073.8966359832402, 523.0762317313897, 0.35209989370398953]
[1070.1468068188076, 521.6985069247971, 0.35209989370398953]
[1066.3969776543752, 520.3207821182045, 0.35209989370398953]
[1062.6471484899425, 518.9430573116118, 0.35209989370398953]
[1058.8973193255101, 517.5653325050192, 0.35209989370398953]
[1055.1474901610775, 516.1876076984266, 0.35209989370398953]
[1051.397660996645, 514.809882891834, 0.35209989370398953]
[1047.6478318322124, 513.4321580852414, 0.35209989370398953]
[1043.89800266778, 512.0544332786487, 0.35209989370398953]
[1040.1481735033476, 510.6767084720562, 0.35209989370398953]
[1036.398344338915, 509.29898366546354, 0.35209989370398953]
[1032.6485151744826, 507.92125885887094, 0.35209989370398953]
[1028.89868601005, 506.54353405227835, 0.35209989370398953]
[1025.1488568456175, 505.1658092456857, 0.35209989370398953]
[1021.399027681185, 503.7880844390931, 0.35209989370398953]
[1017.6491985167524, 502.4103596325005, 0.35209989370398953]
[1013.8993693523199, 501.03263482590785, 0.35209989370398953]
[1010.1495401878874, 499.65491001931525, 0.35209989370398953]
[1006.8535000368446, 498.26548764437325, 0.44577775745284587]
[1002.3257195504738, 496.10185077275423, 0.44577775745284687]
[997.7979390641028, 493.93821390113527, 0.44577775745284687]
[993.270158577732, 491.7745770295163, 0.44577775745284687]
[988.742378091361, 489.6109401578973, 0.44577775745284687]
[984.2145976049902, 487.4473032862783, 0.44577775745284687]
[979.6868171186194, 485.28366641465936, 0.44577775745284687]
[975.1590366322484, 483.1200295430404, 0.44577775745284687]
[970.6312561458776, 480.95639267142144, 0.44577775745284687]
[966.1034756595067, 478.7927557998025, 0.44577775745284687]
[961.5756951731358, 476.6291189281835, 0.44577775745284687]
[957.0479146867649, 474.46548205656455, 0.44577775745284687]
[952.5201342003941, 472.3018451849456, 0.44577775745284687]
[947.9923537140232, 470.1382083133266, 0.44577775745284687]
[943.4645732276523, 467.9745714417076, 0.44577775745284687]
[938.9367927412815, 465.81093457008865, 0.44577775745284687]
[934.4090122549105, 463.6472976984697, 0.44577775745284687]
[929.8812317685397, 461.4836608268507, 0.44577775745284687]
[929.8812317685397, 461.4836608268507, 0.4457777574528454]
[925.6640743637878, 459.1300831822615, 0.5722972556591177]
[918.7301240514591, 454.6631325520573, 0.5722972556591172]
[911.7961737391306, 450.196181921853, 0.5722972556591172]
[904.862223426802, 445.7292312916487, 0.5722972556591172]
[897.9282731144734, 441.2622806614445, 0.5722972556591172]
[890.9943228021448, 436.7953300312402, 0.5722972556591172]
[884.0603724898162, 432.32837940103593, 0.5722972556591172]
[877.1264221774876, 427.8614287708317, 0.5722972556591172]
[870.192471865159, 423.3944781406274, 0.5722972556591172]
[863.2585215528304, 418.92752751042315, 0.5722972556591172]
[856.3245712405018, 414.4605768802189, 0.5722972556591172]
[849.3906209281732, 409.99362625001464, 0.5722972556591172]
[842.4566706158446, 405.52667561981036, 0.5722972556591172]
[835.522720303516, 401.05972498960614, 0.5722972556591172]
[828.5887699911874, 396.59277435940186, 0.5722972556591172]
[821.6548196788589, 392.12582372919763, 0.5722972556591172]
[814.7208693665302, 387.65887309899335, 0.5722972556591172]
[814.7208693665302, 387.65887309899335, 0.5722972556591177]
[808.8832384936647, 383.0345843240987, 0.7675767282696517]
[804.0538609221016, 377.36544919140596, 0.9628562008801862]
[800.000292708045, 371.5401614806619, 0.9628562008801862]
[795.9467244939883, 365.7148737699178, 0.9628562008801862]
[791.8931562799315, 359.8895860591737, 0.9628562008801862]
[787.8395880658749, 354.0642983484297, 0.9628562008801862]
[783.7860198518182, 348.2390106376856, 0.9628562008801862]
[779.7324516377615, 342.41372292694155, 0.9628562008801862]
[775.6788834237049, 336.58843521619747, 0.9628562008801862]
[771.6253152096481, 330.7631475054534, 0.9628562008801862]
[767.5717469955914, 324.9378597947093, 0.9628562008801862]
[763.5181787815347, 319.11257208396523, 0.9628562008801862]
[759.4646105674781, 313.28728437322115, 0.9628562008801862]
[755.4110423534214, 307.46199666247713, 0.9628562008801862]
[751.3574741393646, 301.63670895173306, 0.9628562008801862]
[747.303905925308, 295.811421240989, 0.9628562008801862]
[743.2503377112513, 289.9861335302449, 0.9628562008801862]
[743.2503377112513, 289.9861335302449, 0.962856200880186]
[736.3678965575104, 282.4742818338414, 0.6953372443345678]
[727.7445870622263, 277.048929726189, 0.4278182877889496]
[717.9938766077192, 274.0960399930915, 0.1602993312433314]
[711.8179667687348, 273.09747811445465, 0.16029933124333154]
[705.6420569297504, 272.09891623581774, 0.16029933124333154]
[699.4661470907661, 271.10035435718083, 0.16029933124333154]
[693.2902372517816, 270.1017924785439, 0.16029933124333154]
[687.1143274127971, 269.103230599907, 0.16029933124333154]
[680.9384175738128, 268.1046687212701, 0.16029933124333154]
[674.7625077348284, 267.1061068426332, 0.16029933124333154]
[668.586597895844, 266.10754496399625, 0.16029933124333154]
[662.4106880568595, 265.10898308535934, 0.16029933124333154]
[656.2347782178751, 264.11042120672244, 0.16029933124333154]
[650.0588683788908, 263.11185932808553, 0.16029933124333154]
[643.8829585399063, 262.1132974494486, 0.16029933124333154]
[637.7070487009219, 261.1147355708117, 0.16029933124333154]
[631.5311388619375, 260.1161736921748, 0.16029933124333154]
[625.3552290229532, 259.1176118135379, 0.16029933124333154]
[619.1793191839687, 258.119049934901, 0.16029933124333154]
[619.1793191839687, 258.119049934901, 0.1602993312433314]
[612.946329626214, 256.56404398201175, 0.32867896660442053]
[607.0620852982394, 253.9864732207525, 0.4970586019655099]
[598.2228329385149, 249.19127287919605, 0.4970586019655111]
[589.3835805787903, 244.39607253763958, 0.4970586019655111]
[580.5443282190658, 239.60087219608312, 0.4970586019655111]
[571.7050758593414, 234.80567185452668, 0.4970586019655111]
[562.8658234996169, 230.01047151297024, 0.4970586019655111]
[554.0265711398924, 225.21527117141378, 0.4970586019655111]
[545.1873187801679, 220.42007082985734, 0.4970586019655111]
[536.3480664204434, 215.62487048830087, 0.4970586019655111]
[527.5088140607189, 210.82967014674443, 0.4970586019655111]
[518.6695617009944, 206.034469805188, 0.4970586019655111]
[509.8303093412699, 201.23926946363153, 0.4970586019655111]
[500.9910569815454, 196.4440691220751, 0.4970586019655111]
[492.15180462182093, 191.64886878051863, 0.4970586019655111]
[483.3125522620964, 186.8536684389622, 0.4970586019655111]
[474.47329990237193, 182.05846809740575, 0.4970586019655111]
[465.6340475426474, 177.26326775584928, 0.4970586019655111]
[456.79479518292294, 172.46806741429285, 0.4970586019655111]
[447.9555428231984, 167.67286707273638, 0.4970586019655111]
[439.11629046347394, 162.87766673117994, 0.4970586019655111]
[422.41340803483075, 157.10302025037043, 0.28395121116213057]
[413.2235811555819, 154.42108744756118, 0.28395121116213057]
[404.033754276333, 151.7391546447519, 0.28395121116213057]
[394.84392739708414, 149.05722184194263, 0.28395121116213057]
[385.6541005178353, 146.37528903913335, 0.28395121116213057]
[376.4642736385864, 143.69335623632406, 0.28395121116213057]
[367.27444675933754, 141.0114234335148, 0.28395121116213057]
[358.08461988008867, 138.32949063070552, 0.28395121116213057]
[348.89479300083974, 135.64755782789626, 0.28395121116213057]
[339.7049661215909, 132.96562502508698, 0.28395121116213057]
[330.515139242342, 130.2836922222777, 0.28395121116213057]
[321.32531236309313, 127.60175941946842, 0.28395121116213057]
[312.13548548384426, 124.91982661665915, 0.28395121116213057]
[302.9456586045954, 122.23789381384988, 0.28395121116213057]
[293.7558317253465, 119.55596101104061, 0.28395121116213057]
[284.56600484609766, 116.87402820823132, 0.28395121116213057]
[275.3761779668488, 114.19209540542205, 0.28395121116213057]
[266.1863510875999, 111.51016260261278, 0.28395121116213057]
[263.07946165416627, 110.4566986601109, 0.36986438340824157]
[254.78659502314042, 107.2414949616283, 0.3698643834082416]
[246.49372839211458, 104.02629126314571, 0.3698643834082416]
[238.2008617610887, 100.81108756466313, 0.3698643834082416]
[229.90799513006286, 97.59588386618054, 0.3698643834082416]
[221.61512849903698, 94.38068016769793, 0.3698643834082416]
[213.32226186801114, 91.16547646921535, 0.3698643834082416]
[205.0293952369853, 87.95027277073277, 0.3698643834082416]
[196.73652860595945, 84.73506907225016, 0.3698643834082416]
[188.4436619749336, 81.51986537376757, 0.3698643834082416]
[180.15079534390773, 78.30466167528499, 0.3698643834082416]
[171.8579287128819, 75.0894579768024, 0.3698643834082416]
[163.565062081856, 71.8742542783198, 0.3698643834082416]
[155.27219545083017, 68.65905057983721, 0.3698643834082416]
[146.97932881980432, 65.44384688135462, 0.3698643834082416]
[138.68646218877848, 62.22864318287203, 0.3698643834082416]
[130.3935955577526, 59.01343948438944, 0.3698643834082416]
[122.10072892672676, 55.79823578590684, 0.3698643834082416]
[113.8078622957009, 52.58303208742425, 0.3698643834082416]
[100.0, 50.00000000000001, 0.0]
>>>> 
>>>> inputs
[40.0, 0.0, 0.09435837193295823]
[40.0, 0.0, 0.09435837193295823]
[40.0, 0.0, 0.09435837193295823]
[40.0, 0.0, 0.09435837193295823]
[40.0, 0.0, 0.09435837193295823]
[40.0, 0.0, 0.09435837193295823]
[40.0, 0.0, 0.09435837193295823]
[40.0, 0.0, 0.09435837193295823]
[40.0, 0.0, 0.09435837193295823]
[40.0, 0.0, 0.09435837193295823]
[40.0, 0.0, 0.09435837193295823]
[40.0, 0.0, 0.09435837193295823]
[40.0, 0.0, 0.09435837193295823]
[40.0, 0.0, 0.09435837193295823]
[40.0, 0.0, 0.09435837193295823]
[40.0, 0.0, 0.09435837193295823]
[40.0, 0.0, 0.09435837193295823]
[40.0, 0.0, 0.09435837193295823]
[40.0, -0.8669840139434847, 0.09435837193295823]
[40.0, 0.0, 0.09435837193295823]
[40.0, 0.0, 0.1126771651688264]
[40.0, 0.0, 0.1126771651688264]
[40.0, 0.0, 0.1126771651688264]
[40.0, 0.0, 0.1126771651688264]
[40.0, 0.0, 0.1126771651688264]
[40.0, 0.0, 0.1126771651688264]
[40.0, 0.0, 0.1126771651688264]
[40.0, 0.0, 0.1126771651688264]
[40.0, 0.0, 0.1126771651688264]
[40.0, 0.0, 0.1126771651688264]
[40.0, 0.0, 0.1126771651688264]
[40.0, 0.0, 0.1126771651688264]
[40.0, 0.0, 0.1126771651688264]
[40.0, 0.0, 0.1126771651688264]
[40.0, 0.0, 0.1126771651688264]
[40.0, 0.0, 0.1126771651688264]
[40.0, -0.8669840139434847, 0.1126771651688264]
[40.0, -0.8669840139434847, 0.1126771651688264]
[40.0, 0.0, 0.1126771651688264]
[40.0, 0.0, 0.1126771651688264]
[40.0, 0.0, 0.18361243629773902]
[40.0, 0.0, 0.18361243629773902]
[40.0, 0.0, 0.18361243629773902]
[40.0, 0.0, 0.18361243629773902]
[40.0, 0.0, 0.18361243629773902]
[40.0, 0.0, 0.18361243629773902]
[40.0, 0.0, 0.18361243629773902]
[40.0, 0.0, 0.18361243629773902]
[40.0, 0.0, 0.18361243629773902]
[40.0, 0.0, 0.18361243629773902]
[40.0, 0.0, 0.18361243629773902]
[40.0, 0.0, 0.18361243629773902]
[40.0, 0.0, 0.18361243629773902]
[40.0, 0.0, 0.18361243629773902]
[40.0, -0.8669840139434847, 0.18361243629773902]
[40.0, -0.8669840139434847, 0.18361243629773902]
[40.0, -0.8669840139434847, 0.18361243629773902]
[40.0, 0.0, 0.18361243629773902]
[40.0, 0.0, 0.18361243629773902]
[40.0, 0.0, 0.18361243629773902]
[40.0, 0.0, 0.17138535366618282]
[40.0, 0.0, 0.17138535366618282]
[40.0, 0.0, 0.17138535366618282]
[40.0, 0.0, 0.17138535366618282]
[40.0, 0.0, 0.17138535366618282]
[40.0, 0.0, 0.17138535366618282]
[40.0, 0.0, 0.17138535366618282]
[40.0, 0.0, 0.17138535366618282]
[40.0, 0.0, 0.17138535366618282]
[40.0, 0.0, 0.17138535366618282]
[40.0, 0.0, 0.17138535366618282]
[40.0, 0.0, 0.17138535366618282]
[40.0, 0.8669840139434847, 0.17138535366618282]
[40.0, 0.8669840139434847, 0.17138535366618282]
[40.0, 0.8669840139434847, 0.17138535366618282]
[40.0, 0.8669840139434847, 0.17138535366618282]
[40.0, 0.0, 0.17138535366618282]
[40.0, 0.0, 0.17138535366618282]
[40.0, 0.0, 0.17138535366618282]
[40.0, 0.0, 0.17138535366618282]
[40.0, 0.0, 0.1412013919838898]
[40.0, 0.0, 0.1412013919838898]
[40.0, 0.0, 0.1412013919838898]
[40.0, 0.0, 0.1412013919838898]
[40.0, 0.0, 0.1412013919838898]
[40.0, 0.0, 0.1412013919838898]
[40.0, 0.0, 0.1412013919838898]
[40.0, 0.0, 0.1412013919838898]
[40.0, 0.0, 0.1412013919838898]
[40.0, 0.0, 0.1412013919838898]
[40.0, 0.0, 0.1412013919838898]
[40.0, 0.0, 0.1412013919838898]
[40.0, -0.8669840139434847, 0.1412013919838898]
[40.0, -0.8669840139434847, 0.1412013919838898]
[40.0, -0.8669840139434847, 0.1412013919838898]
[40.0, 0.0, 0.1412013919838898]
[40.0, 0.0, 0.1412013919838898]
[40.0, 0.0, 0.1412013919838898]
[40.0, 0.0, 0.1412013919838898]
[40.0, 0.0, 0.1412013919838898]
[40.0, 0.0, 0.24900889846049012]
[40.0, 0.0, 0.24900889846049012]
[40.0, 0.0, 0.24900889846049012]
[40.0, 0.0, 0.24900889846049012]
[40.0, 0.0, 0.24900889846049012]
[40.0, 0.0, 0.24900889846049012]
[40.0, 0.0, 0.24900889846049012]
[40.0, 0.0, 0.24900889846049012]
[40.0, 0.0, 0.24900889846049012]
[40.0, 0.0, 0.24900889846049012]
[40.0, 0.0, 0.24900889846049012]
[40.0, 0.0, 0.24900889846049012]
[40.0, 0.0, 0.24900889846049012]
[40.0, 0.0, 0.24900889846049012]
[40.0, 0.0, 0.24900889846049012]
[40.0, 0.0, 0.24900889846049012]
[40.0, 0.0, 0.24900889846049012]
[40.0, 0.0, 0.24900889846049012]
[40.0, 0.0, 0.24900889846049012]
[40.0, 0.0, 0.24900889846049012]
[40.0, 0.0, 0.21949849171947858]
[40.0, 0.0, 0.21949849171947858]
[40.0, 0.0, 0.21949849171947858]
[40.0, 0.0, 0.21949849171947858]
[40.0, 0.0, 0.21949849171947858]
[40.0, 0.0, 0.21949849171947858]
[40.0, 0.0, 0.21949849171947858]
[40.0, 0.0, 0.21949849171947858]
[40.0, 0.0, 0.21949849171947858]
[40.0, 0.0, 0.21949849171947858]
[40.0, 0.0, 0.21949849171947858]
[40.0, 0.0, 0.21949849171947858]
[40.0, -0.8669840139434847, 0.21949849171947858]
[40.0, 0.0, 0.21949849171947858]
[40.0, 0.0, 0.21949849171947858]
[40.0, 0.0, 0.21949849171947858]
[40.0, 0.0, 0.21949849171947858]
[40.0, 0.0, 0.21949849171947858]
[40.0, 0.0, 0.21949849171947858]
[40.0, 0.0, 0.21949849171947858]
[40.0, 0.0, 0.21778223148488457]
[40.0, 0.0, 0.21778223148488457]
[40.0, 0.0, 0.21778223148488457]
[40.0, 0.0, 0.21778223148488457]
[40.0, 0.0, 0.21778223148488457]
[40.0, 0.0, 0.21778223148488457]
[40.0, 0.0, 0.21778223148488457]
[40.0, 0.0, 0.21778223148488457]
[40.0, 0.0, 0.21778223148488457]
[40.0, 0.0, 0.21778223148488457]
[40.0, 0.0, 0.21778223148488457]
[40.0, 0.8669840139434847, 0.21778223148488457]
>>>> 
----------------------------
Path number   : 1
Path length   : 1109.201185230078
Time required : 196.67586302757263 s
>>>> Nodes
[1088.360492223162, 499.4682258216929, 0.4294236848924657]
[1084.3101829682978, 497.61349332528295, 0.4294236848924657]
[1080.2598737134335, 495.75876082887305, 0.4294236848924657]
[1076.2095644585693, 493.9040283324631, 0.4294236848924657]
[1072.159255203705, 492.04929583605315, 0.4294236848924657]
[1068.1089459488408, 490.19456333964325, 0.4294236848924657]
[1064.0586366939765, 488.3398308432333, 0.4294236848924657]
[1060.0083274391125, 486.4850983468234, 0.4294236848924657]
[1055.9580181842482, 484.63036585041345, 0.4294236848924657]
[1051.907708929384, 482.7756333540035, 0.4294236848924657]
[1047.8573996745197, 480.9209008575936, 0.4294236848924657]
[1043.8070904196554, 479.06616836118366, 0.4294236848924657]
[1039.7567811647912, 477.2114358647737, 0.4294236848924657]
[1035.706471909927, 475.3567033683638, 0.4294236848924657]
[1031.6561626550626, 473.50197087195386, 0.4294236848924657]
[1027.6058534001984, 471.64723837554396, 0.4294236848924657]
[1023.5555441453342, 469.792505879134, 0.4294236848924657]
[1019.50523489047, 467.93777338272406, 0.4294236848924657]
[1015.4549256356057, 466.08304088631417, 0.4294236848924657]
[1011.4046163807415, 464.2283083899042, 0.4294236848924657]
[1006.5889233928777, 462.36745421135856, 0.3374937634690309]
[1005.0285321905571, 461.8198824663603, 0.3374937634690309]
[1003.4681409882365, 461.27231072136203, 0.3374937634690309]
[1001.9077497859159, 460.72473897636377, 0.3374937634690309]
[1000.3473585835953, 460.1771672313655, 0.3374937634690309]
[998.7869673812747, 459.62959548636724, 0.3374937634690309]
[997.2265761789541, 459.08202374136897, 0.3374937634690309]
[995.6661849766335, 458.5344519963707, 0.3374937634690309]
[994.1057937743129, 457.98688025137244, 0.3374937634690309]
[992.5454025719923, 457.4393085063742, 0.3374937634690309]
[990.9850113696717, 456.8917367613759, 0.3374937634690309]
[989.4246201673511, 456.34416501637764, 0.3374937634690309]
[987.8642289650305, 455.7965932713794, 0.3374937634690309]
[986.3038377627099, 455.2490215263811, 0.3374937634690309]
[984.7434465603893, 454.70144978138285, 0.3374937634690309]
[983.1830553580687, 454.1538780363846, 0.3374937634690309]
[981.6226641557481, 453.6063062913863, 0.3374937634690309]
[980.0622729534275, 453.05873454638805, 0.3374937634690309]
[978.5018817511069, 452.5111628013898, 0.3374937634690309]
[973.909593032466, 450.96613850330084, 0.3238042195763953]
[969.8118778701806, 449.5908766586517, 0.3238042195763953]
[965.7141627078954, 448.2156148140026, 0.3238042195763953]
[961.6164475456101, 446.84035296935355, 0.3238042195763953]
[957.5187323833248, 445.46509112470443, 0.3238042195763953]
[953.4210172210396, 444.0898292800553, 0.3238042195763953]
[949.3233020587543, 442.7145674354062, 0.3238042195763953]
[945.225586896469, 441.3393055907571, 0.3238042195763953]
[941.1278717341837, 439.96404374610796, 0.3238042195763953]
[937.0301565718985, 438.5887819014589, 0.3238042195763953]
[932.9324414096131, 437.2135200568098, 0.3238042195763953]
[928.8347262473279, 435.83825821216067, 0.3238042195763953]
[924.7370110850427, 434.46299636751155, 0.3238042195763953]
[920.6392959227574, 433.08773452286243, 0.3238042195763953]
[916.5415807604721, 431.7124726782133, 0.3238042195763953]
[912.4438655981868, 430.33721083356426, 0.3238042195763953]
[908.3461504359016, 428.96194898891514, 0.3238042195763953]
[904.2484352736162, 427.586687144266, 0.3238042195763953]
[900.150720111331, 426.2114252996169, 0.3238042195763953]
[895.9677654484766, 424.8687575632885, 0.30973627882126503]
[892.295426966108, 423.6934742974653, 0.30973627882126503]
[888.6230884837396, 422.518191031642, 0.30973627882126503]
[884.950750001371, 421.3429077658188, 0.30973627882126503]
[881.2784115190026, 420.16762449999555, 0.30973627882126503]
[877.6060730366341, 418.99234123417233, 0.30973627882126503]
[873.9337345542656, 417.81705796834905, 0.30973627882126503]
[870.2613960718971, 416.6417747025258, 0.30973627882126503]
[866.5890575895287, 415.4664914367026, 0.30973627882126503]
[862.9167191071601, 414.2912081708794, 0.30973627882126503]
[859.2443806247917, 413.1159249050561, 0.30973627882126503]
[855.5720421424231, 411.94064163923287, 0.30973627882126503]
[851.8997036600547, 410.76535837340964, 0.30973627882126503]
[851.8997036600547, 410.76535837340964, 0.30973627882126387]
[848.2855697974461, 409.4036961493293, 0.41088985932312694]
[844.8274124087911, 407.68403482667543, 0.51204343982499]
[841.560585361868, 405.6239550624837, 0.6131970203268526]
[838.5184864921398, 403.2445177222412, 0.7143506008287157]
[835.7322161658198, 400.570048567809, 0.8155041813305788]
[833.2439992982445, 397.92731245085633, 0.8155041813305782]
[830.7557824306691, 395.2845763339037, 0.8155041813305782]
[828.2675655630937, 392.6418402169511, 0.8155041813305782]
[825.7793486955185, 389.9991040999984, 0.8155041813305782]
[823.2911318279431, 387.3563679830458, 0.8155041813305782]
[820.8029149603678, 384.7136318660931, 0.8155041813305782]
[818.3146980927925, 382.0708957491405, 0.8155041813305782]
[815.8264812252172, 379.4281596321878, 0.8155041813305782]
[813.3382643576418, 376.7854235152352, 0.8155041813305782]
[810.8500474900666, 374.14268739828253, 0.8155041813305782]
[808.3618306224912, 371.4999512813299, 0.8155041813305782]
[805.8736137549159, 368.85721516437724, 0.8155041813305782]
[803.3853968873406, 366.2144790474246, 0.8155041813305782]
[800.8971800197653, 363.57174293047194, 0.8155041813305782]
[798.4089631521899, 360.9290068135193, 0.8155041813305782]
[795.9207462846147, 358.28627069656665, 0.8155041813305782]
[793.4325294170393, 355.643534579614, 0.8155041813305782]
[793.4325294170393, 355.643534579614, 0.8155041813305788]
[790.8256957503941, 352.5639526399918, 0.9211835051199286]
[787.3605882807517, 348.00216162485503, 0.9211835051199289]
[783.8954808111095, 343.44037060971823, 0.9211835051199289]
[780.4303733414671, 338.8785795945814, 0.9211835051199289]
[776.9652658718247, 334.3167885794447, 0.9211835051199289]
[773.5001584021824, 329.7549975643079, 0.9211835051199289]
[770.0350509325401, 325.1932065491711, 0.9211835051199289]
[766.5699434628978, 320.6314155340343, 0.9211835051199289]
[763.1048359932554, 316.06962451889757, 0.9211835051199289]
[759.6397285236131, 311.5078335037608, 0.9211835051199289]
[756.1746210539708, 306.946042488624, 0.9211835051199289]
[752.7095135843284, 302.3842514734872, 0.9211835051199289]
[749.2444061146861, 297.82246045835046, 0.9211835051199289]
[745.7792986450438, 293.2606694432137, 0.9211835051199289]
[742.3141911754014, 288.6988784280769, 0.9211835051199289]
[742.3141911754014, 288.6988784280769, 0.9211835051199287]
[737.397009083873, 283.3644852487244, 0.7309624616507794]
[731.5599153459419, 279.056032277207, 0.5407414181816301]
[725.0134835256122, 275.9289472551865, 0.35052037471248076]
[717.9938766077192, 274.0960399930915, 0.1602993312433314]
[711.8179667687348, 273.09747811445465, 0.16029933124333154]
[705.6420569297504, 272.09891623581774, 0.16029933124333154]
[699.4661470907661, 271.10035435718083, 0.16029933124333154]
[693.2902372517816, 270.1017924785439, 0.16029933124333154]
[687.1143274127971, 269.103230599907, 0.16029933124333154]
[680.9384175738128, 268.1046687212701, 0.16029933124333154]
[674.7625077348284, 267.1061068426332, 0.16029933124333154]
[668.586597895844, 266.10754496399625, 0.16029933124333154]
[662.4106880568595, 265.10898308535934, 0.16029933124333154]
[656.2347782178751, 264.11042120672244, 0.16029933124333154]
[650.0588683788908, 263.11185932808553, 0.16029933124333154]
[643.8829585399063, 262.1132974494486, 0.16029933124333154]
[637.7070487009219, 261.1147355708117, 0.16029933124333154]
[631.5311388619375, 260.1161736921748, 0.16029933124333154]
[625.3552290229532, 259.1176118135379, 0.16029933124333154]
[619.1793191839687, 258.119049934901, 0.16029933124333154]
[619.1793191839687, 258.119049934901, 0.1602993312433314]
[612.946329626214, 256.56404398201175, 0.32867896660442053]
[607.0620852982394, 253.9864732207525, 0.4970586019655099]
[598.2228329385149, 249.19127287919605, 0.4970586019655111]
[589.3835805787903, 244.39607253763958, 0.4970586019655111]
[580.5443282190658, 239.60087219608312, 0.4970586019655111]
[571.7050758593414, 234.80567185452668, 0.4970586019655111]
[562.8658234996169, 230.01047151297024, 0.4970586019655111]
[554.0265711398924, 225.21527117141378, 0.4970586019655111]
[545.1873187801679, 220.42007082985734, 0.4970586019655111]
[536.3480664204434, 215.62487048830087, 0.4970586019655111]
[527.5088140607189, 210.82967014674443, 0.4970586019655111]
[518.6695617009944, 206.034469805188, 0.4970586019655111]
[509.8303093412699, 201.23926946363153, 0.4970586019655111]
[500.9910569815454, 196.4440691220751, 0.4970586019655111]
[492.15180462182093, 191.64886878051863, 0.4970586019655111]
[483.3125522620964, 186.8536684389622, 0.4970586019655111]
[474.47329990237193, 182.05846809740575, 0.4970586019655111]
[465.6340475426474, 177.26326775584928, 0.4970586019655111]
[456.79479518292294, 172.46806741429285, 0.4970586019655111]
[447.9555428231984, 167.67286707273638, 0.4970586019655111]
[439.11629046347394, 162.87766673117994, 0.4970586019655111]
[422.41340803483075, 157.10302025037043, 0.28395121116213057]
[413.2235811555819, 154.42108744756118, 0.28395121116213057]
[404.033754276333, 151.7391546447519, 0.28395121116213057]
[394.84392739708414, 149.05722184194263, 0.28395121116213057]
[385.6541005178353, 146.37528903913335, 0.28395121116213057]
[376.4642736385864, 143.69335623632406, 0.28395121116213057]
[367.27444675933754, 141.0114234335148, 0.28395121116213057]
[358.08461988008867, 138.32949063070552, 0.28395121116213057]
[348.89479300083974, 135.64755782789626, 0.28395121116213057]
[339.7049661215909, 132.96562502508698, 0.28395121116213057]
[330.515139242342, 130.2836922222777, 0.28395121116213057]
[321.32531236309313, 127.60175941946842, 0.28395121116213057]
[312.13548548384426, 124.91982661665915, 0.28395121116213057]
[302.9456586045954, 122.23789381384988, 0.28395121116213057]
[293.7558317253465, 119.55596101104061, 0.28395121116213057]
[284.56600484609766, 116.87402820823132, 0.28395121116213057]
[275.3761779668488, 114.19209540542205, 0.28395121116213057]
[266.1863510875999, 111.51016260261278, 0.28395121116213057]
[263.07946165416627, 110.4566986601109, 0.36986438340824157]
[254.78659502314042, 107.2414949616283, 0.3698643834082416]
[246.49372839211458, 104.02629126314571, 0.3698643834082416]
[238.2008617610887, 100.81108756466313, 0.3698643834082416]
[229.90799513006286, 97.59588386618054, 0.3698643834082416]
[221.61512849903698, 94.38068016769793, 0.3698643834082416]
[213.32226186801114, 91.16547646921535, 0.3698643834082416]
[205.0293952369853, 87.95027277073277, 0.3698643834082416]
[196.73652860595945, 84.73506907225016, 0.3698643834082416]
[188.4436619749336, 81.51986537376757, 0.3698643834082416]
[180.15079534390773, 78.30466167528499, 0.3698643834082416]
[171.8579287128819, 75.0894579768024, 0.3698643834082416]
[163.565062081856, 71.8742542783198, 0.3698643834082416]
[155.27219545083017, 68.65905057983721, 0.3698643834082416]
[146.97932881980432, 65.44384688135462, 0.3698643834082416]
[138.68646218877848, 62.22864318287203, 0.3698643834082416]
[130.3935955577526, 59.01343948438944, 0.3698643834082416]
[122.10072892672676, 55.79823578590684, 0.3698643834082416]
[113.8078622957009, 52.58303208742425, 0.3698643834082416]
[100.0, 50.00000000000001, 0.0]
>>>> 
>>>> inputs
[40.0, 0.0, 0.11019028303699563]
[40.0, 0.0, 0.11019028303699563]
[40.0, 0.0, 0.11019028303699563]
[40.0, 0.0, 0.11019028303699563]
[40.0, 0.0, 0.11019028303699563]
[40.0, 0.0, 0.11019028303699563]
[40.0, 0.0, 0.11019028303699563]
[40.0, 0.0, 0.11019028303699563]
[40.0, 0.0, 0.11019028303699563]
[40.0, 0.0, 0.11019028303699563]
[40.0, 0.0, 0.11019028303699563]
[40.0, 0.0, 0.11019028303699563]
[40.0, 0.0, 0.11019028303699563]
[40.0, 0.0, 0.11019028303699563]
[40.0, 0.0, 0.11019028303699563]
[40.0, 0.0, 0.11019028303699563]
[40.0, 0.0, 0.11019028303699563]
[40.0, 0.0, 0.11019028303699563]
[40.0, 0.0, 0.11019028303699563]
[40.0, 0.0, 0.11019028303699563]
[40.0, 0.0, 0.039928513052427894]
[40.0, 0.0, 0.039928513052427894]
[40.0, 0.0, 0.039928513052427894]
[40.0, 0.0, 0.039928513052427894]
[40.0, 0.0, 0.039928513052427894]
[40.0, 0.0, 0.039928513052427894]
[40.0, 0.0, 0.039928513052427894]
[40.0, 0.0, 0.039928513052427894]
[40.0, 0.0, 0.039928513052427894]
[40.0, 0.0, 0.039928513052427894]
[40.0, 0.0, 0.039928513052427894]
[40.0, 0.0, 0.039928513052427894]
[40.0, 0.0, 0.039928513052427894]
[40.0, 0.0, 0.039928513052427894]
[40.0, 0.0, 0.039928513052427894]
[40.0, 0.0, 0.039928513052427894]
[40.0, 0.0, 0.039928513052427894]
[40.0, 0.0, 0.039928513052427894]
[40.0, 0.0, 0.039928513052427894]
[40.0, 0.0, 0.039928513052427894]
[40.0, 0.0, 0.10332724666193446]
[40.0, 0.0, 0.10332724666193446]
[40.0, 0.0, 0.10332724666193446]
[40.0, 0.0, 0.10332724666193446]
[40.0, 0.0, 0.10332724666193446]
[40.0, 0.0, 0.10332724666193446]
[40.0, 0.0, 0.10332724666193446]
[40.0, 0.0, 0.10332724666193446]
[40.0, 0.0, 0.10332724666193446]
[40.0, 0.0, 0.10332724666193446]
[40.0, 0.0, 0.10332724666193446]
[40.0, 0.0, 0.10332724666193446]
[40.0, 0.0, 0.10332724666193446]
[40.0, 0.0, 0.10332724666193446]
[40.0, 0.0, 0.10332724666193446]
[40.0, 0.0, 0.10332724666193446]
[40.0, 0.0, 0.10332724666193446]
[40.0, 0.0, 0.10332724666193446]
[40.0, 0.0, 0.10332724666193446]
[40.0, 0.0, 0.10332724666193446]
[40.0, 0.0, 0.08680574051914258]
[40.0, 0.0, 0.08680574051914258]
[40.0, 0.0, 0.08680574051914258]
[40.0, 0.0, 0.08680574051914258]
[40.0, 0.0, 0.08680574051914258]
[40.0, 0.0, 0.08680574051914258]
[40.0, 0.0, 0.08680574051914258]
[40.0, 0.0, 0.08680574051914258]
[40.0, 0.0, 0.08680574051914258]
[40.0, 0.0, 0.08680574051914258]
[40.0, -0.8669840139434847, 0.08680574051914258]
[40.0, -0.8669840139434847, 0.08680574051914258]
[40.0, -0.8669840139434847, 0.08680574051914258]
[40.0, -0.8669840139434847, 0.08680574051914258]
[40.0, -0.8669840139434847, 0.08680574051914258]
[40.0, -0.8669840139434847, 0.08680574051914258]
[40.0, 0.0, 0.08680574051914258]
[40.0, 0.0, 0.08680574051914258]
[40.0, 0.0, 0.08680574051914258]
[40.0, 0.0, 0.08680574051914258]
[40.0, 0.0, 0.08217856643158129]
[40.0, 0.0, 0.08217856643158129]
[40.0, 0.0, 0.08217856643158129]
[40.0, 0.0, 0.08217856643158129]
[40.0, 0.0, 0.08217856643158129]
[40.0, 0.0, 0.08217856643158129]
[40.0, 0.0, 0.08217856643158129]
[40.0, 0.0, 0.08217856643158129]
[40.0, 0.0, 0.08217856643158129]
[40.0, 0.0, 0.08217856643158129]
[40.0, 0.0, 0.08217856643158129]
[40.0, 0.0, 0.08217856643158129]
[40.0, 0.0, 0.08217856643158129]
[40.0, -0.8669840139434847, 0.08217856643158129]
[40.0, -0.8669840139434847, 0.08217856643158129]
[40.0, 0.0, 0.08217856643158129]
[40.0, 0.0, 0.08217856643158129]
[40.0, 0.0, 0.08217856643158129]
[40.0, 0.0, 0.08217856643158129]
[40.0, 0.0, 0.08217856643158129]
[40.0, 0.0, 0.13658011818677246]
[40.0, 0.0, 0.13658011818677246]
[40.0, 0.0, 0.13658011818677246]
[40.0, 0.0, 0.13658011818677246]
[40.0, 0.0, 0.13658011818677246]
[40.0, 0.0, 0.13658011818677246]
[40.0, 0.0, 0.13658011818677246]
[40.0, 0.0, 0.13658011818677246]
[40.0, 0.0, 0.13658011818677246]
[40.0, 0.8669840139434847, 0.13658011818677246]
[40.0, 0.8669840139434847, 0.13658011818677246]
[40.0, 0.8669840139434847, 0.13658011818677246]
[40.0, 0.8669840139434847, 0.13658011818677246]
[40.0, 0.8669840139434847, 0.13658011818677246]
[40.0, 0.0, 0.13658011818677246]
[40.0, 0.0, 0.13658011818677246]
[40.0, 0.0, 0.13658011818677246]
[40.0, 0.0, 0.13658011818677246]
[40.0, 0.0, 0.13658011818677246]
[40.0, 0.0, 0.13658011818677246]
[40.0, 0.0, 0.1412013919838898]
[40.0, 0.0, 0.1412013919838898]
[40.0, 0.0, 0.1412013919838898]
[40.0, 0.0, 0.1412013919838898]
[40.0, 0.0, 0.1412013919838898]
[40.0, 0.0, 0.1412013919838898]
[40.0, 0.0, 0.1412013919838898]
[40.0, 0.0, 0.1412013919838898]
[40.0, 0.0, 0.1412013919838898]
[40.0, 0.0, 0.1412013919838898]
[40.0, -0.8669840139434847, 0.1412013919838898]
[40.0, -0.8669840139434847, 0.1412013919838898]
[40.0, -0.8669840139434847, 0.1412013919838898]
[40.0, 0.0, 0.1412013919838898]
[40.0, 0.0, 0.1412013919838898]
[40.0, 0.0, 0.1412013919838898]
[40.0, 0.0, 0.1412013919838898]
[40.0, 0.0, 0.1412013919838898]
[40.0, 0.0, 0.1412013919838898]
[40.0, 0.0, 0.1412013919838898]
[40.0, 0.0, 0.24900889846049012]
[40.0, 0.0, 0.24900889846049012]
[40.0, 0.0, 0.24900889846049012]
[40.0, 0.0, 0.24900889846049012]
[40.0, 0.0, 0.24900889846049012]
[40.0, 0.0, 0.24900889846049012]
[40.0, 0.0, 0.24900889846049012]
[40.0, 0.0, 0.24900889846049012]
[40.0, 0.0, 0.24900889846049012]
[40.0, 0.0, 0.24900889846049012]
[40.0, 0.0, 0.24900889846049012]
[40.0, 0.0, 0.24900889846049012]
[40.0, 0.0, 0.24900889846049012]
[40.0, 0.0, 0.24900889846049012]
[40.0, 0.0, 0.24900889846049012]
[40.0, 0.0, 0.24900889846049012]
[40.0, 0.0, 0.24900889846049012]
[40.0, 0.0, 0.24900889846049012]
[40.0, 0.0, 0.24900889846049012]
[40.0, 0.0, 0.24900889846049012]
[40.0, 0.0, 0.21949849171947858]
[40.0, 0.0, 0.21949849171947858]
[40.0, 0.0, 0.21949849171947858]
[40.0, 0.0, 0.21949849171947858]
[40.0, 0.0, 0.21949849171947858]
[40.0, 0.0, 0.21949849171947858]
[40.0, 0.0, 0.21949849171947858]
[40.0, 0.0, 0.21949849171947858]
[40.0, 0.0, 0.21949849171947858]
[40.0, 0.0, 0.21949849171947858]
[40.0, -0.8669840139434847, 0.21949849171947858]
[40.0, 0.0, 0.21949849171947858]
[40.0, 0.0, 0.21949849171947858]
[40.0, 0.0, 0.21949849171947858]
[40.0, 0.0, 0.21949849171947858]
[40.0, 0.0, 0.21949849171947858]
[40.0, 0.0, 0.21949849171947858]
[40.0, 0.0, 0.21949849171947858]
[40.0, 0.0, 0.21949849171947858]
[40.0, 0.0, 0.21949849171947858]
[40.0, 0.0, 0.21778223148488457]
[40.0, 0.0, 0.21778223148488457]
[40.0, 0.0, 0.21778223148488457]
[40.0, 0.0, 0.21778223148488457]
[40.0, 0.0, 0.21778223148488457]
[40.0, 0.0, 0.21778223148488457]
[40.0, 0.0, 0.21778223148488457]
[40.0, 0.0, 0.21778223148488457]
[40.0, 0.0, 0.21778223148488457]
[40.0, 0.8669840139434847, 0.21778223148488457]
>>>> 
