----------------------------
RRT search Summary          
----------------------------
Map Name               : ./packages/maps/MAP7.txt
Total paths found      : 4
Total number of nodes  : 2146
Total elapsed time     : 216.65624284744263 s
Solver                 : RRTstar 
----------------------------
Path number   : 0
Path length   : 1171.636237356012
Time required : 16.38473892211914 s
>>>> Nodes
[1104.4700311759675, 477.3503625761041, 0.44501000286048525]
[1100.1551754732309, 475.2925412707628, 0.44501000286048525]
[1095.8403197704943, 473.23471996542156, 0.44501000286048525]
[1091.5254640677576, 471.17689866008027, 0.44501000286048525]
[1087.210608365021, 469.11907735473903, 0.44501000286048525]
[1082.8957526622844, 467.06125604939774, 0.44501000286048525]
[1078.5808969595478, 465.00343474405645, 0.44501000286048525]
[1074.2660412568111, 462.9456134387152, 0.44501000286048525]
[1069.9511855540745, 460.8877921333739, 0.44501000286048525]
[1065.6363298513377, 458.82997082803263, 0.44501000286048525]
[1061.321474148601, 456.7721495226914, 0.44501000286048525]
[1057.0066184458644, 454.7143282173501, 0.44501000286048525]
[1052.6917627431278, 452.6565069120088, 0.44501000286048525]
[1048.3769070403912, 450.5986856066676, 0.44501000286048525]
[1044.0620513376546, 448.5408643013263, 0.44501000286048525]
[1039.747195634918, 446.48304299598504, 0.44501000286048525]
[1035.4323399321813, 444.42522169064375, 0.44501000286048525]
[1035.4323399321813, 444.42522169064375, 0.4450100028604864]
[1028.3541699139798, 441.8707444589402, 0.24768560358211067]
[1020.9125584587168, 440.7534872447074, 0.0503612043037347]
[1018.0318287994522, 440.6082874546666, 0.05036120430373388]
[1015.1510991401877, 440.4630876646258, 0.05036120430373388]
[1012.2703694809231, 440.31788787458504, 0.05036120430373388]
[1009.3896398216585, 440.17268808454423, 0.05036120430373388]
[1006.508910162394, 440.0274882945034, 0.05036120430373388]
[1003.6281805031294, 439.8822885044626, 0.05036120430373388]
[1000.7474508438648, 439.7370887144219, 0.05036120430373388]
[997.8667211846002, 439.59188892438107, 0.05036120430373388]
[994.9859915253357, 439.44668913434026, 0.05036120430373388]
[992.1052618660711, 439.30148934429945, 0.05036120430373388]
[989.2245322068065, 439.1562895542587, 0.05036120430373388]
[986.343802547542, 439.0110897642179, 0.05036120430373388]
[983.4630728882775, 438.8658899741771, 0.05036120430373388]
[983.4630728882775, 438.8658899741771, 0.05036120430373492]
[980.9340912449112, 438.6540047770119, 0.11681398665109599]
[978.4247615034805, 438.27465304308566, 0.18326676899845729]
[975.946160717339, 437.729509362759, 0.24971955134581836]
[973.5092302915547, 437.02098018964887, 0.31617233369317965]
[971.1247276837465, 436.1521932177061, 0.3826251160405407]
[968.3072175252983, 435.0182585709117, 0.3826251160405413]
[965.48970736685, 433.88432392411727, 0.3826251160405413]
[962.6721972084017, 432.7503892773229, 0.3826251160405413]
[959.8546870499534, 431.6164546305285, 0.3826251160405413]
[957.0371768915052, 430.48251998373405, 0.3826251160405413]
[954.2196667330569, 429.34858533693966, 0.3826251160405413]
[951.4021565746086, 428.2146506901453, 0.3826251160405413]
[948.5846464161604, 427.0807160433509, 0.3826251160405413]
[945.7671362577122, 425.94678139655645, 0.3826251160405413]
[942.9496260992639, 424.81284674976206, 0.3826251160405413]
[940.1321159408157, 423.6789121029677, 0.3826251160405413]
[937.3146057823674, 422.5449774561732, 0.3826251160405413]
[934.4970956239191, 421.41104280937884, 0.3826251160405413]
[931.6795854654708, 420.27710816258445, 0.3826251160405413]
[928.8620753070226, 419.14317351579007, 0.3826251160405413]
[926.0445651485743, 418.0092388689956, 0.3826251160405413]
[923.227054990126, 416.87530422220124, 0.3826251160405413]
[923.227054990126, 416.87530422220124, 0.3826251160405407]
[917.7438023488907, 415.135469294849, 0.2318781609140974]
[912.8692826924729, 413.98447156748557, 0.2318781609140965]
[907.9947630360551, 412.8334738401222, 0.2318781609140965]
[903.1202433796374, 411.6824761127589, 0.2318781609140965]
[898.2457237232196, 410.5314783853955, 0.2318781609140965]
[893.3712040668019, 409.3804806580321, 0.2318781609140965]
[888.4966844103841, 408.2294829306687, 0.2318781609140965]
[883.6221647539663, 407.0784852033054, 0.2318781609140965]
[878.7476450975486, 405.927487475942, 0.2318781609140965]
[873.8731254411308, 404.7764897485786, 0.2318781609140965]
[868.9986057847132, 403.6254920212152, 0.2318781609140965]
[864.1240861282954, 402.4744942938519, 0.2318781609140965]
[859.2495664718776, 401.3234965664885, 0.2318781609140965]
[854.3750468154599, 400.1724988391251, 0.2318781609140965]
[849.5005271590421, 399.0215011117617, 0.2318781609140965]
[844.6260075026244, 397.8705033843984, 0.2318781609140965]
[839.7514878462066, 396.719505657035, 0.2318781609140965]
[834.8769681897888, 395.5685079296716, 0.2318781609140965]
[830.0024485333711, 394.4175102023082, 0.2318781609140965]
[825.1279288769533, 393.2665124749449, 0.2318781609140965]
[817.7058013200002, 391.5990266897635, 0.2206798968859774]
[810.7005097379957, 390.02750563077143, 0.2206798968859774]
[803.6952181559913, 388.4559845717793, 0.2206798968859774]
[796.6899265739869, 386.8844635127872, 0.2206798968859774]
[789.6846349919824, 385.3129424537951, 0.2206798968859774]
[782.679343409978, 383.741421394803, 0.2206798968859774]
[775.6740518279735, 382.1699003358109, 0.2206798968859774]
[775.6740518279735, 382.1699003358109, -6.06250541029361]
[770.210195013905, 380.50656160923927, -5.912840891012356]
[765.0554322701786, 378.04712101027286, -5.763176371731103]
[760.3250121749073, 374.846565944943, -5.61351185244985]
[756.124695985585, 370.9764534254326, -5.463847333168598]
[752.5483930618683, 366.52331022070973, -5.314182813887345]
[749.6760612693955, 361.58669831800717, -5.164518294606092]
[747.5719193067586, 356.27698894695635, -5.014853775324839]
[746.2830109238638, 350.7128949340502, -4.865189256043585]
[745.8381531324403, 345.01881655828436, -4.715524736762333]
[746.2472919242773, 339.3220602485087, -4.56586021748108]
[747.5012799018407, 333.7499923059867, -4.416195698199827]
[749.0284173447969, 328.74577610386706, 1.86698960897976]
[750.5555547877531, 323.7415599017474, 1.86698960897976]
[752.0826922307093, 318.7373436996278, 1.86698960897976]
[753.6098296736656, 313.7331274975081, 1.86698960897976]
[755.1369671166217, 308.72891129538846, 1.86698960897976]
[756.6641045595779, 303.7246950932688, 1.86698960897976]
[756.6641045595779, 303.7246950932688, 1.8669896089797593]
[757.8408134778394, 298.65324165370794, 1.7305864806163784]
[758.3169735687339, 293.46888485312127, 1.5941833522529976]
[758.0837392142104, 288.26793440115387, 1.4577802238896167]
[757.1454432049749, 283.1470082674352, 1.3213770955262358]
[755.5195162503106, 278.20123781117195, 1.184973967162855]
[753.2361631680823, 273.522500527478, 1.048570838799474]
[750.3378017703399, 269.1977132406827, 0.9121677104360932]
[746.8782748683325, 265.3072174519383, 0.7757645820727124]
[742.9218500355043, 261.92328683649566, 0.6393614537093315]
[738.542025709856, 259.1087846168465, 0.5029583253459506]
[733.8201658146911, 256.9159957536901, 0.3665551969825698]
[728.8439882623716, 255.38565564909214, 0.2301520686191889]
[726.1458434714071, 254.7534701429613, 0.23015206861918985]
[723.4476986804427, 254.1212846368305, 0.23015206861918985]
[720.7495538894784, 253.48909913069969, 0.23015206861918985]
[718.051409098514, 252.8569136245689, 0.23015206861918985]
[715.3532643075496, 252.2247281184381, 0.23015206861918985]
[712.6551195165852, 251.59254261230728, 0.23015206861918985]
[709.9569747256209, 250.96035710617647, 0.23015206861918985]
[707.2588299346564, 250.32817160004566, 0.23015206861918985]
[704.560685143692, 249.69598609391488, 0.23015206861918985]
[701.8625403527276, 249.06380058778407, 0.23015206861918985]
[699.1643955617632, 248.43161508165326, 0.23015206861918985]
[696.4662507707989, 247.79942957552245, 0.23015206861918985]
[693.7681059798344, 247.16724406939164, 0.23015206861918985]
[691.06996118887, 246.53505856326083, 0.23015206861918985]
[688.3718163979056, 245.90287305713002, 0.23015206861918985]
[685.6736716069413, 245.27068755099924, 0.23015206861918985]
[682.9755268159769, 244.63850204486843, 0.23015206861918985]
[680.2773820250125, 244.00631653873762, 0.23015206861918985]
[680.1624441319179, 243.97919865865498, 0.23324375310519962]
[676.4277844403089, 243.09196466529016, 0.2332437531051988]
[672.6931247486997, 242.20473067192535, 0.2332437531051988]
[668.9584650570905, 241.3174966785605, 0.2332437531051988]
[665.2238053654814, 240.4302626851957, 0.2332437531051988]
[661.4891456738724, 239.54302869183084, 0.2332437531051988]
[657.7544859822632, 238.65579469846602, 0.2332437531051988]
[654.019826290654, 237.76856070510118, 0.2332437531051988]
[650.2851665990449, 236.88132671173636, 0.2332437531051988]
[646.5505069074359, 235.99409271837152, 0.2332437531051988]
[642.8158472158267, 235.10685872500667, 0.2332437531051988]
[639.0811875242175, 234.21962473164186, 0.2332437531051988]
[635.3465278326084, 233.332390738277, 0.2332437531051988]
[631.6118681409994, 232.4451567449122, 0.2332437531051988]
[627.8772084493902, 231.55792275154735, 0.2332437531051988]
[624.142548757781, 230.67068875818254, 0.2332437531051988]
[620.407889066172, 229.7834547648177, 0.2332437531051988]
[616.6732293745629, 228.89622077145287, 0.2332437531051988]
[612.9385696829537, 228.00898677808803, 0.2332437531051988]
[608.2563687515968, 227.20040267146356, 0.10876926180379831]
[602.9270930920441, 226.61844447879915, 0.10876926180379916]
[597.5978174324913, 226.0364862861347, 0.10876926180379916]
[592.2685417729385, 225.45452809347026, 0.10876926180379916]
[586.9392661133857, 224.87256990080584, 0.10876926180379916]
[581.6099904538329, 224.2906117081414, 0.10876926180379916]
[576.2807147942801, 223.70865351547695, 0.10876926180379916]
[570.9514391347274, 223.1266953228125, 0.10876926180379916]
[565.6221634751746, 222.54473713014806, 0.10876926180379916]
[560.2928878156217, 221.96277893748362, 0.10876926180379916]
[554.963612156069, 221.38082074481918, 0.10876926180379916]
[549.6343364965162, 220.79886255215473, 0.10876926180379916]
[544.3050608369634, 220.2169043594903, 0.10876926180379916]
[538.9757851774107, 219.63494616682584, 0.10876926180379916]
[533.6465095178579, 219.05298797416143, 0.10876926180379916]
[528.3172338583051, 218.47102978149698, 0.10876926180379916]
[522.9879581987523, 217.88907158883254, 0.10876926180379916]
[517.6586825391995, 217.3071133961681, 0.10876926180379916]
[512.3294068796467, 216.72515520350365, 0.10876926180379916]
[509.84198254345876, 216.37039789093404, 0.17456070474368346]
[507.2244375600493, 215.90877911179464, 0.17456070474368415]
[504.60689257663984, 215.44716033265527, 0.17456070474368415]
[501.9893475932304, 214.98554155351587, 0.17456070474368415]
[499.371802609821, 214.5239227743765, 0.17456070474368415]
[496.7542576264115, 214.0623039952371, 0.17456070474368415]
[494.13671264300206, 213.60068521609773, 0.17456070474368415]
[491.5191676595926, 213.13906643695833, 0.17456070474368415]
[488.90162267618314, 212.67744765781896, 0.17456070474368415]
[486.28407769277374, 212.21582887867956, 0.17456070474368415]
[483.6665327093643, 211.7542100995402, 0.17456070474368415]
[481.0489877259548, 211.2925913204008, 0.17456070474368415]
[478.43144274254536, 210.83097254126142, 0.17456070474368415]
[475.8138977591359, 210.36935376212202, 0.17456070474368415]
[473.19635277572644, 209.90773498298265, 0.17456070474368415]
[470.57880779231704, 209.44611620384325, 0.17456070474368415]
[467.9612628089076, 208.98449742470387, 0.17456070474368415]
[465.3437178254981, 208.52287864556448, 0.17456070474368415]
[465.3437178254981, 208.52287864556448, 0.17456070474368346]
[460.65564876356643, 207.3868257009294, 0.3009303711567559]
[455.4548716334447, 205.77273362217295, 0.30093037115675525]
[450.254094503323, 204.15864154341654, 0.30093037115675525]
[445.05331737320137, 202.5445494646601, 0.30093037115675525]
[439.8525402430796, 200.93045738590365, 0.30093037115675525]
[434.65176311295795, 199.31636530714724, 0.30093037115675525]
[429.45098598283624, 197.7022732283908, 0.30093037115675525]
[424.25020885271454, 196.08818114963435, 0.30093037115675525]
[419.04943172259283, 194.47408907087794, 0.30093037115675525]
[413.8486545924711, 192.8599969921215, 0.30093037115675525]
[408.6478774623494, 191.24590491336505, 0.30093037115675525]
[403.4471003322277, 189.6318128346086, 0.30093037115675525]
[398.24632320210605, 188.0177207558522, 0.30093037115675525]
[393.04554607198435, 186.40362867709575, 0.30093037115675525]
[387.84476894186264, 184.7895365983393, 0.30093037115675525]
[382.64399181174093, 183.1754445195829, 0.30093037115675525]
[377.4432146816192, 181.56135244082645, 0.30093037115675525]
[377.4432146816192, 181.56135244082645, 0.3009303711567559]
[372.2841607227465, 179.53938069452357, 0.44612452142739434]
[367.4719392377949, 176.79224912265107, 0.591318671698033]
[361.6906886934803, 172.91032916315459, 0.5913186716980322]
[355.90943814916574, 169.0284092036581, 0.5913186716980322]
[350.1281876048511, 165.14648924416164, 0.5913186716980322]
[344.34693706053656, 161.26456928466516, 0.5913186716980322]
[338.56568651622194, 157.38264932516867, 0.5913186716980322]
[332.7844359719073, 153.5007293656722, 0.5913186716980322]
[327.0031854275927, 149.61880940617573, 0.5913186716980322]
[321.22193488327815, 145.73688944667924, 0.5913186716980322]
[315.44068433896354, 141.85496948718276, 0.5913186716980322]
[309.6594337946489, 137.97304952768627, 0.5913186716980322]
[303.87818325033436, 134.0911295681898, 0.5913186716980322]
[298.09693270601974, 130.20920960869333, 0.5913186716980322]
[292.3156821617051, 126.32728964919684, 0.5913186716980322]
[286.53443161739057, 122.44536968970037, 0.5913186716980322]
[280.75318107307595, 118.5634497302039, 0.5913186716980322]
[274.97193052876133, 114.68152977070741, 0.5913186716980322]
[269.1906799844468, 110.79960981121093, 0.5913186716980322]
[263.40942944013216, 106.91768985171446, 0.5913186716980322]
[255.9027932965928, 103.00685379943599, 0.3692681400570763]
[253.52662397052381, 102.08722532263099, 0.3692681400570763]
[251.15045464445487, 101.16759684582598, 0.3692681400570763]
[248.77428531838592, 100.24796836902098, 0.3692681400570763]
[246.39811599231695, 99.32833989221598, 0.3692681400570763]
[244.02194666624797, 98.40871141541098, 0.3692681400570763]
[241.64577734017902, 97.48908293860597, 0.3692681400570763]
[239.26960801411005, 96.56945446180097, 0.3692681400570763]
[236.8934386880411, 95.64982598499597, 0.3692681400570763]
[234.51726936197213, 94.73019750819097, 0.3692681400570763]
[232.14110003590318, 93.81056903138597, 0.3692681400570763]
[229.7649307098342, 92.89094055458096, 0.3692681400570763]
[227.38876138376526, 91.97131207777596, 0.3692681400570763]
[225.01259205769628, 91.05168360097096, 0.3692681400570763]
[222.63642273162733, 90.13205512416596, 0.3692681400570763]
[220.26025340555836, 89.21242664736096, 0.3692681400570763]
[217.8840840794894, 88.29279817055595, 0.3692681400570763]
[215.50791475342044, 87.37316969375095, 0.3692681400570763]
[213.1317454273515, 86.45354121694595, 0.3692681400570763]
[210.75557610128251, 85.53391274014095, 0.3692681400570763]
[203.55721816532625, 83.05229284217188, 0.3276429564729768]
[197.85316222642066, 81.11352183230179, 0.3276429564729768]
[192.14910628751508, 79.1747508224317, 0.3276429564729768]
[186.4450503486095, 77.23597981256161, 0.3276429564729768]
[180.74099440970392, 75.29720880269151, 0.3276429564729768]
[175.03693847079833, 73.35843779282142, 0.3276429564729768]
[169.33288253189275, 71.41966678295134, 0.3276429564729768]
[163.62882659298717, 69.48089577308124, 0.3276429564729768]
[157.92477065408158, 67.54212476321115, 0.3276429564729768]
[152.220714715176, 65.60335375334105, 0.3276429564729768]
[146.51665877627042, 63.66458274347096, 0.3276429564729768]
[140.81260283736484, 61.72581173360087, 0.3276429564729768]
[135.10854689845925, 59.787040723730776, 0.3276429564729768]
[129.40449095955367, 57.84826971386069, 0.3276429564729768]
[123.70043502064807, 55.90949870399059, 0.3276429564729768]
[117.99637908174249, 53.970727694120505, 0.3276429564729768]
[112.2923231428369, 52.03195668425041, 0.3276429564729768]
[112.2923231428369, 52.03195668425042, 0.3276429564729768]
[100.0, 50.00000000000001, 0.0]
>>>> 
>>>> inputs
[40.0, 0.0, 0.11445189560887185]
[40.0, 0.0, 0.11445189560887185]
[40.0, 0.0, 0.11445189560887185]
[40.0, 0.0, 0.11445189560887185]
[40.0, 0.0, 0.11445189560887185]
[40.0, 0.0, 0.11445189560887185]
[40.0, 0.0, 0.11445189560887185]
[40.0, 0.0, 0.11445189560887185]
[40.0, 0.0, 0.11445189560887185]
[40.0, 0.0, 0.11445189560887185]
[40.0, 0.0, 0.11445189560887185]
[40.0, 0.0, 0.11445189560887185]
[40.0, 0.0, 0.11445189560887185]
[40.0, 0.0, 0.11445189560887185]
[40.0, 0.0, 0.11445189560887185]
[40.0, 0.0, 0.11445189560887185]
[40.0, 0.8669840139434847, 0.11445189560887185]
[40.0, 0.8669840139434847, 0.11445189560887185]
[40.0, 0.8669840139434847, 0.11445189560887185]
[40.0, 0.0, 0.11445189560887185]
[40.0, 0.0, 0.06273571625759337]
[40.0, 0.0, 0.06273571625759337]
[40.0, 0.0, 0.06273571625759337]
[40.0, 0.0, 0.06273571625759337]
[40.0, 0.0, 0.06273571625759337]
[40.0, 0.0, 0.06273571625759337]
[40.0, 0.0, 0.06273571625759337]
[40.0, 0.0, 0.06273571625759337]
[40.0, 0.0, 0.06273571625759337]
[40.0, 0.0, 0.06273571625759337]
[40.0, 0.0, 0.06273571625759337]
[40.0, 0.0, 0.06273571625759337]
[40.0, -0.8669840139434847, 0.06273571625759337]
[40.0, -0.8669840139434847, 0.06273571625759337]
[40.0, -0.8669840139434847, 0.06273571625759337]
[40.0, -0.8669840139434847, 0.06273571625759337]
[40.0, -0.8669840139434847, 0.06273571625759337]
[40.0, -0.8669840139434847, 0.06273571625759337]
[40.0, 0.0, 0.06273571625759337]
[40.0, 0.0, 0.06273571625759337]
[40.0, 0.0, 0.0717366936361016]
[40.0, 0.0, 0.0717366936361016]
[40.0, 0.0, 0.0717366936361016]
[40.0, 0.0, 0.0717366936361016]
[40.0, 0.0, 0.0717366936361016]
[40.0, 0.0, 0.0717366936361016]
[40.0, 0.0, 0.0717366936361016]
[40.0, 0.0, 0.0717366936361016]
[40.0, 0.0, 0.0717366936361016]
[40.0, 0.0, 0.0717366936361016]
[40.0, 0.0, 0.0717366936361016]
[40.0, 0.0, 0.0717366936361016]
[40.0, 0.0, 0.0717366936361016]
[40.0, 0.0, 0.0717366936361016]
[40.0, 0.0, 0.0717366936361016]
[40.0, 0.8669840139434847, 0.0717366936361016]
[40.0, 0.8669840139434847, 0.0717366936361016]
[40.0, 0.0, 0.0717366936361016]
[40.0, 0.0, 0.0717366936361016]
[40.0, 0.0, 0.0717366936361016]
[40.0, 0.0, 0.11948813035288226]
[40.0, 0.0, 0.11948813035288226]
[40.0, 0.0, 0.11948813035288226]
[40.0, 0.0, 0.11948813035288226]
[40.0, 0.0, 0.11948813035288226]
[40.0, 0.0, 0.11948813035288226]
[40.0, 0.0, 0.11948813035288226]
[40.0, 0.0, 0.11948813035288226]
[40.0, 0.0, 0.11948813035288226]
[40.0, 0.0, 0.11948813035288226]
[40.0, 0.0, 0.11948813035288226]
[40.0, 0.0, 0.11948813035288226]
[40.0, 0.0, 0.11948813035288226]
[40.0, 0.0, 0.11948813035288226]
[40.0, 0.0, 0.11948813035288226]
[40.0, 0.0, 0.11948813035288226]
[40.0, 0.0, 0.11948813035288226]
[40.0, 0.0, 0.11948813035288226]
[40.0, 0.0, 0.11948813035288226]
[40.0, 0.0, 0.11948813035288226]
[40.0, 0.0, 0.14142525113829757]
[40.0, 0.0, 0.14142525113829757]
[40.0, 0.0, 0.14142525113829757]
[40.0, -0.8669840139434847, 0.14142525113829757]
[40.0, -0.8669840139434847, 0.14142525113829757]
[40.0, -0.8669840139434847, 0.14142525113829757]
[40.0, -0.8669840139434847, 0.14142525113829757]
[40.0, -0.8669840139434847, 0.14142525113829757]
[40.0, -0.8669840139434847, 0.14142525113829757]
[40.0, -0.8669840139434847, 0.14142525113829757]
[40.0, -0.8669840139434847, 0.14142525113829757]
[40.0, -0.8669840139434847, 0.14142525113829757]
[40.0, -0.8669840139434847, 0.14142525113829757]
[40.0, -0.8669840139434847, 0.14142525113829757]
[40.0, -0.8669840139434847, 0.14142525113829757]
[40.0, 0.0, 0.14142525113829757]
[40.0, 0.0, 0.14142525113829757]
[40.0, 0.0, 0.14142525113829757]
[40.0, 0.0, 0.14142525113829757]
[40.0, 0.0, 0.14142525113829757]
[40.0, 0.0, 0.11739359731945727]
[40.0, 0.8669840139434847, 0.11739359731945727]
[40.0, 0.8669840139434847, 0.11739359731945727]
[40.0, 0.8669840139434847, 0.11739359731945727]
[40.0, 0.8669840139434847, 0.11739359731945727]
[40.0, 0.8669840139434847, 0.11739359731945727]
[40.0, 0.8669840139434847, 0.11739359731945727]
[40.0, 0.8669840139434847, 0.11739359731945727]
[40.0, 0.8669840139434847, 0.11739359731945727]
[40.0, 0.8669840139434847, 0.11739359731945727]
[40.0, 0.8669840139434847, 0.11739359731945727]
[40.0, 0.8669840139434847, 0.11739359731945727]
[40.0, 0.8669840139434847, 0.11739359731945727]
[40.0, 0.8669840139434847, 0.11739359731945727]
[40.0, 0.0, 0.11739359731945727]
[40.0, 0.0, 0.11739359731945727]
[40.0, 0.0, 0.11739359731945727]
[40.0, 0.0, 0.11739359731945727]
[40.0, 0.0, 0.11739359731945727]
[40.0, 0.0, 0.11739359731945727]
[40.0, 0.0, 0.06250000023474986]
[40.0, 0.0, 0.06250000023474986]
[40.0, 0.0, 0.06250000023474986]
[40.0, 0.0, 0.06250000023474986]
[40.0, 0.0, 0.06250000023474986]
[40.0, 0.0, 0.06250000023474986]
[40.0, 0.0, 0.06250000023474986]
[40.0, 0.0, 0.06250000023474986]
[40.0, 0.0, 0.06250000023474986]
[40.0, 0.0, 0.06250000023474986]
[40.0, 0.0, 0.06250000023474986]
[40.0, 0.0, 0.06250000023474986]
[40.0, -0.8669840139434847, 0.06250000023474986]
[40.0, 0.0, 0.06250000023474986]
[40.0, 0.0, 0.06250000023474986]
[40.0, 0.0, 0.06250000023474986]
[40.0, 0.0, 0.06250000023474986]
[40.0, 0.0, 0.06250000023474986]
[40.0, 0.0, 0.06250000023474986]
[40.0, 0.0, 0.06250000023474986]
[40.0, 0.0, 0.09231176961539547]
[40.0, 0.0, 0.09231176961539547]
[40.0, 0.0, 0.09231176961539547]
[40.0, 0.0, 0.09231176961539547]
[40.0, 0.0, 0.09231176961539547]
[40.0, 0.0, 0.09231176961539547]
[40.0, 0.0, 0.09231176961539547]
[40.0, 0.0, 0.09231176961539547]
[40.0, 0.0, 0.09231176961539547]
[40.0, 0.0, 0.09231176961539547]
[40.0, 0.0, 0.09231176961539547]
[40.0, 0.8669840139434847, 0.09231176961539547]
[40.0, 0.0, 0.09231176961539547]
[40.0, 0.0, 0.09231176961539547]
[40.0, 0.0, 0.09231176961539547]
[40.0, 0.0, 0.09231176961539547]
[40.0, 0.0, 0.09231176961539547]
[40.0, 0.0, 0.09231176961539547]
[40.0, 0.0, 0.09231176961539547]
[40.0, 0.0, 0.09231176961539547]
[40.0, 0.0, 0.12376283083450956]
[40.0, 0.0, 0.12376283083450956]
[40.0, 0.0, 0.12376283083450956]
[40.0, 0.0, 0.12376283083450956]
[40.0, 0.0, 0.12376283083450956]
[40.0, 0.0, 0.12376283083450956]
[40.0, 0.0, 0.12376283083450956]
[40.0, 0.0, 0.12376283083450956]
[40.0, 0.0, 0.12376283083450956]
[40.0, 0.0, 0.12376283083450956]
[40.0, -0.8669840139434847, 0.12376283083450956]
[40.0, 0.0, 0.12376283083450956]
[40.0, 0.0, 0.12376283083450956]
[40.0, 0.0, 0.12376283083450956]
[40.0, 0.0, 0.12376283083450956]
[40.0, 0.0, 0.12376283083450956]
[40.0, 0.0, 0.12376283083450956]
[40.0, 0.0, 0.12376283083450956]
[40.0, 0.0, 0.12376283083450956]
[40.0, 0.0, 0.12376283083450956]
[40.0, 0.0, 0.06251488652424994]
[40.0, 0.0, 0.06251488652424994]
[40.0, 0.0, 0.06251488652424994]
[40.0, 0.0, 0.06251488652424994]
[40.0, 0.0, 0.06251488652424994]
[40.0, 0.0, 0.06251488652424994]
[40.0, 0.0, 0.06251488652424994]
[40.0, 0.0, 0.06251488652424994]
[40.0, -0.8669840139434847, 0.06251488652424994]
[40.0, -0.8669840139434847, 0.06251488652424994]
[40.0, 0.0, 0.06251488652424994]
[40.0, 0.0, 0.06251488652424994]
[40.0, 0.0, 0.06251488652424994]
[40.0, 0.0, 0.06251488652424994]
[40.0, 0.0, 0.06251488652424994]
[40.0, 0.0, 0.06251488652424994]
[40.0, 0.0, 0.06251488652424994]
[40.0, 0.0, 0.06251488652424994]
[40.0, 0.0, 0.06251488652424994]
[40.0, 0.0, 0.06251488652424994]
[40.0, 0.0, 0.12277484694780641]
[40.0, 0.0, 0.12277484694780641]
[40.0, 0.0, 0.12277484694780641]
[40.0, 0.0, 0.12277484694780641]
[40.0, 0.0, 0.12277484694780641]
[40.0, 0.0, 0.12277484694780641]
[40.0, -0.8669840139434847, 0.12277484694780641]
[40.0, -0.8669840139434847, 0.12277484694780641]
[40.0, -0.8669840139434847, 0.12277484694780641]
[40.0, 0.0, 0.12277484694780641]
[40.0, 0.0, 0.12277484694780641]
[40.0, 0.0, 0.12277484694780641]
[40.0, 0.0, 0.12277484694780641]
[40.0, 0.0, 0.12277484694780641]
[40.0, 0.0, 0.12277484694780641]
[40.0, 0.0, 0.12277484694780641]
[40.0, 0.0, 0.12277484694780641]
[40.0, 0.0, 0.12277484694780641]
[40.0, 0.0, 0.12277484694780641]
[40.0, 0.0, 0.12277484694780641]
[40.0, 0.0, 0.1672838354341712]
[40.0, 0.0, 0.1672838354341712]
[40.0, 0.0, 0.1672838354341712]
[40.0, 0.0, 0.1672838354341712]
[40.0, 0.0, 0.1672838354341712]
[40.0, 0.0, 0.1672838354341712]
[40.0, 0.0, 0.1672838354341712]
[40.0, 0.8669840139434847, 0.1672838354341712]
[40.0, 0.0, 0.1672838354341712]
[40.0, 0.0, 0.1672838354341712]
[40.0, 0.0, 0.1672838354341712]
[40.0, 0.0, 0.1672838354341712]
[40.0, 0.0, 0.1672838354341712]
[40.0, 0.0, 0.1672838354341712]
[40.0, 0.0, 0.1672838354341712]
[40.0, 0.0, 0.1672838354341712]
[40.0, 0.0, 0.1672838354341712]
[40.0, 0.0, 0.1672838354341712]
[40.0, 0.0, 0.1672838354341712]
[40.0, 0.0, 0.1672838354341712]
[40.0, 0.0, 0.06250056019591037]
[40.0, 0.0, 0.06250056019591037]
[40.0, 0.0, 0.06250056019591037]
[40.0, 0.0, 0.06250056019591037]
[40.0, 0.0, 0.06250056019591037]
[40.0, 0.0, 0.06250056019591037]
[40.0, 0.0, 0.06250056019591037]
[40.0, 0.0, 0.06250056019591037]
[40.0, 0.0, 0.06250056019591037]
[40.0, 0.0, 0.06250056019591037]
[40.0, 0.0, 0.06250056019591037]
[40.0, 0.0, 0.06250056019591037]
[40.0, 0.0, 0.06250056019591037]
[40.0, 0.0, 0.06250056019591037]
[40.0, 0.0, 0.06250056019591037]
[40.0, 0.0, 0.06250056019591037]
[40.0, 0.0, 0.06250056019591037]
[40.0, 0.0, 0.06250056019591037]
[40.0, 0.0, 0.06250056019591037]
[40.0, 0.0, 0.06250056019591037]
[40.0, 0.0, 0.14366528259501854]
[40.0, 0.0, 0.14366528259501854]
[40.0, 0.0, 0.14366528259501854]
[40.0, 0.0, 0.14366528259501854]
[40.0, 0.8669840139434847, 0.14366528259501854]
[40.0, 0.8669840139434847, 0.14366528259501854]
>>>> 
----------------------------
Path number   : 1
Path length   : 1138.9038362951858
Time required : 67.02956891059875 s
>>>> Nodes
[1109.3438153086984, 496.2817132601736, 0.3648371451375887]
[1104.8996424846234, 494.5843261767639, 0.3648371451375887]
[1100.4554696605485, 492.8869390933542, 0.3648371451375887]
[1096.0112968364735, 491.1895520099446, 0.3648371451375887]
[1091.5671240123986, 489.4921649265349, 0.3648371451375887]
[1087.122951188324, 487.7947778431252, 0.3648371451375887]
[1082.678778364249, 486.0973907597155, 0.3648371451375887]
[1078.234605540174, 484.40000367630586, 0.3648371451375887]
[1073.790432716099, 482.70261659289616, 0.3648371451375887]
[1069.3462598920241, 481.00522950948647, 0.3648371451375887]
[1064.9020870679492, 479.3078424260768, 0.3648371451375887]
[1060.4579142438743, 477.6104553426671, 0.3648371451375887]
[1056.0137414197993, 475.91306825925744, 0.3648371451375887]
[1051.5695685957244, 474.21568117584775, 0.3648371451375887]
[1047.1253957716497, 472.51829409243805, 0.3648371451375887]
[1042.6812229475747, 470.82090700902836, 0.3648371451375887]
[1038.2370501234998, 469.1235199256187, 0.3648371451375887]
[1033.7928772994248, 467.42613284220903, 0.3648371451375887]
[1029.34870447535, 465.72874575879933, 0.3648371451375887]
[1020.4002028868205, 463.5024826606916, 0.1228346014603392]
[1017.2041609108182, 463.10791164549795, 0.12283460146033913]
[1014.0081189348159, 462.7133406303043, 0.12283460146033913]
[1010.8120769588137, 462.3187696151107, 0.12283460146033913]
[1007.6160349828115, 461.9241985999171, 0.12283460146033913]
[1004.4199930068091, 461.52962758472347, 0.12283460146033913]
[1001.2239510308069, 461.1350565695298, 0.12283460146033913]
[998.0279090548046, 460.7404855543362, 0.12283460146033913]
[994.8318670788024, 460.3459145391426, 0.12283460146033913]
[991.6358251028001, 459.951343523949, 0.12283460146033913]
[988.4397831267978, 459.55677250875533, 0.12283460146033913]
[985.2437411507956, 459.1622014935617, 0.12283460146033913]
[982.0476991747934, 458.7676304783681, 0.12283460146033913]
[978.851657198791, 458.3730594631745, 0.12283460146033913]
[975.6556152227888, 457.97848844798085, 0.12283460146033913]
[972.4595732467865, 457.58391743278725, 0.12283460146033913]
[969.2635312707843, 457.18934641759364, 0.12283460146033913]
[966.067489294782, 456.79477540240003, 0.12283460146033913]
[962.8714473187797, 456.4002043872064, 0.12283460146033913]
[959.6754053427775, 456.00563337201277, 0.12283460146033913]
[955.2221983958286, 455.4654562990083, 0.12069139731336757]
[950.8502496810331, 454.9352226619324, 0.12069139731336757]
[946.4783009662376, 454.40498902485655, 0.12069139731336757]
[942.106352251442, 453.87475538778074, 0.12069139731336757]
[937.7344035366465, 453.34452175070487, 0.12069139731336757]
[933.3624548218509, 452.814288113629, 0.12069139731336757]
[928.9905061070554, 452.28405447655314, 0.12069139731336757]
[924.6185573922597, 451.75382083947727, 0.12069139731336757]
[920.2466086774642, 451.2235872024014, 0.12069139731336757]
[915.8746599626686, 450.6933535653256, 0.12069139731336757]
[911.5027112478731, 450.1631199282497, 0.12069139731336757]
[907.1307625330775, 449.63288629117386, 0.12069139731336757]
[902.758813818282, 449.102652654098, 0.12069139731336757]
[902.758813818282, 449.102652654098, 0.1206913973133692]
[898.1281728893013, 448.24868583926997, 0.24404372904168725]
[893.6377886258699, 446.8314547710572, 0.3673960607700053]
[889.3558992159886, 444.87249642144235, 0.49074839249832314]
[885.3475744526658, 442.40158012870563, 0.6141007242266414]
[881.673726899887, 439.4562552072545, 0.7374530559549592]
[877.7634821589879, 435.90407179070115, 0.7374530559549587]
[873.8532374180888, 432.3518883741478, 0.7374530559549587]
[869.9429926771897, 428.79970495759443, 0.7374530559549587]
[866.0327479362905, 425.24752154104107, 0.7374530559549587]
[862.1225031953915, 421.6953381244877, 0.7374530559549587]
[858.2122584544924, 418.14315470793434, 0.7374530559549587]
[854.3020137135933, 414.590971291381, 0.7374530559549587]
[850.3917689726942, 411.0387878748277, 0.7374530559549587]
[846.481524231795, 407.4866044582743, 0.7374530559549587]
[842.5712794908959, 403.93442104172095, 0.7374530559549587]
[838.6610347499968, 400.3822376251676, 0.7374530559549587]
[834.7507900090977, 396.83005420861423, 0.7374530559549587]
[830.8405452681986, 393.27787079206087, 0.7374530559549587]
[826.9303005272996, 389.7256873755075, 0.7374530559549587]
[823.0200557864005, 386.17350395895414, 0.7374530559549587]
[819.1098110455013, 382.6213205424008, 0.7374530559549587]
[815.1995663046022, 379.0691371258474, 0.7374530559549587]
[811.2893215637031, 375.51695370929406, 0.7374530559549587]
[808.07394485484, 372.2210652500564, 0.8580719972680941]
[805.2576993571753, 368.9625658939304, 0.8580719972680941]
[802.4414538595106, 365.70406653780435, 0.8580719972680941]
[799.6252083618459, 362.44556718167837, 0.8580719972680941]
[796.8089628641812, 359.18706782555233, 0.8580719972680941]
[793.9927173665164, 355.9285684694263, 0.8580719972680941]
[791.1764718688518, 352.67006911330026, 0.8580719972680941]
[788.3602263711871, 349.4115697571742, 0.8580719972680941]
[785.5439808735224, 346.15307040104824, 0.8580719972680941]
[782.7277353758577, 342.8945710449222, 0.8580719972680941]
[779.911489878193, 339.63607168879616, 0.8580719972680941]
[777.0952443805284, 336.3775723326701, 0.8580719972680941]
[774.2789988828637, 333.1190729765441, 0.8580719972680941]
[771.462753385199, 329.8605736204181, 0.8580719972680941]
[768.6465078875343, 326.60207426429207, 0.8580719972680941]
[765.8302623898695, 323.34357490816603, 0.8580719972680941]
[763.0140168922048, 320.08507555204, 0.8580719972680941]
[760.1977713945402, 316.826576195914, 0.8580719972680941]
[757.3815258968755, 313.568076839788, 0.8580719972680941]
[754.5652803992108, 310.30957748366194, 0.8580719972680941]
[749.0065141666423, 304.6208134895736, 0.7836684529911632]
[745.3843689595426, 301.0111771826898, 0.7836684529911632]
[741.762223752443, 297.401540875806, 0.7836684529911632]
[738.1400785453434, 293.7919045689222, 0.7836684529911632]
[734.5179333382438, 290.1822682620384, 0.7836684529911632]
[730.8957881311441, 286.5726319551546, 0.7836684529911632]
[727.2736429240445, 282.9629956482708, 0.7836684529911632]
[723.6514977169448, 279.353359341387, 0.7836684529911632]
[720.0293525098452, 275.7437230345032, 0.7836684529911632]
[716.4072073027455, 272.1340867276194, 0.7836684529911632]
[712.7850620956459, 268.5244504207356, 0.7836684529911632]
[709.1629168885463, 264.9148141138518, 0.7836684529911632]
[705.5407716814467, 261.305177806968, 0.7836684529911632]
[701.918626474347, 257.6955415000842, 0.7836684529911632]
[698.2964812672474, 254.0859051932004, 0.7836684529911632]
[698.2964812672474, 254.08590519320043, 0.7836684529911632]
[692.9076059836428, 249.6207496619637, 0.6001935530291753]
[686.7945241787722, 246.21372433371354, 0.41671865306718736]
[680.1624441319179, 243.97919865865504, 0.23324375310519962]
[676.4277844403089, 243.09196466529016, 0.2332437531051988]
[672.6931247486997, 242.20473067192535, 0.2332437531051988]
[668.9584650570905, 241.3174966785605, 0.2332437531051988]
[665.2238053654814, 240.4302626851957, 0.2332437531051988]
[661.4891456738724, 239.54302869183084, 0.2332437531051988]
[657.7544859822632, 238.65579469846602, 0.2332437531051988]
[654.019826290654, 237.76856070510118, 0.2332437531051988]
[650.2851665990449, 236.88132671173636, 0.2332437531051988]
[646.5505069074359, 235.99409271837152, 0.2332437531051988]
[642.8158472158267, 235.10685872500667, 0.2332437531051988]
[639.0811875242175, 234.21962473164186, 0.2332437531051988]
[635.3465278326084, 233.332390738277, 0.2332437531051988]
[631.6118681409994, 232.4451567449122, 0.2332437531051988]
[627.8772084493902, 231.55792275154735, 0.2332437531051988]
[624.142548757781, 230.67068875818254, 0.2332437531051988]
[620.407889066172, 229.7834547648177, 0.2332437531051988]
[616.6732293745629, 228.89622077145287, 0.2332437531051988]
[612.9385696829537, 228.00898677808803, 0.2332437531051988]
[608.2563687515968, 227.20040267146356, 0.10876926180379831]
[602.9270930920441, 226.61844447879915, 0.10876926180379916]
[597.5978174324913, 226.0364862861347, 0.10876926180379916]
[592.2685417729385, 225.45452809347026, 0.10876926180379916]
[586.9392661133857, 224.87256990080584, 0.10876926180379916]
[581.6099904538329, 224.2906117081414, 0.10876926180379916]
[576.2807147942801, 223.70865351547695, 0.10876926180379916]
[570.9514391347274, 223.1266953228125, 0.10876926180379916]
[565.6221634751746, 222.54473713014806, 0.10876926180379916]
[560.2928878156217, 221.96277893748362, 0.10876926180379916]
[554.963612156069, 221.38082074481918, 0.10876926180379916]
[549.6343364965162, 220.79886255215473, 0.10876926180379916]
[544.3050608369634, 220.2169043594903, 0.10876926180379916]
[538.9757851774107, 219.63494616682584, 0.10876926180379916]
[533.6465095178579, 219.05298797416143, 0.10876926180379916]
[528.3172338583051, 218.47102978149698, 0.10876926180379916]
[522.9879581987523, 217.88907158883254, 0.10876926180379916]
[517.6586825391995, 217.3071133961681, 0.10876926180379916]
[512.3294068796467, 216.72515520350365, 0.10876926180379916]
[509.84198254345876, 216.37039789093404, 0.17456070474368346]
[507.2244375600493, 215.90877911179464, 0.17456070474368415]
[504.60689257663984, 215.44716033265527, 0.17456070474368415]
[501.9893475932304, 214.98554155351587, 0.17456070474368415]
[499.371802609821, 214.5239227743765, 0.17456070474368415]
[496.7542576264115, 214.0623039952371, 0.17456070474368415]
[494.13671264300206, 213.60068521609773, 0.17456070474368415]
[491.5191676595926, 213.13906643695833, 0.17456070474368415]
[488.90162267618314, 212.67744765781896, 0.17456070474368415]
[486.28407769277374, 212.21582887867956, 0.17456070474368415]
[483.6665327093643, 211.7542100995402, 0.17456070474368415]
[481.0489877259548, 211.2925913204008, 0.17456070474368415]
[478.43144274254536, 210.83097254126142, 0.17456070474368415]
[475.8138977591359, 210.36935376212202, 0.17456070474368415]
[473.19635277572644, 209.90773498298265, 0.17456070474368415]
[470.57880779231704, 209.44611620384325, 0.17456070474368415]
[467.9612628089076, 208.98449742470387, 0.17456070474368415]
[465.3437178254981, 208.52287864556448, 0.17456070474368415]
[465.3437178254981, 208.52287864556448, 0.17456070474368346]
[460.65564876356643, 207.3868257009294, 0.3009303711567559]
[455.4548716334447, 205.77273362217295, 0.30093037115675525]
[450.254094503323, 204.15864154341654, 0.30093037115675525]
[445.05331737320137, 202.5445494646601, 0.30093037115675525]
[439.8525402430796, 200.93045738590365, 0.30093037115675525]
[434.65176311295795, 199.31636530714724, 0.30093037115675525]
[429.45098598283624, 197.7022732283908, 0.30093037115675525]
[424.25020885271454, 196.08818114963435, 0.30093037115675525]
[419.04943172259283, 194.47408907087794, 0.30093037115675525]
[413.8486545924711, 192.8599969921215, 0.30093037115675525]
[408.6478774623494, 191.24590491336505, 0.30093037115675525]
[403.4471003322277, 189.6318128346086, 0.30093037115675525]
[398.24632320210605, 188.0177207558522, 0.30093037115675525]
[393.04554607198435, 186.40362867709575, 0.30093037115675525]
[387.84476894186264, 184.7895365983393, 0.30093037115675525]
[382.64399181174093, 183.1754445195829, 0.30093037115675525]
[377.4432146816192, 181.56135244082645, 0.30093037115675525]
[377.4432146816192, 181.56135244082645, 0.3009303711567559]
[372.2841607227465, 179.53938069452357, 0.44612452142739434]
[367.4719392377949, 176.79224912265107, 0.591318671698033]
[361.6906886934803, 172.91032916315459, 0.5913186716980322]
[355.90943814916574, 169.0284092036581, 0.5913186716980322]
[350.1281876048511, 165.14648924416164, 0.5913186716980322]
[344.34693706053656, 161.26456928466516, 0.5913186716980322]
[338.56568651622194, 157.38264932516867, 0.5913186716980322]
[332.7844359719073, 153.5007293656722, 0.5913186716980322]
[327.0031854275927, 149.61880940617573, 0.5913186716980322]
[321.22193488327815, 145.73688944667924, 0.5913186716980322]
[315.44068433896354, 141.85496948718276, 0.5913186716980322]
[309.6594337946489, 137.97304952768627, 0.5913186716980322]
[303.87818325033436, 134.0911295681898, 0.5913186716980322]
[298.09693270601974, 130.20920960869333, 0.5913186716980322]
[292.3156821617051, 126.32728964919684, 0.5913186716980322]
[286.53443161739057, 122.44536968970037, 0.5913186716980322]
[280.75318107307595, 118.5634497302039, 0.5913186716980322]
[274.97193052876133, 114.68152977070741, 0.5913186716980322]
[269.1906799844468, 110.79960981121093, 0.5913186716980322]
[263.40942944013216, 106.91768985171446, 0.5913186716980322]
[255.9027932965928, 103.00685379943599, 0.3692681400570763]
[253.52662397052381, 102.08722532263099, 0.3692681400570763]
[251.15045464445487, 101.16759684582598, 0.3692681400570763]
[248.77428531838592, 100.24796836902098, 0.3692681400570763]
[246.39811599231695, 99.32833989221598, 0.3692681400570763]
[244.02194666624797, 98.40871141541098, 0.3692681400570763]
[241.64577734017902, 97.48908293860597, 0.3692681400570763]
[239.26960801411005, 96.56945446180097, 0.3692681400570763]
[236.8934386880411, 95.64982598499597, 0.3692681400570763]
[234.51726936197213, 94.73019750819097, 0.3692681400570763]
[232.14110003590318, 93.81056903138597, 0.3692681400570763]
[229.7649307098342, 92.89094055458096, 0.3692681400570763]
[227.38876138376526, 91.97131207777596, 0.3692681400570763]
[225.01259205769628, 91.05168360097096, 0.3692681400570763]
[222.63642273162733, 90.13205512416596, 0.3692681400570763]
[220.26025340555836, 89.21242664736096, 0.3692681400570763]
[217.8840840794894, 88.29279817055595, 0.3692681400570763]
[215.50791475342044, 87.37316969375095, 0.3692681400570763]
[213.1317454273515, 86.45354121694595, 0.3692681400570763]
[210.75557610128251, 85.53391274014095, 0.3692681400570763]
[203.55721816532625, 83.05229284217188, 0.3276429564729768]
[197.85316222642066, 81.11352183230179, 0.3276429564729768]
[192.14910628751508, 79.1747508224317, 0.3276429564729768]
[186.4450503486095, 77.23597981256161, 0.3276429564729768]
[180.74099440970392, 75.29720880269151, 0.3276429564729768]
[175.03693847079833, 73.35843779282142, 0.3276429564729768]
[169.33288253189275, 71.41966678295134, 0.3276429564729768]
[163.62882659298717, 69.48089577308124, 0.3276429564729768]
[157.92477065408158, 67.54212476321115, 0.3276429564729768]
[152.220714715176, 65.60335375334105, 0.3276429564729768]
[146.51665877627042, 63.66458274347096, 0.3276429564729768]
[140.81260283736484, 61.72581173360087, 0.3276429564729768]
[135.10854689845925, 59.787040723730776, 0.3276429564729768]
[129.40449095955367, 57.84826971386069, 0.3276429564729768]
[123.70043502064807, 55.90949870399059, 0.3276429564729768]
[117.99637908174249, 53.970727694120505, 0.3276429564729768]
[112.2923231428369, 52.03195668425041, 0.3276429564729768]
[112.2923231428369, 52.03195668425042, 0.3276429564729768]
[100.0, 50.00000000000001, 0.0]
>>>> 
>>>> inputs
[40.0, 0.0, 0.11859376423982215]
[40.0, 0.0, 0.11859376423982215]
[40.0, 0.0, 0.11859376423982215]
[40.0, 0.0, 0.11859376423982215]
[40.0, 0.0, 0.11859376423982215]
[40.0, 0.0, 0.11859376423982215]
[40.0, 0.0, 0.11859376423982215]
[40.0, 0.0, 0.11859376423982215]
[40.0, 0.0, 0.11859376423982215]
[40.0, 0.0, 0.11859376423982215]
[40.0, 0.0, 0.11859376423982215]
[40.0, 0.0, 0.11859376423982215]
[40.0, 0.0, 0.11859376423982215]
[40.0, 0.0, 0.11859376423982215]
[40.0, 0.0, 0.11859376423982215]
[40.0, 0.0, 0.11859376423982215]
[40.0, 0.0, 0.11859376423982215]
[40.0, 0.0, 0.11859376423982215]
[40.0, 0.8669840139434847, 0.11859376423982215]
[40.0, 0.0, 0.11859376423982215]
[40.0, 0.0, 0.07658459746152343]
[40.0, 0.0, 0.07658459746152343]
[40.0, 0.0, 0.07658459746152343]
[40.0, 0.0, 0.07658459746152343]
[40.0, 0.0, 0.07658459746152343]
[40.0, 0.0, 0.07658459746152343]
[40.0, 0.0, 0.07658459746152343]
[40.0, 0.0, 0.07658459746152343]
[40.0, 0.0, 0.07658459746152343]
[40.0, 0.0, 0.07658459746152343]
[40.0, 0.0, 0.07658459746152343]
[40.0, 0.0, 0.07658459746152343]
[40.0, 0.0, 0.07658459746152343]
[40.0, 0.0, 0.07658459746152343]
[40.0, 0.0, 0.07658459746152343]
[40.0, 0.0, 0.07658459746152343]
[40.0, 0.0, 0.07658459746152343]
[40.0, 0.0, 0.07658459746152343]
[40.0, 0.0, 0.07658459746152343]
[40.0, 0.0, 0.07658459746152343]
[40.0, 0.0, 0.10101295513754453]
[40.0, 0.0, 0.10101295513754453]
[40.0, 0.0, 0.10101295513754453]
[40.0, 0.0, 0.10101295513754453]
[40.0, 0.0, 0.10101295513754453]
[40.0, 0.0, 0.10101295513754453]
[40.0, 0.0, 0.10101295513754453]
[40.0, 0.0, 0.10101295513754453]
[40.0, 0.0, 0.10101295513754453]
[40.0, 0.0, 0.10101295513754453]
[40.0, 0.0, 0.10101295513754453]
[40.0, -0.8669840139434847, 0.10101295513754453]
[40.0, -0.8669840139434847, 0.10101295513754453]
[40.0, -0.8669840139434847, 0.10101295513754453]
[40.0, -0.8669840139434847, 0.10101295513754453]
[40.0, -0.8669840139434847, 0.10101295513754453]
[40.0, -0.8669840139434847, 0.10101295513754453]
[40.0, 0.0, 0.10101295513754453]
[40.0, 0.0, 0.10101295513754453]
[40.0, 0.0, 0.10101295513754453]
[40.0, 0.0, 0.12462222630446526]
[40.0, 0.0, 0.12462222630446526]
[40.0, 0.0, 0.12462222630446526]
[40.0, 0.0, 0.12462222630446526]
[40.0, 0.0, 0.12462222630446526]
[40.0, 0.0, 0.12462222630446526]
[40.0, 0.0, 0.12462222630446526]
[40.0, 0.0, 0.12462222630446526]
[40.0, 0.0, 0.12462222630446526]
[40.0, 0.0, 0.12462222630446526]
[40.0, 0.0, 0.12462222630446526]
[40.0, 0.0, 0.12462222630446526]
[40.0, 0.0, 0.12462222630446526]
[40.0, 0.0, 0.12462222630446526]
[40.0, 0.0, 0.12462222630446526]
[40.0, -0.8669840139434847, 0.12462222630446526]
[40.0, 0.0, 0.12462222630446526]
[40.0, 0.0, 0.12462222630446526]
[40.0, 0.0, 0.12462222630446526]
[40.0, 0.0, 0.12462222630446526]
[40.0, 0.0, 0.10584047032340635]
[40.0, 0.0, 0.10584047032340635]
[40.0, 0.0, 0.10584047032340635]
[40.0, 0.0, 0.10584047032340635]
[40.0, 0.0, 0.10584047032340635]
[40.0, 0.0, 0.10584047032340635]
[40.0, 0.0, 0.10584047032340635]
[40.0, 0.0, 0.10584047032340635]
[40.0, 0.0, 0.10584047032340635]
[40.0, 0.0, 0.10584047032340635]
[40.0, 0.0, 0.10584047032340635]
[40.0, 0.0, 0.10584047032340635]
[40.0, 0.0, 0.10584047032340635]
[40.0, 0.0, 0.10584047032340635]
[40.0, 0.0, 0.10584047032340635]
[40.0, 0.0, 0.10584047032340635]
[40.0, 0.0, 0.10584047032340635]
[40.0, 0.0, 0.10584047032340635]
[40.0, 0.0, 0.10584047032340635]
[40.0, 0.0, 0.10584047032340635]
[40.0, 0.0, 0.12216176975515905]
[40.0, 0.0, 0.12216176975515905]
[40.0, 0.0, 0.12216176975515905]
[40.0, 0.0, 0.12216176975515905]
[40.0, 0.0, 0.12216176975515905]
[40.0, 0.0, 0.12216176975515905]
[40.0, 0.0, 0.12216176975515905]
[40.0, 0.0, 0.12216176975515905]
[40.0, 0.0, 0.12216176975515905]
[40.0, 0.0, 0.12216176975515905]
[40.0, 0.8669840139434847, 0.12216176975515905]
[40.0, 0.8669840139434847, 0.12216176975515905]
[40.0, 0.8669840139434847, 0.12216176975515905]
[40.0, 0.8669840139434847, 0.12216176975515905]
[40.0, 0.0, 0.12216176975515905]
[40.0, 0.0, 0.12216176975515905]
[40.0, 0.0, 0.12216176975515905]
[40.0, 0.0, 0.12216176975515905]
[40.0, 0.0, 0.12216176975515905]
[40.0, 0.0, 0.12216176975515905]
[40.0, 0.0, 0.09231176961539547]
[40.0, 0.0, 0.09231176961539547]
[40.0, 0.0, 0.09231176961539547]
[40.0, 0.0, 0.09231176961539547]
[40.0, 0.0, 0.09231176961539547]
[40.0, 0.0, 0.09231176961539547]
[40.0, 0.0, 0.09231176961539547]
[40.0, 0.0, 0.09231176961539547]
[40.0, 0.0, 0.09231176961539547]
[40.0, 0.0, 0.09231176961539547]
[40.0, 0.0, 0.09231176961539547]
[40.0, 0.0, 0.09231176961539547]
[40.0, 0.8669840139434847, 0.09231176961539547]
[40.0, 0.0, 0.09231176961539547]
[40.0, 0.0, 0.09231176961539547]
[40.0, 0.0, 0.09231176961539547]
[40.0, 0.0, 0.09231176961539547]
[40.0, 0.0, 0.09231176961539547]
[40.0, 0.0, 0.09231176961539547]
[40.0, 0.0, 0.09231176961539547]
[40.0, 0.0, 0.12376283083450956]
[40.0, 0.0, 0.12376283083450956]
[40.0, 0.0, 0.12376283083450956]
[40.0, 0.0, 0.12376283083450956]
[40.0, 0.0, 0.12376283083450956]
[40.0, 0.0, 0.12376283083450956]
[40.0, 0.0, 0.12376283083450956]
[40.0, 0.0, 0.12376283083450956]
[40.0, 0.0, 0.12376283083450956]
[40.0, 0.0, 0.12376283083450956]
[40.0, 0.0, 0.12376283083450956]
[40.0, -0.8669840139434847, 0.12376283083450956]
[40.0, 0.0, 0.12376283083450956]
[40.0, 0.0, 0.12376283083450956]
[40.0, 0.0, 0.12376283083450956]
[40.0, 0.0, 0.12376283083450956]
[40.0, 0.0, 0.12376283083450956]
[40.0, 0.0, 0.12376283083450956]
[40.0, 0.0, 0.12376283083450956]
[40.0, 0.0, 0.12376283083450956]
[40.0, 0.0, 0.06251488652424994]
[40.0, 0.0, 0.06251488652424994]
[40.0, 0.0, 0.06251488652424994]
[40.0, 0.0, 0.06251488652424994]
[40.0, 0.0, 0.06251488652424994]
[40.0, 0.0, 0.06251488652424994]
[40.0, 0.0, 0.06251488652424994]
[40.0, 0.0, 0.06251488652424994]
[40.0, 0.0, 0.06251488652424994]
[40.0, -0.8669840139434847, 0.06251488652424994]
[40.0, -0.8669840139434847, 0.06251488652424994]
[40.0, 0.0, 0.06251488652424994]
[40.0, 0.0, 0.06251488652424994]
[40.0, 0.0, 0.06251488652424994]
[40.0, 0.0, 0.06251488652424994]
[40.0, 0.0, 0.06251488652424994]
[40.0, 0.0, 0.06251488652424994]
[40.0, 0.0, 0.06251488652424994]
[40.0, 0.0, 0.06251488652424994]
[40.0, 0.0, 0.06251488652424994]
[40.0, 0.0, 0.12277484694780641]
[40.0, 0.0, 0.12277484694780641]
[40.0, 0.0, 0.12277484694780641]
[40.0, 0.0, 0.12277484694780641]
[40.0, 0.0, 0.12277484694780641]
[40.0, 0.0, 0.12277484694780641]
[40.0, 0.0, 0.12277484694780641]
[40.0, -0.8669840139434847, 0.12277484694780641]
[40.0, -0.8669840139434847, 0.12277484694780641]
[40.0, -0.8669840139434847, 0.12277484694780641]
[40.0, 0.0, 0.12277484694780641]
[40.0, 0.0, 0.12277484694780641]
[40.0, 0.0, 0.12277484694780641]
[40.0, 0.0, 0.12277484694780641]
[40.0, 0.0, 0.12277484694780641]
[40.0, 0.0, 0.12277484694780641]
[40.0, 0.0, 0.12277484694780641]
[40.0, 0.0, 0.12277484694780641]
[40.0, 0.0, 0.12277484694780641]
[40.0, 0.0, 0.12277484694780641]
[40.0, 0.0, 0.1672838354341712]
[40.0, 0.0, 0.1672838354341712]
[40.0, 0.0, 0.1672838354341712]
[40.0, 0.0, 0.1672838354341712]
[40.0, 0.0, 0.1672838354341712]
[40.0, 0.0, 0.1672838354341712]
[40.0, 0.0, 0.1672838354341712]
[40.0, 0.0, 0.1672838354341712]
[40.0, 0.8669840139434847, 0.1672838354341712]
[40.0, 0.0, 0.1672838354341712]
[40.0, 0.0, 0.1672838354341712]
[40.0, 0.0, 0.1672838354341712]
[40.0, 0.0, 0.1672838354341712]
[40.0, 0.0, 0.1672838354341712]
[40.0, 0.0, 0.1672838354341712]
[40.0, 0.0, 0.1672838354341712]
[40.0, 0.0, 0.1672838354341712]
[40.0, 0.0, 0.1672838354341712]
[40.0, 0.0, 0.1672838354341712]
[40.0, 0.0, 0.1672838354341712]
[40.0, 0.0, 0.06250056019591037]
[40.0, 0.0, 0.06250056019591037]
[40.0, 0.0, 0.06250056019591037]
[40.0, 0.0, 0.06250056019591037]
[40.0, 0.0, 0.06250056019591037]
[40.0, 0.0, 0.06250056019591037]
[40.0, 0.0, 0.06250056019591037]
[40.0, 0.0, 0.06250056019591037]
[40.0, 0.0, 0.06250056019591037]
[40.0, 0.0, 0.06250056019591037]
[40.0, 0.0, 0.06250056019591037]
[40.0, 0.0, 0.06250056019591037]
[40.0, 0.0, 0.06250056019591037]
[40.0, 0.0, 0.06250056019591037]
[40.0, 0.0, 0.06250056019591037]
[40.0, 0.0, 0.06250056019591037]
[40.0, 0.0, 0.06250056019591037]
[40.0, 0.0, 0.06250056019591037]
[40.0, 0.0, 0.06250056019591037]
[40.0, 0.0, 0.06250056019591037]
[40.0, 0.0, 0.14366528259501854]
[40.0, 0.0, 0.14366528259501854]
[40.0, 0.0, 0.14366528259501854]
[40.0, 0.0, 0.14366528259501854]
[40.0, 0.0, 0.14366528259501854]
[40.0, 0.8669840139434847, 0.14366528259501854]
[40.0, 0.8669840139434847, 0.14366528259501854]
>>>> 
----------------------------
Path number   : 2
Path length   : 1112.9041161596417
Time required : 85.63325500488281 s
>>>> Nodes
[1094.5454194527076, 477.94181116791026, 0.1795942710052899]
[1092.5316311386346, 477.5762071018293, 0.1795942710052899]
[1090.5178428245615, 477.2106030357483, 0.1795942710052899]
[1088.5040545104882, 476.84499896966736, 0.1795942710052899]
[1086.4902661964152, 476.4793949035864, 0.1795942710052899]
[1084.4764778823421, 476.11379083750546, 0.1795942710052899]
[1082.462689568269, 475.74818677142446, 0.1795942710052899]
[1080.448901254196, 475.3825827053435, 0.1795942710052899]
[1078.435112940123, 475.01697863926256, 0.1795942710052899]
[1076.4213246260497, 474.65137457318156, 0.1795942710052899]
[1074.4075363119766, 474.2857705071006, 0.1795942710052899]
[1072.3937479979036, 473.92016644101966, 0.1795942710052899]
[1070.3799596838305, 473.5545623749387, 0.1795942710052899]
[1068.3661713697575, 473.1889583088577, 0.1795942710052899]
[1066.3523830556844, 472.82335424277676, 0.1795942710052899]
[1064.3385947416114, 472.4577501766958, 0.1795942710052899]
[1062.324806427538, 472.09214611061486, 0.1795942710052899]
[1060.311018113465, 471.72654204453386, 0.1795942710052899]
[1058.297229799392, 471.3609379784529, 0.1795942710052899]
[1057.3277378869648, 471.1719465773277, 0.20545399091543026]
[1052.8166824271364, 470.23186752375886, 0.20545399091543265]
[1048.3056269673082, 469.29178847019006, 0.20545399091543265]
[1043.7945715074798, 468.35170941662125, 0.20545399091543265]
[1039.2835160476516, 467.41163036305244, 0.20545399091543265]
[1034.7724605878232, 466.4715513094836, 0.20545399091543265]
[1030.261405127995, 465.53147225591476, 0.20545399091543265]
[1025.7503496681666, 464.59139320234596, 0.20545399091543265]
[1021.2392942083383, 463.65131414877715, 0.20545399091543265]
[1016.72823874851, 462.71123509520834, 0.20545399091543265]
[1012.2171832886817, 461.77115604163953, 0.20545399091543265]
[1007.7061278288534, 460.8310769880707, 0.20545399091543265]
[1003.1950723690251, 459.8909979345019, 0.20545399091543265]
[998.6840169091968, 458.9509188809331, 0.20545399091543265]
[994.1729614493684, 458.01083982736424, 0.20545399091543265]
[989.6619059895401, 457.0707607737954, 0.20545399091543265]
[985.1508505297118, 456.1306817202266, 0.20545399091543265]
[980.6397950698835, 455.1906026666578, 0.20545399091543265]
[976.1287396100552, 454.250523613089, 0.20545399091543265]
[973.285325046724, 453.54317543362026, 0.2821820321856354]
[968.0751182742788, 452.03264129090644, 0.2821820321856367]
[962.8649115018335, 450.5221071481927, 0.2821820321856367]
[957.6547047293882, 449.0115730054789, 0.2821820321856367]
[952.444497956943, 447.5010388627651, 0.2821820321856367]
[947.2342911844977, 445.99050472005126, 0.2821820321856367]
[942.0240844120525, 444.4799705773375, 0.2821820321856367]
[936.8138776396072, 442.96943643462373, 0.2821820321856367]
[931.603670867162, 441.4589022919099, 0.2821820321856367]
[926.3934640947167, 439.9483681491961, 0.2821820321856367]
[921.1832573222714, 438.4378340064823, 0.2821820321856367]
[915.9730505498262, 436.92729986376855, 0.2821820321856367]
[910.7628437773809, 435.41676572105473, 0.2821820321856367]
[905.5526370049357, 433.9062315783409, 0.2821820321856367]
[900.3424302324904, 432.39569743562714, 0.2821820321856367]
[895.1322234600452, 430.8851632929134, 0.2821820321856367]
[889.9220166875999, 429.37462915019955, 0.2821820321856367]
[889.9220166875999, 429.37462915019955, 0.2821820321856354]
[883.8971155910091, 427.06016866253475, 0.4513531602679044]
[878.3478970036815, 423.7643632006301, 0.6205242883501736]
[874.3738466993684, 420.92410625526725, 0.6205242883501724]
[870.3997963950552, 418.0838493099044, 0.6205242883501724]
[866.4257460907421, 415.24359236454154, 0.6205242883501724]
[862.4516957864289, 412.4033354191787, 0.6205242883501724]
[858.4776454821158, 409.5630784738159, 0.6205242883501724]
[854.5035951778026, 406.72282152845304, 0.6205242883501724]
[850.5295448734895, 403.8825645830902, 0.6205242883501724]
[846.5554945691763, 401.04230763772733, 0.6205242883501724]
[842.5814442648632, 398.2020506923645, 0.6205242883501724]
[838.6073939605501, 395.3617937470016, 0.6205242883501724]
[834.6333436562369, 392.5215368016388, 0.6205242883501724]
[830.6592933519238, 389.681279856276, 0.6205242883501724]
[826.6852430476106, 386.8410229109131, 0.6205242883501724]
[822.7111927432975, 384.0007659655503, 0.6205242883501724]
[818.7371424389843, 381.1605090201874, 0.6205242883501724]
[814.7630921346712, 378.32025207482457, 0.6205242883501724]
[814.7630921346712, 378.32025207482457, 0.6205242883501736]
[811.2371993032878, 375.46951644647544, 0.7392981428091341]
[808.07394485484, 372.2210652500564, 0.8580719972680941]
[805.2576993571753, 368.9625658939304, 0.8580719972680941]
[802.4414538595106, 365.70406653780435, 0.8580719972680941]
[799.6252083618459, 362.44556718167837, 0.8580719972680941]
[796.8089628641812, 359.18706782555233, 0.8580719972680941]
[793.9927173665164, 355.9285684694263, 0.8580719972680941]
[791.1764718688518, 352.67006911330026, 0.8580719972680941]
[788.3602263711871, 349.4115697571742, 0.8580719972680941]
[785.5439808735224, 346.15307040104824, 0.8580719972680941]
[782.7277353758577, 342.8945710449222, 0.8580719972680941]
[779.911489878193, 339.63607168879616, 0.8580719972680941]
[777.0952443805284, 336.3775723326701, 0.8580719972680941]
[774.2789988828637, 333.1190729765441, 0.8580719972680941]
[771.462753385199, 329.8605736204181, 0.8580719972680941]
[768.6465078875343, 326.60207426429207, 0.8580719972680941]
[765.8302623898695, 323.34357490816603, 0.8580719972680941]
[763.0140168922048, 320.08507555204, 0.8580719972680941]
[760.1977713945402, 316.826576195914, 0.8580719972680941]
[757.3815258968755, 313.568076839788, 0.8580719972680941]
[754.5652803992108, 310.30957748366194, 0.8580719972680941]
[749.0065141666423, 304.6208134895736, 0.7836684529911632]
[745.3843689595426, 301.0111771826898, 0.7836684529911632]
[741.762223752443, 297.401540875806, 0.7836684529911632]
[738.1400785453434, 293.7919045689222, 0.7836684529911632]
[734.5179333382438, 290.1822682620384, 0.7836684529911632]
[730.8957881311441, 286.5726319551546, 0.7836684529911632]
[727.2736429240445, 282.9629956482708, 0.7836684529911632]
[723.6514977169448, 279.353359341387, 0.7836684529911632]
[720.0293525098452, 275.7437230345032, 0.7836684529911632]
[716.4072073027455, 272.1340867276194, 0.7836684529911632]
[712.7850620956459, 268.5244504207356, 0.7836684529911632]
[709.1629168885463, 264.9148141138518, 0.7836684529911632]
[705.5407716814467, 261.305177806968, 0.7836684529911632]
[701.918626474347, 257.6955415000842, 0.7836684529911632]
[698.2964812672474, 254.0859051932004, 0.7836684529911632]
[698.2964812672474, 254.08590519320043, 0.7836684529911632]
[692.9076059836428, 249.6207496619637, 0.6001935530291753]
[686.7945241787722, 246.21372433371354, 0.41671865306718736]
[680.1624441319179, 243.97919865865504, 0.23324375310519962]
[676.4277844403089, 243.09196466529016, 0.2332437531051988]
[672.6931247486997, 242.20473067192535, 0.2332437531051988]
[668.9584650570905, 241.3174966785605, 0.2332437531051988]
[665.2238053654814, 240.4302626851957, 0.2332437531051988]
[661.4891456738724, 239.54302869183084, 0.2332437531051988]
[657.7544859822632, 238.65579469846602, 0.2332437531051988]
[654.019826290654, 237.76856070510118, 0.2332437531051988]
[650.2851665990449, 236.88132671173636, 0.2332437531051988]
[646.5505069074359, 235.99409271837152, 0.2332437531051988]
[642.8158472158267, 235.10685872500667, 0.2332437531051988]
[639.0811875242175, 234.21962473164186, 0.2332437531051988]
[635.3465278326084, 233.332390738277, 0.2332437531051988]
[631.6118681409994, 232.4451567449122, 0.2332437531051988]
[627.8772084493902, 231.55792275154735, 0.2332437531051988]
[624.142548757781, 230.67068875818254, 0.2332437531051988]
[620.407889066172, 229.7834547648177, 0.2332437531051988]
[616.6732293745629, 228.89622077145287, 0.2332437531051988]
[612.9385696829537, 228.00898677808803, 0.2332437531051988]
[608.2563687515968, 227.20040267146356, 0.10876926180379831]
[602.9270930920441, 226.61844447879915, 0.10876926180379916]
[597.5978174324913, 226.0364862861347, 0.10876926180379916]
[592.2685417729385, 225.45452809347026, 0.10876926180379916]
[586.9392661133857, 224.87256990080584, 0.10876926180379916]
[581.6099904538329, 224.2906117081414, 0.10876926180379916]
[576.2807147942801, 223.70865351547695, 0.10876926180379916]
[570.9514391347274, 223.1266953228125, 0.10876926180379916]
[565.6221634751746, 222.54473713014806, 0.10876926180379916]
[560.2928878156217, 221.96277893748362, 0.10876926180379916]
[554.963612156069, 221.38082074481918, 0.10876926180379916]
[549.6343364965162, 220.79886255215473, 0.10876926180379916]
[544.3050608369634, 220.2169043594903, 0.10876926180379916]
[538.9757851774107, 219.63494616682584, 0.10876926180379916]
[533.6465095178579, 219.05298797416143, 0.10876926180379916]
[528.3172338583051, 218.47102978149698, 0.10876926180379916]
[522.9879581987523, 217.88907158883254, 0.10876926180379916]
[517.6586825391995, 217.3071133961681, 0.10876926180379916]
[512.3294068796467, 216.72515520350365, 0.10876926180379916]
[509.84198254345876, 216.37039789093404, 0.17456070474368346]
[507.2244375600493, 215.90877911179464, 0.17456070474368415]
[504.60689257663984, 215.44716033265527, 0.17456070474368415]
[501.9893475932304, 214.98554155351587, 0.17456070474368415]
[499.371802609821, 214.5239227743765, 0.17456070474368415]
[496.7542576264115, 214.0623039952371, 0.17456070474368415]
[494.13671264300206, 213.60068521609773, 0.17456070474368415]
[491.5191676595926, 213.13906643695833, 0.17456070474368415]
[488.90162267618314, 212.67744765781896, 0.17456070474368415]
[486.28407769277374, 212.21582887867956, 0.17456070474368415]
[483.6665327093643, 211.7542100995402, 0.17456070474368415]
[481.0489877259548, 211.2925913204008, 0.17456070474368415]
[478.43144274254536, 210.83097254126142, 0.17456070474368415]
[475.8138977591359, 210.36935376212202, 0.17456070474368415]
[473.19635277572644, 209.90773498298265, 0.17456070474368415]
[470.57880779231704, 209.44611620384325, 0.17456070474368415]
[467.9612628089076, 208.98449742470387, 0.17456070474368415]
[465.3437178254981, 208.52287864556448, 0.17456070474368415]
[465.3437178254981, 208.52287864556448, 0.17456070474368346]
[460.65564876356643, 207.3868257009294, 0.3009303711567559]
[455.4548716334447, 205.77273362217295, 0.30093037115675525]
[450.254094503323, 204.15864154341654, 0.30093037115675525]
[445.05331737320137, 202.5445494646601, 0.30093037115675525]
[439.8525402430796, 200.93045738590365, 0.30093037115675525]
[434.65176311295795, 199.31636530714724, 0.30093037115675525]
[429.45098598283624, 197.7022732283908, 0.30093037115675525]
[424.25020885271454, 196.08818114963435, 0.30093037115675525]
[419.04943172259283, 194.47408907087794, 0.30093037115675525]
[413.8486545924711, 192.8599969921215, 0.30093037115675525]
[408.6478774623494, 191.24590491336505, 0.30093037115675525]
[403.4471003322277, 189.6318128346086, 0.30093037115675525]
[398.24632320210605, 188.0177207558522, 0.30093037115675525]
[393.04554607198435, 186.40362867709575, 0.30093037115675525]
[387.84476894186264, 184.7895365983393, 0.30093037115675525]
[382.64399181174093, 183.1754445195829, 0.30093037115675525]
[377.4432146816192, 181.56135244082645, 0.30093037115675525]
[377.4432146816192, 181.56135244082645, 0.3009303711567559]
[372.2841607227465, 179.53938069452357, 0.44612452142739434]
[367.4719392377949, 176.79224912265107, 0.591318671698033]
[361.6906886934803, 172.91032916315459, 0.5913186716980322]
[355.90943814916574, 169.0284092036581, 0.5913186716980322]
[350.1281876048511, 165.14648924416164, 0.5913186716980322]
[344.34693706053656, 161.26456928466516, 0.5913186716980322]
[338.56568651622194, 157.38264932516867, 0.5913186716980322]
[332.7844359719073, 153.5007293656722, 0.5913186716980322]
[327.0031854275927, 149.61880940617573, 0.5913186716980322]
[321.22193488327815, 145.73688944667924, 0.5913186716980322]
[315.44068433896354, 141.85496948718276, 0.5913186716980322]
[309.6594337946489, 137.97304952768627, 0.5913186716980322]
[303.87818325033436, 134.0911295681898, 0.5913186716980322]
[298.09693270601974, 130.20920960869333, 0.5913186716980322]
[292.3156821617051, 126.32728964919684, 0.5913186716980322]
[286.53443161739057, 122.44536968970037, 0.5913186716980322]
[280.75318107307595, 118.5634497302039, 0.5913186716980322]
[274.97193052876133, 114.68152977070741, 0.5913186716980322]
[269.1906799844468, 110.79960981121093, 0.5913186716980322]
[263.40942944013216, 106.91768985171446, 0.5913186716980322]
[255.9027932965928, 103.00685379943599, 0.3692681400570763]
[253.52662397052381, 102.08722532263099, 0.3692681400570763]
[251.15045464445487, 101.16759684582598, 0.3692681400570763]
[248.77428531838592, 100.24796836902098, 0.3692681400570763]
[246.39811599231695, 99.32833989221598, 0.3692681400570763]
[244.02194666624797, 98.40871141541098, 0.3692681400570763]
[241.64577734017902, 97.48908293860597, 0.3692681400570763]
[239.26960801411005, 96.56945446180097, 0.3692681400570763]
[236.8934386880411, 95.64982598499597, 0.3692681400570763]
[234.51726936197213, 94.73019750819097, 0.3692681400570763]
[232.14110003590318, 93.81056903138597, 0.3692681400570763]
[229.7649307098342, 92.89094055458096, 0.3692681400570763]
[227.38876138376526, 91.97131207777596, 0.3692681400570763]
[225.01259205769628, 91.05168360097096, 0.3692681400570763]
[222.63642273162733, 90.13205512416596, 0.3692681400570763]
[220.26025340555836, 89.21242664736096, 0.3692681400570763]
[217.8840840794894, 88.29279817055595, 0.3692681400570763]
[215.50791475342044, 87.37316969375095, 0.3692681400570763]
[213.1317454273515, 86.45354121694595, 0.3692681400570763]
[210.75557610128251, 85.53391274014095, 0.3692681400570763]
[203.55721816532625, 83.05229284217188, 0.3276429564729768]
[197.85316222642066, 81.11352183230179, 0.3276429564729768]
[192.14910628751508, 79.1747508224317, 0.3276429564729768]
[186.4450503486095, 77.23597981256161, 0.3276429564729768]
[180.74099440970392, 75.29720880269151, 0.3276429564729768]
[175.03693847079833, 73.35843779282142, 0.3276429564729768]
[169.33288253189275, 71.41966678295134, 0.3276429564729768]
[163.62882659298717, 69.48089577308124, 0.3276429564729768]
[157.92477065408158, 67.54212476321115, 0.3276429564729768]
[152.220714715176, 65.60335375334105, 0.3276429564729768]
[146.51665877627042, 63.66458274347096, 0.3276429564729768]
[140.81260283736484, 61.72581173360087, 0.3276429564729768]
[135.10854689845925, 59.787040723730776, 0.3276429564729768]
[129.40449095955367, 57.84826971386069, 0.3276429564729768]
[123.70043502064807, 55.90949870399059, 0.3276429564729768]
[117.99637908174249, 53.970727694120505, 0.3276429564729768]
[112.2923231428369, 52.03195668425041, 0.3276429564729768]
[112.2923231428369, 52.03195668425042, 0.3276429564729768]
[100.0, 50.00000000000001, 0.0]
>>>> 
>>>> inputs
[40.0, 0.0, 0.047285619072160015]
[40.0, 0.0, 0.047285619072160015]
[40.0, 0.0, 0.047285619072160015]
[40.0, 0.0, 0.047285619072160015]
[40.0, 0.0, 0.047285619072160015]
[40.0, 0.0, 0.047285619072160015]
[40.0, 0.0, 0.047285619072160015]
[40.0, 0.0, 0.047285619072160015]
[40.0, 0.0, 0.047285619072160015]
[40.0, 0.0, 0.047285619072160015]
[40.0, 0.0, 0.047285619072160015]
[40.0, 0.0, 0.047285619072160015]
[40.0, 0.0, 0.047285619072160015]
[40.0, 0.0, 0.047285619072160015]
[40.0, 0.0, 0.047285619072160015]
[40.0, 0.0, 0.047285619072160015]
[40.0, 0.0, 0.047285619072160015]
[40.0, 0.0, 0.047285619072160015]
[40.0, -0.8669840139434847, 0.047285619072160015]
[40.0, 0.0, 0.047285619072160015]
[40.0, 0.0, 0.107342776308833]
[40.0, 0.0, 0.107342776308833]
[40.0, 0.0, 0.107342776308833]
[40.0, 0.0, 0.107342776308833]
[40.0, 0.0, 0.107342776308833]
[40.0, 0.0, 0.107342776308833]
[40.0, 0.0, 0.107342776308833]
[40.0, 0.0, 0.107342776308833]
[40.0, 0.0, 0.107342776308833]
[40.0, 0.0, 0.107342776308833]
[40.0, 0.0, 0.107342776308833]
[40.0, 0.0, 0.107342776308833]
[40.0, 0.0, 0.107342776308833]
[40.0, 0.0, 0.107342776308833]
[40.0, 0.0, 0.107342776308833]
[40.0, 0.0, 0.107342776308833]
[40.0, 0.0, 0.107342776308833]
[40.0, -0.8669840139434847, 0.107342776308833]
[40.0, 0.0, 0.107342776308833]
[40.0, 0.0, 0.107342776308833]
[40.0, 0.0, 0.12464975496587034]
[40.0, 0.0, 0.12464975496587034]
[40.0, 0.0, 0.12464975496587034]
[40.0, 0.0, 0.12464975496587034]
[40.0, 0.0, 0.12464975496587034]
[40.0, 0.0, 0.12464975496587034]
[40.0, 0.0, 0.12464975496587034]
[40.0, 0.0, 0.12464975496587034]
[40.0, 0.0, 0.12464975496587034]
[40.0, 0.0, 0.12464975496587034]
[40.0, 0.0, 0.12464975496587034]
[40.0, 0.0, 0.12464975496587034]
[40.0, 0.0, 0.12464975496587034]
[40.0, 0.0, 0.12464975496587034]
[40.0, -0.8669840139434847, 0.12464975496587034]
[40.0, -0.8669840139434847, 0.12464975496587034]
[40.0, -0.8669840139434847, 0.12464975496587034]
[40.0, 0.0, 0.12464975496587034]
[40.0, 0.0, 0.12464975496587034]
[40.0, 0.0, 0.12464975496587034]
[40.0, 0.0, 0.10903574262706166]
[40.0, 0.0, 0.10903574262706166]
[40.0, 0.0, 0.10903574262706166]
[40.0, 0.0, 0.10903574262706166]
[40.0, 0.0, 0.10903574262706166]
[40.0, 0.0, 0.10903574262706166]
[40.0, 0.0, 0.10903574262706166]
[40.0, 0.0, 0.10903574262706166]
[40.0, 0.0, 0.10903574262706166]
[40.0, 0.0, 0.10903574262706166]
[40.0, 0.0, 0.10903574262706166]
[40.0, 0.0, 0.10903574262706166]
[40.0, 0.0, 0.10903574262706166]
[40.0, -0.8669840139434847, 0.10903574262706166]
[40.0, -0.8669840139434847, 0.10903574262706166]
[40.0, -0.8669840139434847, 0.10903574262706166]
[40.0, 0.0, 0.10903574262706166]
[40.0, 0.0, 0.10903574262706166]
[40.0, 0.0, 0.10903574262706166]
[40.0, 0.0, 0.10903574262706166]
[40.0, 0.0, 0.10584047032340635]
[40.0, 0.0, 0.10584047032340635]
[40.0, 0.0, 0.10584047032340635]
[40.0, 0.0, 0.10584047032340635]
[40.0, 0.0, 0.10584047032340635]
[40.0, 0.0, 0.10584047032340635]
[40.0, 0.0, 0.10584047032340635]
[40.0, 0.0, 0.10584047032340635]
[40.0, 0.0, 0.10584047032340635]
[40.0, 0.0, 0.10584047032340635]
[40.0, 0.0, 0.10584047032340635]
[40.0, 0.0, 0.10584047032340635]
[40.0, 0.0, 0.10584047032340635]
[40.0, 0.0, 0.10584047032340635]
[40.0, 0.0, 0.10584047032340635]
[40.0, 0.0, 0.10584047032340635]
[40.0, 0.0, 0.10584047032340635]
[40.0, 0.0, 0.10584047032340635]
[40.0, 0.0, 0.10584047032340635]
[40.0, 0.0, 0.10584047032340635]
[40.0, 0.0, 0.12216176975515905]
[40.0, 0.0, 0.12216176975515905]
[40.0, 0.0, 0.12216176975515905]
[40.0, 0.0, 0.12216176975515905]
[40.0, 0.0, 0.12216176975515905]
[40.0, 0.0, 0.12216176975515905]
[40.0, 0.0, 0.12216176975515905]
[40.0, 0.0, 0.12216176975515905]
[40.0, 0.0, 0.12216176975515905]
[40.0, 0.0, 0.12216176975515905]
[40.0, 0.8669840139434847, 0.12216176975515905]
[40.0, 0.8669840139434847, 0.12216176975515905]
[40.0, 0.8669840139434847, 0.12216176975515905]
[40.0, 0.8669840139434847, 0.12216176975515905]
[40.0, 0.0, 0.12216176975515905]
[40.0, 0.0, 0.12216176975515905]
[40.0, 0.0, 0.12216176975515905]
[40.0, 0.0, 0.12216176975515905]
[40.0, 0.0, 0.12216176975515905]
[40.0, 0.0, 0.12216176975515905]
[40.0, 0.0, 0.09231176961539547]
[40.0, 0.0, 0.09231176961539547]
[40.0, 0.0, 0.09231176961539547]
[40.0, 0.0, 0.09231176961539547]
[40.0, 0.0, 0.09231176961539547]
[40.0, 0.0, 0.09231176961539547]
[40.0, 0.0, 0.09231176961539547]
[40.0, 0.0, 0.09231176961539547]
[40.0, 0.0, 0.09231176961539547]
[40.0, 0.0, 0.09231176961539547]
[40.0, 0.0, 0.09231176961539547]
[40.0, 0.0, 0.09231176961539547]
[40.0, 0.8669840139434847, 0.09231176961539547]
[40.0, 0.0, 0.09231176961539547]
[40.0, 0.0, 0.09231176961539547]
[40.0, 0.0, 0.09231176961539547]
[40.0, 0.0, 0.09231176961539547]
[40.0, 0.0, 0.09231176961539547]
[40.0, 0.0, 0.09231176961539547]
[40.0, 0.0, 0.09231176961539547]
[40.0, 0.0, 0.12376283083450956]
[40.0, 0.0, 0.12376283083450956]
[40.0, 0.0, 0.12376283083450956]
[40.0, 0.0, 0.12376283083450956]
[40.0, 0.0, 0.12376283083450956]
[40.0, 0.0, 0.12376283083450956]
[40.0, 0.0, 0.12376283083450956]
[40.0, 0.0, 0.12376283083450956]
[40.0, 0.0, 0.12376283083450956]
[40.0, 0.0, 0.12376283083450956]
[40.0, 0.0, 0.12376283083450956]
[40.0, -0.8669840139434847, 0.12376283083450956]
[40.0, 0.0, 0.12376283083450956]
[40.0, 0.0, 0.12376283083450956]
[40.0, 0.0, 0.12376283083450956]
[40.0, 0.0, 0.12376283083450956]
[40.0, 0.0, 0.12376283083450956]
[40.0, 0.0, 0.12376283083450956]
[40.0, 0.0, 0.12376283083450956]
[40.0, 0.0, 0.12376283083450956]
[40.0, 0.0, 0.06251488652424994]
[40.0, 0.0, 0.06251488652424994]
[40.0, 0.0, 0.06251488652424994]
[40.0, 0.0, 0.06251488652424994]
[40.0, 0.0, 0.06251488652424994]
[40.0, 0.0, 0.06251488652424994]
[40.0, 0.0, 0.06251488652424994]
[40.0, 0.0, 0.06251488652424994]
[40.0, 0.0, 0.06251488652424994]
[40.0, -0.8669840139434847, 0.06251488652424994]
[40.0, -0.8669840139434847, 0.06251488652424994]
[40.0, 0.0, 0.06251488652424994]
[40.0, 0.0, 0.06251488652424994]
[40.0, 0.0, 0.06251488652424994]
[40.0, 0.0, 0.06251488652424994]
[40.0, 0.0, 0.06251488652424994]
[40.0, 0.0, 0.06251488652424994]
[40.0, 0.0, 0.06251488652424994]
[40.0, 0.0, 0.06251488652424994]
[40.0, 0.0, 0.06251488652424994]
[40.0, 0.0, 0.12277484694780641]
[40.0, 0.0, 0.12277484694780641]
[40.0, 0.0, 0.12277484694780641]
[40.0, 0.0, 0.12277484694780641]
[40.0, 0.0, 0.12277484694780641]
[40.0, 0.0, 0.12277484694780641]
[40.0, 0.0, 0.12277484694780641]
[40.0, -0.8669840139434847, 0.12277484694780641]
[40.0, -0.8669840139434847, 0.12277484694780641]
[40.0, -0.8669840139434847, 0.12277484694780641]
[40.0, 0.0, 0.12277484694780641]
[40.0, 0.0, 0.12277484694780641]
[40.0, 0.0, 0.12277484694780641]
[40.0, 0.0, 0.12277484694780641]
[40.0, 0.0, 0.12277484694780641]
[40.0, 0.0, 0.12277484694780641]
[40.0, 0.0, 0.12277484694780641]
[40.0, 0.0, 0.12277484694780641]
[40.0, 0.0, 0.12277484694780641]
[40.0, 0.0, 0.12277484694780641]
[40.0, 0.0, 0.1672838354341712]
[40.0, 0.0, 0.1672838354341712]
[40.0, 0.0, 0.1672838354341712]
[40.0, 0.0, 0.1672838354341712]
[40.0, 0.0, 0.1672838354341712]
[40.0, 0.0, 0.1672838354341712]
[40.0, 0.0, 0.1672838354341712]
[40.0, 0.0, 0.1672838354341712]
[40.0, 0.8669840139434847, 0.1672838354341712]
[40.0, 0.0, 0.1672838354341712]
[40.0, 0.0, 0.1672838354341712]
[40.0, 0.0, 0.1672838354341712]
[40.0, 0.0, 0.1672838354341712]
[40.0, 0.0, 0.1672838354341712]
[40.0, 0.0, 0.1672838354341712]
[40.0, 0.0, 0.1672838354341712]
[40.0, 0.0, 0.1672838354341712]
[40.0, 0.0, 0.1672838354341712]
[40.0, 0.0, 0.1672838354341712]
[40.0, 0.0, 0.1672838354341712]
[40.0, 0.0, 0.06250056019591037]
[40.0, 0.0, 0.06250056019591037]
[40.0, 0.0, 0.06250056019591037]
[40.0, 0.0, 0.06250056019591037]
[40.0, 0.0, 0.06250056019591037]
[40.0, 0.0, 0.06250056019591037]
[40.0, 0.0, 0.06250056019591037]
[40.0, 0.0, 0.06250056019591037]
[40.0, 0.0, 0.06250056019591037]
[40.0, 0.0, 0.06250056019591037]
[40.0, 0.0, 0.06250056019591037]
[40.0, 0.0, 0.06250056019591037]
[40.0, 0.0, 0.06250056019591037]
[40.0, 0.0, 0.06250056019591037]
[40.0, 0.0, 0.06250056019591037]
[40.0, 0.0, 0.06250056019591037]
[40.0, 0.0, 0.06250056019591037]
[40.0, 0.0, 0.06250056019591037]
[40.0, 0.0, 0.06250056019591037]
[40.0, 0.0, 0.06250056019591037]
[40.0, 0.0, 0.14366528259501854]
[40.0, 0.0, 0.14366528259501854]
[40.0, 0.0, 0.14366528259501854]
[40.0, 0.0, 0.14366528259501854]
[40.0, 0.0, 0.14366528259501854]
[40.0, 0.8669840139434847, 0.14366528259501854]
[40.0, 0.8669840139434847, 0.14366528259501854]
>>>> 
----------------------------
Path number   : 3
Path length   : 1102.0307947052693
Time required : 207.6916868686676 s
>>>> Nodes
[1075.4644107965746, 501.5636218365308, 0.3037065235741359]
[1071.3978738406938, 500.2891605058293, 0.3037065235741359]
[1067.331336884813, 499.0146991751278, 0.3037065235741359]
[1063.2647999289322, 497.7402378444263, 0.3037065235741359]
[1059.1982629730514, 496.46577651372485, 0.3037065235741359]
[1055.1317260171706, 495.19131518302333, 0.3037065235741359]
[1051.0651890612899, 493.9168538523219, 0.3037065235741359]
[1046.998652105409, 492.64239252162037, 0.3037065235741359]
[1042.9321151495283, 491.3679311909189, 0.3037065235741359]
[1038.8655781936475, 490.0934698602174, 0.3037065235741359]
[1034.7990412377667, 488.8190085295159, 0.3037065235741359]
[1030.732504281886, 487.5445471988144, 0.3037065235741359]
[1026.665967326005, 486.2700858681129, 0.3037065235741359]
[1022.5994303701243, 484.99562453741146, 0.3037065235741359]
[1018.5328934142435, 483.72116320670995, 0.3037065235741359]
[1014.4663564583627, 482.4467018760085, 0.3037065235741359]
[1010.3998195024819, 481.172240545307, 0.3037065235741359]
[1006.3332825466011, 479.8977792146055, 0.3037065235741359]
[1002.2667455907203, 478.623317883904, 0.3037065235741359]
[1001.6700521382334, 478.43092098550494, 0.3201200813889602]
[999.2538776650118, 477.6299043509021, 0.32012008138895875]
[996.8377031917904, 476.82888771629933, 0.32012008138895875]
[994.4215287185689, 476.0278710816965, 0.32012008138895875]
[992.0053542453473, 475.2268544470937, 0.32012008138895875]
[989.5891797721259, 474.4258378124909, 0.32012008138895875]
[987.1730052989044, 473.62482117788807, 0.32012008138895875]
[984.7568308256829, 472.82380454328523, 0.32012008138895875]
[982.3406563524613, 472.0227879086824, 0.32012008138895875]
[979.9244818792399, 471.22177127407963, 0.32012008138895875]
[977.5083074060184, 470.4207546394768, 0.32012008138895875]
[975.0921329327969, 469.61973800487397, 0.32012008138895875]
[972.6759584595754, 468.8187213702712, 0.32012008138895875]
[970.2597839863539, 468.01770473566836, 0.32012008138895875]
[967.8436095131324, 467.21668810106553, 0.32012008138895875]
[965.427435039911, 466.41567146646275, 0.32012008138895875]
[963.0112605666894, 465.6146548318599, 0.32012008138895875]
[963.0112605666894, 465.6146548318599, 0.3201200813889573]
[960.5503597316987, 464.70385422525277, 0.3888308272612484]
[958.1577983304466, 463.62624548090605, 0.45754157313353927]
[953.7770294668546, 461.46919610562935, 0.4575415731335388]
[949.3962606032627, 459.31214673035265, 0.4575415731335388]
[945.0154917396708, 457.1550973550759, 0.4575415731335388]
[940.6347228760789, 454.9980479797992, 0.4575415731335388]
[936.2539540124869, 452.8409986045225, 0.4575415731335388]
[931.873185148895, 450.68394922924574, 0.4575415731335388]
[927.4924162853031, 448.52689985396904, 0.4575415731335388]
[923.1116474217112, 446.36985047869234, 0.4575415731335388]
[918.7308785581192, 444.2128011034156, 0.4575415731335388]
[914.3501096945274, 442.0557517281389, 0.4575415731335388]
[909.9693408309355, 439.8987023528622, 0.4575415731335388]
[905.5885719673436, 437.74165297758543, 0.4575415731335388]
[901.2078031037516, 435.58460360230873, 0.4575415731335388]
[896.8270342401597, 433.42755422703203, 0.4575415731335388]
[892.4462653765678, 431.27050485175533, 0.4575415731335388]
[888.0654965129759, 429.1134554764786, 0.4575415731335388]
[883.684727649384, 426.9564061012019, 0.4575415731335388]
[883.684727649384, 426.9564061012019, 0.45754157313353927]
[878.3478970036815, 423.7643632006301, 0.6205242883501736]
[874.3738466993684, 420.92410625526725, 0.6205242883501724]
[870.3997963950552, 418.0838493099044, 0.6205242883501724]
[866.4257460907421, 415.24359236454154, 0.6205242883501724]
[862.4516957864289, 412.4033354191787, 0.6205242883501724]
[858.4776454821158, 409.5630784738159, 0.6205242883501724]
[854.5035951778026, 406.72282152845304, 0.6205242883501724]
[850.5295448734895, 403.8825645830902, 0.6205242883501724]
[846.5554945691763, 401.04230763772733, 0.6205242883501724]
[842.5814442648632, 398.2020506923645, 0.6205242883501724]
[838.6073939605501, 395.3617937470016, 0.6205242883501724]
[834.6333436562369, 392.5215368016388, 0.6205242883501724]
[830.6592933519238, 389.681279856276, 0.6205242883501724]
[826.6852430476106, 386.8410229109131, 0.6205242883501724]
[822.7111927432975, 384.0007659655503, 0.6205242883501724]
[818.7371424389843, 381.1605090201874, 0.6205242883501724]
[814.7630921346712, 378.32025207482457, 0.6205242883501724]
[814.7630921346712, 378.32025207482457, 0.6205242883501736]
[811.2371993032878, 375.46951644647544, 0.7392981428091341]
[808.07394485484, 372.2210652500564, 0.8580719972680941]
[805.2576993571753, 368.9625658939304, 0.8580719972680941]
[802.4414538595106, 365.70406653780435, 0.8580719972680941]
[799.6252083618459, 362.44556718167837, 0.8580719972680941]
[796.8089628641812, 359.18706782555233, 0.8580719972680941]
[793.9927173665164, 355.9285684694263, 0.8580719972680941]
[791.1764718688518, 352.67006911330026, 0.8580719972680941]
[788.3602263711871, 349.4115697571742, 0.8580719972680941]
[785.5439808735224, 346.15307040104824, 0.8580719972680941]
[782.7277353758577, 342.8945710449222, 0.8580719972680941]
[779.911489878193, 339.63607168879616, 0.8580719972680941]
[777.0952443805284, 336.3775723326701, 0.8580719972680941]
[774.2789988828637, 333.1190729765441, 0.8580719972680941]
[771.462753385199, 329.8605736204181, 0.8580719972680941]
[768.6465078875343, 326.60207426429207, 0.8580719972680941]
[765.8302623898695, 323.34357490816603, 0.8580719972680941]
[763.0140168922048, 320.08507555204, 0.8580719972680941]
[760.1977713945402, 316.826576195914, 0.8580719972680941]
[757.3815258968755, 313.568076839788, 0.8580719972680941]
[754.5652803992108, 310.30957748366194, 0.8580719972680941]
[749.0065141666423, 304.6208134895736, 0.7836684529911632]
[745.3843689595426, 301.0111771826898, 0.7836684529911632]
[741.762223752443, 297.401540875806, 0.7836684529911632]
[738.1400785453434, 293.7919045689222, 0.7836684529911632]
[734.5179333382438, 290.1822682620384, 0.7836684529911632]
[730.8957881311441, 286.5726319551546, 0.7836684529911632]
[727.2736429240445, 282.9629956482708, 0.7836684529911632]
[723.6514977169448, 279.353359341387, 0.7836684529911632]
[720.0293525098452, 275.7437230345032, 0.7836684529911632]
[716.4072073027455, 272.1340867276194, 0.7836684529911632]
[712.7850620956459, 268.5244504207356, 0.7836684529911632]
[709.1629168885463, 264.9148141138518, 0.7836684529911632]
[705.5407716814467, 261.305177806968, 0.7836684529911632]
[701.918626474347, 257.6955415000842, 0.7836684529911632]
[698.2964812672474, 254.0859051932004, 0.7836684529911632]
[698.2964812672474, 254.08590519320043, 0.7836684529911632]
[692.9076059836428, 249.6207496619637, 0.6001935530291753]
[686.7945241787722, 246.21372433371354, 0.41671865306718736]
[680.1624441319179, 243.97919865865504, 0.23324375310519962]
[676.4277844403089, 243.09196466529016, 0.2332437531051988]
[672.6931247486997, 242.20473067192535, 0.2332437531051988]
[668.9584650570905, 241.3174966785605, 0.2332437531051988]
[665.2238053654814, 240.4302626851957, 0.2332437531051988]
[661.4891456738724, 239.54302869183084, 0.2332437531051988]
[657.7544859822632, 238.65579469846602, 0.2332437531051988]
[654.019826290654, 237.76856070510118, 0.2332437531051988]
[650.2851665990449, 236.88132671173636, 0.2332437531051988]
[646.5505069074359, 235.99409271837152, 0.2332437531051988]
[642.8158472158267, 235.10685872500667, 0.2332437531051988]
[639.0811875242175, 234.21962473164186, 0.2332437531051988]
[635.3465278326084, 233.332390738277, 0.2332437531051988]
[631.6118681409994, 232.4451567449122, 0.2332437531051988]
[627.8772084493902, 231.55792275154735, 0.2332437531051988]
[624.142548757781, 230.67068875818254, 0.2332437531051988]
[620.407889066172, 229.7834547648177, 0.2332437531051988]
[616.6732293745629, 228.89622077145287, 0.2332437531051988]
[612.9385696829537, 228.00898677808803, 0.2332437531051988]
[608.2563687515968, 227.20040267146356, 0.10876926180379831]
[602.9270930920441, 226.61844447879915, 0.10876926180379916]
[597.5978174324913, 226.0364862861347, 0.10876926180379916]
[592.2685417729385, 225.45452809347026, 0.10876926180379916]
[586.9392661133857, 224.87256990080584, 0.10876926180379916]
[581.6099904538329, 224.2906117081414, 0.10876926180379916]
[576.2807147942801, 223.70865351547695, 0.10876926180379916]
[570.9514391347274, 223.1266953228125, 0.10876926180379916]
[565.6221634751746, 222.54473713014806, 0.10876926180379916]
[560.2928878156217, 221.96277893748362, 0.10876926180379916]
[554.963612156069, 221.38082074481918, 0.10876926180379916]
[549.6343364965162, 220.79886255215473, 0.10876926180379916]
[544.3050608369634, 220.2169043594903, 0.10876926180379916]
[538.9757851774107, 219.63494616682584, 0.10876926180379916]
[533.6465095178579, 219.05298797416143, 0.10876926180379916]
[528.3172338583051, 218.47102978149698, 0.10876926180379916]
[522.9879581987523, 217.88907158883254, 0.10876926180379916]
[517.6586825391995, 217.3071133961681, 0.10876926180379916]
[512.3294068796467, 216.72515520350365, 0.10876926180379916]
[509.84198254345876, 216.37039789093404, 0.17456070474368346]
[507.2244375600493, 215.90877911179464, 0.17456070474368415]
[504.60689257663984, 215.44716033265527, 0.17456070474368415]
[501.9893475932304, 214.98554155351587, 0.17456070474368415]
[499.371802609821, 214.5239227743765, 0.17456070474368415]
[496.7542576264115, 214.0623039952371, 0.17456070474368415]
[494.13671264300206, 213.60068521609773, 0.17456070474368415]
[491.5191676595926, 213.13906643695833, 0.17456070474368415]
[488.90162267618314, 212.67744765781896, 0.17456070474368415]
[486.28407769277374, 212.21582887867956, 0.17456070474368415]
[483.6665327093643, 211.7542100995402, 0.17456070474368415]
[481.0489877259548, 211.2925913204008, 0.17456070474368415]
[478.43144274254536, 210.83097254126142, 0.17456070474368415]
[475.8138977591359, 210.36935376212202, 0.17456070474368415]
[473.19635277572644, 209.90773498298265, 0.17456070474368415]
[470.57880779231704, 209.44611620384325, 0.17456070474368415]
[467.9612628089076, 208.98449742470387, 0.17456070474368415]
[465.3437178254981, 208.52287864556448, 0.17456070474368415]
[465.3437178254981, 208.52287864556448, 0.17456070474368346]
[460.65564876356643, 207.3868257009294, 0.3009303711567559]
[455.4548716334447, 205.77273362217295, 0.30093037115675525]
[450.254094503323, 204.15864154341654, 0.30093037115675525]
[445.05331737320137, 202.5445494646601, 0.30093037115675525]
[439.8525402430796, 200.93045738590365, 0.30093037115675525]
[434.65176311295795, 199.31636530714724, 0.30093037115675525]
[429.45098598283624, 197.7022732283908, 0.30093037115675525]
[424.25020885271454, 196.08818114963435, 0.30093037115675525]
[419.04943172259283, 194.47408907087794, 0.30093037115675525]
[413.8486545924711, 192.8599969921215, 0.30093037115675525]
[408.6478774623494, 191.24590491336505, 0.30093037115675525]
[403.4471003322277, 189.6318128346086, 0.30093037115675525]
[398.24632320210605, 188.0177207558522, 0.30093037115675525]
[393.04554607198435, 186.40362867709575, 0.30093037115675525]
[387.84476894186264, 184.7895365983393, 0.30093037115675525]
[382.64399181174093, 183.1754445195829, 0.30093037115675525]
[377.4432146816192, 181.56135244082645, 0.30093037115675525]
[377.4432146816192, 181.56135244082645, 0.3009303711567559]
[372.2841607227465, 179.53938069452357, 0.44612452142739434]
[367.4719392377949, 176.79224912265107, 0.591318671698033]
[361.6906886934803, 172.91032916315459, 0.5913186716980322]
[355.90943814916574, 169.0284092036581, 0.5913186716980322]
[350.1281876048511, 165.14648924416164, 0.5913186716980322]
[344.34693706053656, 161.26456928466516, 0.5913186716980322]
[338.56568651622194, 157.38264932516867, 0.5913186716980322]
[332.7844359719073, 153.5007293656722, 0.5913186716980322]
[327.0031854275927, 149.61880940617573, 0.5913186716980322]
[321.22193488327815, 145.73688944667924, 0.5913186716980322]
[315.44068433896354, 141.85496948718276, 0.5913186716980322]
[309.6594337946489, 137.97304952768627, 0.5913186716980322]
[303.87818325033436, 134.0911295681898, 0.5913186716980322]
[298.09693270601974, 130.20920960869333, 0.5913186716980322]
[292.3156821617051, 126.32728964919684, 0.5913186716980322]
[286.53443161739057, 122.44536968970037, 0.5913186716980322]
[280.75318107307595, 118.5634497302039, 0.5913186716980322]
[274.97193052876133, 114.68152977070741, 0.5913186716980322]
[269.1906799844468, 110.79960981121093, 0.5913186716980322]
[263.40942944013216, 106.91768985171446, 0.5913186716980322]
[255.9027932965928, 103.00685379943599, 0.3692681400570763]
[253.52662397052381, 102.08722532263099, 0.3692681400570763]
[251.15045464445487, 101.16759684582598, 0.3692681400570763]
[248.77428531838592, 100.24796836902098, 0.3692681400570763]
[246.39811599231695, 99.32833989221598, 0.3692681400570763]
[244.02194666624797, 98.40871141541098, 0.3692681400570763]
[241.64577734017902, 97.48908293860597, 0.3692681400570763]
[239.26960801411005, 96.56945446180097, 0.3692681400570763]
[236.8934386880411, 95.64982598499597, 0.3692681400570763]
[234.51726936197213, 94.73019750819097, 0.3692681400570763]
[232.14110003590318, 93.81056903138597, 0.3692681400570763]
[229.7649307098342, 92.89094055458096, 0.3692681400570763]
[227.38876138376526, 91.97131207777596, 0.3692681400570763]
[225.01259205769628, 91.05168360097096, 0.3692681400570763]
[222.63642273162733, 90.13205512416596, 0.3692681400570763]
[220.26025340555836, 89.21242664736096, 0.3692681400570763]
[217.8840840794894, 88.29279817055595, 0.3692681400570763]
[215.50791475342044, 87.37316969375095, 0.3692681400570763]
[213.1317454273515, 86.45354121694595, 0.3692681400570763]
[210.75557610128251, 85.53391274014095, 0.3692681400570763]
[203.55721816532625, 83.05229284217188, 0.3276429564729768]
[197.85316222642066, 81.11352183230179, 0.3276429564729768]
[192.14910628751508, 79.1747508224317, 0.3276429564729768]
[186.4450503486095, 77.23597981256161, 0.3276429564729768]
[180.74099440970392, 75.29720880269151, 0.3276429564729768]
[175.03693847079833, 73.35843779282142, 0.3276429564729768]
[169.33288253189275, 71.41966678295134, 0.3276429564729768]
[163.62882659298717, 69.48089577308124, 0.3276429564729768]
[157.92477065408158, 67.54212476321115, 0.3276429564729768]
[152.220714715176, 65.60335375334105, 0.3276429564729768]
[146.51665877627042, 63.66458274347096, 0.3276429564729768]
[140.81260283736484, 61.72581173360087, 0.3276429564729768]
[135.10854689845925, 59.787040723730776, 0.3276429564729768]
[129.40449095955367, 57.84826971386069, 0.3276429564729768]
[123.70043502064807, 55.90949870399059, 0.3276429564729768]
[117.99637908174249, 53.970727694120505, 0.3276429564729768]
[112.2923231428369, 52.03195668425041, 0.3276429564729768]
[112.2923231428369, 52.03195668425042, 0.3276429564729768]
[100.0, 50.00000000000001, 0.0]
>>>> 
>>>> inputs
[40.0, 0.0, 0.09666900312728167]
[40.0, 0.0, 0.09666900312728167]
[40.0, 0.0, 0.09666900312728167]
[40.0, 0.0, 0.09666900312728167]
[40.0, 0.0, 0.09666900312728167]
[40.0, 0.0, 0.09666900312728167]
[40.0, 0.0, 0.09666900312728167]
[40.0, 0.0, 0.09666900312728167]
[40.0, 0.0, 0.09666900312728167]
[40.0, 0.0, 0.09666900312728167]
[40.0, 0.0, 0.09666900312728167]
[40.0, 0.0, 0.09666900312728167]
[40.0, 0.0, 0.09666900312728167]
[40.0, 0.0, 0.09666900312728167]
[40.0, 0.0, 0.09666900312728167]
[40.0, 0.0, 0.09666900312728167]
[40.0, 0.0, 0.09666900312728167]
[40.0, 0.0, 0.09666900312728167]
[40.0, -0.8669840139434847, 0.09666900312728167]
[40.0, 0.0, 0.09666900312728167]
[40.0, 0.0, 0.057471221956348496]
[40.0, 0.0, 0.057471221956348496]
[40.0, 0.0, 0.057471221956348496]
[40.0, 0.0, 0.057471221956348496]
[40.0, 0.0, 0.057471221956348496]
[40.0, 0.0, 0.057471221956348496]
[40.0, 0.0, 0.057471221956348496]
[40.0, 0.0, 0.057471221956348496]
[40.0, 0.0, 0.057471221956348496]
[40.0, 0.0, 0.057471221956348496]
[40.0, 0.0, 0.057471221956348496]
[40.0, 0.0, 0.057471221956348496]
[40.0, 0.0, 0.057471221956348496]
[40.0, 0.0, 0.057471221956348496]
[40.0, 0.0, 0.057471221956348496]
[40.0, -0.8669840139434847, 0.057471221956348496]
[40.0, -0.8669840139434847, 0.057471221956348496]
[40.0, -0.8669840139434847, 0.057471221956348496]
[40.0, 0.0, 0.057471221956348496]
[40.0, 0.0, 0.057471221956348496]
[40.0, 0.0, 0.11154627344526766]
[40.0, 0.0, 0.11154627344526766]
[40.0, 0.0, 0.11154627344526766]
[40.0, 0.0, 0.11154627344526766]
[40.0, 0.0, 0.11154627344526766]
[40.0, 0.0, 0.11154627344526766]
[40.0, 0.0, 0.11154627344526766]
[40.0, 0.0, 0.11154627344526766]
[40.0, 0.0, 0.11154627344526766]
[40.0, 0.0, 0.11154627344526766]
[40.0, 0.0, 0.11154627344526766]
[40.0, 0.0, 0.11154627344526766]
[40.0, 0.0, 0.11154627344526766]
[40.0, 0.0, 0.11154627344526766]
[40.0, 0.0, 0.11154627344526766]
[40.0, -0.8669840139434847, 0.11154627344526766]
[40.0, -0.8669840139434847, 0.11154627344526766]
[40.0, 0.0, 0.11154627344526766]
[40.0, 0.0, 0.11154627344526766]
[40.0, 0.0, 0.11154627344526766]
[40.0, 0.0, 0.10903574262706166]
[40.0, 0.0, 0.10903574262706166]
[40.0, 0.0, 0.10903574262706166]
[40.0, 0.0, 0.10903574262706166]
[40.0, 0.0, 0.10903574262706166]
[40.0, 0.0, 0.10903574262706166]
[40.0, 0.0, 0.10903574262706166]
[40.0, 0.0, 0.10903574262706166]
[40.0, 0.0, 0.10903574262706166]
[40.0, 0.0, 0.10903574262706166]
[40.0, 0.0, 0.10903574262706166]
[40.0, 0.0, 0.10903574262706166]
[40.0, 0.0, 0.10903574262706166]
[40.0, -0.8669840139434847, 0.10903574262706166]
[40.0, -0.8669840139434847, 0.10903574262706166]
[40.0, -0.8669840139434847, 0.10903574262706166]
[40.0, 0.0, 0.10903574262706166]
[40.0, 0.0, 0.10903574262706166]
[40.0, 0.0, 0.10903574262706166]
[40.0, 0.0, 0.10903574262706166]
[40.0, 0.0, 0.10584047032340635]
[40.0, 0.0, 0.10584047032340635]
[40.0, 0.0, 0.10584047032340635]
[40.0, 0.0, 0.10584047032340635]
[40.0, 0.0, 0.10584047032340635]
[40.0, 0.0, 0.10584047032340635]
[40.0, 0.0, 0.10584047032340635]
[40.0, 0.0, 0.10584047032340635]
[40.0, 0.0, 0.10584047032340635]
[40.0, 0.0, 0.10584047032340635]
[40.0, 0.0, 0.10584047032340635]
[40.0, 0.0, 0.10584047032340635]
[40.0, 0.0, 0.10584047032340635]
[40.0, 0.0, 0.10584047032340635]
[40.0, 0.0, 0.10584047032340635]
[40.0, 0.0, 0.10584047032340635]
[40.0, 0.0, 0.10584047032340635]
[40.0, 0.0, 0.10584047032340635]
[40.0, 0.0, 0.10584047032340635]
[40.0, 0.0, 0.10584047032340635]
[40.0, 0.0, 0.12216176975515905]
[40.0, 0.0, 0.12216176975515905]
[40.0, 0.0, 0.12216176975515905]
[40.0, 0.0, 0.12216176975515905]
[40.0, 0.0, 0.12216176975515905]
[40.0, 0.0, 0.12216176975515905]
[40.0, 0.0, 0.12216176975515905]
[40.0, 0.0, 0.12216176975515905]
[40.0, 0.0, 0.12216176975515905]
[40.0, 0.0, 0.12216176975515905]
[40.0, 0.8669840139434847, 0.12216176975515905]
[40.0, 0.8669840139434847, 0.12216176975515905]
[40.0, 0.8669840139434847, 0.12216176975515905]
[40.0, 0.8669840139434847, 0.12216176975515905]
[40.0, 0.0, 0.12216176975515905]
[40.0, 0.0, 0.12216176975515905]
[40.0, 0.0, 0.12216176975515905]
[40.0, 0.0, 0.12216176975515905]
[40.0, 0.0, 0.12216176975515905]
[40.0, 0.0, 0.12216176975515905]
[40.0, 0.0, 0.09231176961539547]
[40.0, 0.0, 0.09231176961539547]
[40.0, 0.0, 0.09231176961539547]
[40.0, 0.0, 0.09231176961539547]
[40.0, 0.0, 0.09231176961539547]
[40.0, 0.0, 0.09231176961539547]
[40.0, 0.0, 0.09231176961539547]
[40.0, 0.0, 0.09231176961539547]
[40.0, 0.0, 0.09231176961539547]
[40.0, 0.0, 0.09231176961539547]
[40.0, 0.0, 0.09231176961539547]
[40.0, 0.0, 0.09231176961539547]
[40.0, 0.8669840139434847, 0.09231176961539547]
[40.0, 0.0, 0.09231176961539547]
[40.0, 0.0, 0.09231176961539547]
[40.0, 0.0, 0.09231176961539547]
[40.0, 0.0, 0.09231176961539547]
[40.0, 0.0, 0.09231176961539547]
[40.0, 0.0, 0.09231176961539547]
[40.0, 0.0, 0.09231176961539547]
[40.0, 0.0, 0.12376283083450956]
[40.0, 0.0, 0.12376283083450956]
[40.0, 0.0, 0.12376283083450956]
[40.0, 0.0, 0.12376283083450956]
[40.0, 0.0, 0.12376283083450956]
[40.0, 0.0, 0.12376283083450956]
[40.0, 0.0, 0.12376283083450956]
[40.0, 0.0, 0.12376283083450956]
[40.0, 0.0, 0.12376283083450956]
[40.0, 0.0, 0.12376283083450956]
[40.0, 0.0, 0.12376283083450956]
[40.0, -0.8669840139434847, 0.12376283083450956]
[40.0, 0.0, 0.12376283083450956]
[40.0, 0.0, 0.12376283083450956]
[40.0, 0.0, 0.12376283083450956]
[40.0, 0.0, 0.12376283083450956]
[40.0, 0.0, 0.12376283083450956]
[40.0, 0.0, 0.12376283083450956]
[40.0, 0.0, 0.12376283083450956]
[40.0, 0.0, 0.12376283083450956]
[40.0, 0.0, 0.06251488652424994]
[40.0, 0.0, 0.06251488652424994]
[40.0, 0.0, 0.06251488652424994]
[40.0, 0.0, 0.06251488652424994]
[40.0, 0.0, 0.06251488652424994]
[40.0, 0.0, 0.06251488652424994]
[40.0, 0.0, 0.06251488652424994]
[40.0, 0.0, 0.06251488652424994]
[40.0, 0.0, 0.06251488652424994]
[40.0, -0.8669840139434847, 0.06251488652424994]
[40.0, -0.8669840139434847, 0.06251488652424994]
[40.0, 0.0, 0.06251488652424994]
[40.0, 0.0, 0.06251488652424994]
[40.0, 0.0, 0.06251488652424994]
[40.0, 0.0, 0.06251488652424994]
[40.0, 0.0, 0.06251488652424994]
[40.0, 0.0, 0.06251488652424994]
[40.0, 0.0, 0.06251488652424994]
[40.0, 0.0, 0.06251488652424994]
[40.0, 0.0, 0.06251488652424994]
[40.0, 0.0, 0.12277484694780641]
[40.0, 0.0, 0.12277484694780641]
[40.0, 0.0, 0.12277484694780641]
[40.0, 0.0, 0.12277484694780641]
[40.0, 0.0, 0.12277484694780641]
[40.0, 0.0, 0.12277484694780641]
[40.0, 0.0, 0.12277484694780641]
[40.0, -0.8669840139434847, 0.12277484694780641]
[40.0, -0.8669840139434847, 0.12277484694780641]
[40.0, -0.8669840139434847, 0.12277484694780641]
[40.0, 0.0, 0.12277484694780641]
[40.0, 0.0, 0.12277484694780641]
[40.0, 0.0, 0.12277484694780641]
[40.0, 0.0, 0.12277484694780641]
[40.0, 0.0, 0.12277484694780641]
[40.0, 0.0, 0.12277484694780641]
[40.0, 0.0, 0.12277484694780641]
[40.0, 0.0, 0.12277484694780641]
[40.0, 0.0, 0.12277484694780641]
[40.0, 0.0, 0.12277484694780641]
[40.0, 0.0, 0.1672838354341712]
[40.0, 0.0, 0.1672838354341712]
[40.0, 0.0, 0.1672838354341712]
[40.0, 0.0, 0.1672838354341712]
[40.0, 0.0, 0.1672838354341712]
[40.0, 0.0, 0.1672838354341712]
[40.0, 0.0, 0.1672838354341712]
[40.0, 0.0, 0.1672838354341712]
[40.0, 0.8669840139434847, 0.1672838354341712]
[40.0, 0.0, 0.1672838354341712]
[40.0, 0.0, 0.1672838354341712]
[40.0, 0.0, 0.1672838354341712]
[40.0, 0.0, 0.1672838354341712]
[40.0, 0.0, 0.1672838354341712]
[40.0, 0.0, 0.1672838354341712]
[40.0, 0.0, 0.1672838354341712]
[40.0, 0.0, 0.1672838354341712]
[40.0, 0.0, 0.1672838354341712]
[40.0, 0.0, 0.1672838354341712]
[40.0, 0.0, 0.1672838354341712]
[40.0, 0.0, 0.06250056019591037]
[40.0, 0.0, 0.06250056019591037]
[40.0, 0.0, 0.06250056019591037]
[40.0, 0.0, 0.06250056019591037]
[40.0, 0.0, 0.06250056019591037]
[40.0, 0.0, 0.06250056019591037]
[40.0, 0.0, 0.06250056019591037]
[40.0, 0.0, 0.06250056019591037]
[40.0, 0.0, 0.06250056019591037]
[40.0, 0.0, 0.06250056019591037]
[40.0, 0.0, 0.06250056019591037]
[40.0, 0.0, 0.06250056019591037]
[40.0, 0.0, 0.06250056019591037]
[40.0, 0.0, 0.06250056019591037]
[40.0, 0.0, 0.06250056019591037]
[40.0, 0.0, 0.06250056019591037]
[40.0, 0.0, 0.06250056019591037]
[40.0, 0.0, 0.06250056019591037]
[40.0, 0.0, 0.06250056019591037]
[40.0, 0.0, 0.06250056019591037]
[40.0, 0.0, 0.14366528259501854]
[40.0, 0.0, 0.14366528259501854]
[40.0, 0.0, 0.14366528259501854]
[40.0, 0.0, 0.14366528259501854]
[40.0, 0.0, 0.14366528259501854]
[40.0, 0.8669840139434847, 0.14366528259501854]
[40.0, 0.8669840139434847, 0.14366528259501854]
>>>> 
