----------------------------
RRT search Summary          
----------------------------
Map Name               : ./packages/maps/MAP7.txt
Total paths found      : 2
Total number of nodes  : 1514
Total elapsed time     : 259.82364892959595 s
Solver                 : RRTstar 
----------------------------
Path number   : 0
Path length   : 1373.932316345589
Time required : 182.38091611862183 s
>>>> Nodes
[1091.3926861049663, 516.927689873219, 2.2073258907489754]
[1095.3285636815583, 511.60291685249234, 2.2073258907489754]
[1099.26444125815, 506.27814383176565, 2.2073258907489754]
[1103.2003188347421, 500.9533708110389, 2.2073258907489754]
[1107.1361964113341, 495.6285977903122, 2.2073258907489754]
[1111.072073987926, 490.3038247695855, 2.2073258907489754]
[1115.007951564518, 484.9790517488588, 2.2073258907489754]
[1118.94382914111, 479.6542787281321, 2.2073258907489754]
[1122.8797067177018, 474.32950570740536, 2.2073258907489754]
[1126.8155842942938, 469.00473268667866, 2.2073258907489754]
[1130.7514618708858, 463.67995966595197, 2.2073258907489754]
[1134.6873394474776, 458.3551866452253, 2.2073258907489754]
[1138.6232170240696, 453.0304136244986, 2.2073258907489754]
[1142.5590946006616, 447.7056406037718, 2.2073258907489754]
[1146.4949721772534, 442.38086758304513, 2.2073258907489754]
[1150.4308497538455, 437.05609456231844, 2.2073258907489754]
[1150.4308497538455, 437.05609456231844, 2.2073258907489732]
[1155.026707297849, 428.9130548471773, 1.9619161892151782]
[1157.5064809432201, 419.89741704196, 1.7165064876813831]
[1157.7215720786578, 410.54943660923567, 1.4710967861475879]
[1156.7013238969662, 400.3501366815931, 1.4710967861475877]
[1155.6810757152746, 390.1508367539505, 1.4710967861475877]
[1154.660827533583, 379.9515368263079, 1.4710967861475877]
[1153.6405793518913, 369.75223689866533, 1.4710967861475877]
[1152.6203311701997, 359.55293697102275, 1.4710967861475877]
[1151.6000829885081, 349.3536370433802, 1.4710967861475877]
[1150.5798348068165, 339.1543371157376, 1.4710967861475877]
[1149.5595866251247, 328.95503718809505, 1.4710967861475877]
[1148.539338443433, 318.75573726045246, 1.4710967861475877]
[1147.5190902617414, 308.5564373328099, 1.4710967861475877]
[1146.4988420800498, 298.3571374051673, 1.4710967861475877]
[1145.4785938983582, 288.1578374775247, 1.4710967861475877]
[1144.4583457166666, 277.9585375498821, 1.4710967861475877]
[1143.438097534975, 267.75923762223954, 1.4710967861475877]
[1142.4178493532834, 257.55993769459695, 1.4710967861475877]
[1142.4178493532834, 257.55993769459695, 1.4710967861475879]
[1138.4646414265094, 244.06071792630246, 1.1007324881716967]
[1129.8933677912555, 232.90768894155468, 0.7303681901958055]
[1117.8663694715447, 225.61330077785672, 0.36000389221991425]
[1109.9502741268675, 222.63362473971364, 0.3600038922199162]
[1102.0341787821906, 219.65394870157053, 0.3600038922199162]
[1094.1180834375134, 216.6742726634274, 0.3600038922199162]
[1086.2019880928365, 213.69459662528425, 0.3600038922199162]
[1078.2858927481593, 210.7149205871411, 0.3600038922199162]
[1070.3697974034824, 207.73524454899797, 0.3600038922199162]
[1062.4537020588052, 204.75556851085486, 0.3600038922199162]
[1054.5376067141283, 201.77589247271172, 0.3600038922199162]
[1046.6215113694511, 198.79621643456858, 0.3600038922199162]
[1038.7054160247742, 195.81654039642547, 0.3600038922199162]
[1030.789320680097, 192.83686435828233, 0.3600038922199162]
[1022.87322533542, 189.8571883201392, 0.3600038922199162]
[1014.9571299907429, 186.87751228199608, 0.3600038922199162]
[1007.0410346460659, 183.89783624385294, 0.3600038922199162]
[999.1249393013888, 180.9181602057098, 0.3600038922199162]
[991.2088439567118, 177.93848416756666, 0.3600038922199162]
[983.2927486120348, 174.95880812942355, 0.3600038922199162]
[975.3766532673577, 171.9791320912804, 0.3600038922199162]
[971.7990517967656, 170.4194558134902, 0.46222336910903383]
[961.8070027884726, 165.44120750607652, 0.46222336910903433]
[951.8149537801796, 160.46295919866287, 0.46222336910903433]
[941.8229047718866, 155.48471089124922, 0.46222336910903433]
[931.8308557635935, 150.50646258383557, 0.46222336910903433]
[921.8388067553005, 145.52821427642192, 0.46222336910903433]
[911.8467577470075, 140.54996596900827, 0.46222336910903433]
[901.8547087387144, 135.57171766159462, 0.46222336910903433]
[891.8626597304215, 130.59346935418097, 0.46222336910903433]
[881.8706107221284, 125.61522104676732, 0.46222336910903433]
[871.8785617138353, 120.63697273935367, 0.46222336910903433]
[861.8865127055424, 115.65872443194002, 0.46222336910903433]
[851.8944636972493, 110.68047612452636, 0.46222336910903433]
[841.9024146889562, 105.70222781711273, 0.46222336910903433]
[831.9103656806633, 100.72397950969908, 0.46222336910903433]
[821.9183166723702, 95.74573120228543, 0.46222336910903433]
[811.9262676640772, 90.76748289487178, 0.46222336910903433]
[801.9342186557842, 85.78923458745813, 0.46222336910903433]
[791.9421696474911, 80.81098628004447, 0.46222336910903433]
[777.2689591440864, 76.87569793069599, 0.06183490812202952]
[765.436390809447, 76.1430982047903, 0.061834908122028964]
[753.6038224748077, 75.4104984788846, 0.061834908122028964]
[741.7712541401684, 74.6778987529789, 0.061834908122028964]
[729.938685805529, 73.94529902707322, 0.061834908122028964]
[718.1061174708897, 73.21269930116752, 0.061834908122028964]
[706.2735491362503, 72.48009957526183, 0.061834908122028964]
[694.440980801611, 71.74749984935613, 0.061834908122028964]
[682.6084124669717, 71.01490012345045, 0.061834908122028964]
[670.7758441323323, 70.28230039754474, 0.061834908122028964]
[658.943275797693, 69.54970067163904, 0.061834908122028964]
[647.1107074630536, 68.81710094573336, 0.061834908122028964]
[635.2781391284143, 68.08450121982766, 0.061834908122028964]
[623.445570793775, 67.35190149392197, 0.061834908122028964]
[611.6130024591356, 66.61930176801627, 0.061834908122028964]
[599.7804341244963, 65.88670204211058, 0.061834908122028964]
[587.9478657898569, 65.15410231620488, 0.061834908122028964]
[576.1152974552176, 64.4215025902992, 0.061834908122028964]
[564.2827291205782, 63.6889028643935, 0.061834908122028964]
[552.4501607859389, 62.956303138487804, 0.061834908122028964]
[545.017322414858, 62.6311235471609, 0.04279012204233844]
[538.3109351552905, 62.34398114440708, 0.04279012204233844]
[531.604547895723, 62.05683874165327, 0.04279012204233844]
[524.8981606361555, 61.76969633889946, 0.04279012204233844]
[518.191773376588, 61.48255393614564, 0.04279012204233844]
[511.48538611702054, 61.19541153339183, 0.04279012204233844]
[504.7789988574531, 60.90826913063802, 0.04279012204233844]
[498.0726115978856, 60.6211267278842, 0.04279012204233844]
[491.3662243383181, 60.33398432513039, 0.04279012204233844]
[484.6598370787506, 60.04684192237657, 0.04279012204233844]
[477.9534498191831, 59.75969951962276, 0.04279012204233844]
[471.24706255961564, 59.47255711686894, 0.04279012204233844]
[464.5406753000482, 59.18541471411513, 0.04279012204233844]
[457.8342880404807, 58.89827231136132, 0.04279012204233844]
[451.1279007809132, 58.6111299086075, 0.04279012204233844]
[444.42151352134573, 58.32398750585369, 0.04279012204233844]
[437.71512626177827, 58.03684510309988, 0.04279012204233844]
[431.00873900221075, 57.74970270034606, 0.04279012204233844]
[424.3023517426433, 57.46256029759225, 0.04279012204233844]
[406.5648805929621, 57.04678618365121, 0.02301522234903507]
[389.5823338448754, 56.655860067172284, 0.02301522234903507]
[372.59978709678876, 56.26493395069336, 0.02301522234903507]
[355.61724034870207, 55.87400783421444, 0.02301522234903507]
[338.63469360061544, 55.483081717735516, 0.02301522234903507]
[321.65214685252874, 55.09215560125659, 0.02301522234903507]
[304.6696001044421, 54.70122948477767, 0.02301522234903507]
[287.6870533563554, 54.31030336829875, 0.02301522234903507]
[270.7045066082688, 53.919377251819824, 0.02301522234903507]
[253.7219598601821, 53.5284511353409, 0.02301522234903507]
[236.73941311209546, 53.137525018861986, 0.02301522234903507]
[219.75686636400877, 52.74659890238306, 0.02301522234903507]
[202.77431961592214, 52.35567278590414, 0.02301522234903507]
[185.79177286783545, 51.96474666942522, 0.02301522234903507]
[168.8092261197488, 51.573820552946295, 0.02301522234903507]
[151.82667937166212, 51.18289443646737, 0.02301522234903507]
[134.8441326235755, 50.79196831998845, 0.02301522234903507]
[117.86158587548881, 50.401042203509526, 0.02301522234903507]
[100.87903912740215, 50.0101160870306, 0.02301522234903507]
>>>> 
>>>> inputs
[40.0, 0.0, 0.1593055854838909]
[40.0, 0.0, 0.1593055854838909]
[40.0, 0.0, 0.1593055854838909]
[40.0, 0.0, 0.1593055854838909]
[40.0, 0.0, 0.1593055854838909]
[40.0, 0.0, 0.1593055854838909]
[40.0, 0.0, 0.1593055854838909]
[40.0, 0.0, 0.1593055854838909]
[40.0, 0.0, 0.1593055854838909]
[40.0, 0.0, 0.1593055854838909]
[40.0, 0.0, 0.1593055854838909]
[40.0, 0.0, 0.1593055854838909]
[40.0, 0.0, 0.1593055854838909]
[40.0, 0.0, 0.1593055854838909]
[40.0, 0.0, 0.1593055854838909]
[40.0, 0.8669840139434847, 0.1593055854838909]
[40.0, 0.8669840139434847, 0.1593055854838909]
[40.0, 0.8669840139434847, 0.1593055854838909]
[40.0, 0.8669840139434847, 0.1593055854838909]
[40.0, 0.0, 0.1593055854838909]
[40.0, 0.0, 0.24524205105466473]
[40.0, 0.0, 0.24524205105466473]
[40.0, 0.0, 0.24524205105466473]
[40.0, 0.0, 0.24524205105466473]
[40.0, 0.0, 0.24524205105466473]
[40.0, 0.0, 0.24524205105466473]
[40.0, 0.0, 0.24524205105466473]
[40.0, 0.0, 0.24524205105466473]
[40.0, 0.0, 0.24524205105466473]
[40.0, 0.0, 0.24524205105466473]
[40.0, 0.0, 0.24524205105466473]
[40.0, 0.0, 0.24524205105466473]
[40.0, 0.0, 0.24524205105466473]
[40.0, 0.0, 0.24524205105466473]
[40.0, 0.8669840139434847, 0.24524205105466473]
[40.0, 0.8669840139434847, 0.24524205105466473]
[40.0, 0.8669840139434847, 0.24524205105466473]
[40.0, 0.8669840139434847, 0.24524205105466473]
[40.0, 0.0, 0.24524205105466473]
[40.0, 0.0, 0.24524205105466473]
[40.0, 0.0, 0.19519263107669207]
[40.0, 0.0, 0.19519263107669207]
[40.0, 0.0, 0.19519263107669207]
[40.0, 0.0, 0.19519263107669207]
[40.0, 0.0, 0.19519263107669207]
[40.0, 0.0, 0.19519263107669207]
[40.0, 0.0, 0.19519263107669207]
[40.0, 0.0, 0.19519263107669207]
[40.0, 0.0, 0.19519263107669207]
[40.0, 0.0, 0.19519263107669207]
[40.0, 0.0, 0.19519263107669207]
[40.0, 0.0, 0.19519263107669207]
[40.0, 0.0, 0.19519263107669207]
[40.0, 0.0, 0.19519263107669207]
[40.0, 0.0, 0.19519263107669207]
[40.0, 0.0, 0.19519263107669207]
[40.0, -0.8669840139434847, 0.19519263107669207]
[40.0, 0.0, 0.19519263107669207]
[40.0, 0.0, 0.19519263107669207]
[40.0, 0.0, 0.19519263107669207]
[40.0, 0.0, 0.27029616023267244]
[40.0, 0.0, 0.27029616023267244]
[40.0, 0.0, 0.27029616023267244]
[40.0, 0.0, 0.27029616023267244]
[40.0, 0.0, 0.27029616023267244]
[40.0, 0.0, 0.27029616023267244]
[40.0, 0.0, 0.27029616023267244]
[40.0, 0.0, 0.27029616023267244]
[40.0, 0.0, 0.27029616023267244]
[40.0, 0.0, 0.27029616023267244]
[40.0, 0.0, 0.27029616023267244]
[40.0, 0.0, 0.27029616023267244]
[40.0, 0.0, 0.27029616023267244]
[40.0, 0.0, 0.27029616023267244]
[40.0, 0.0, 0.27029616023267244]
[40.0, 0.8669840139434847, 0.27029616023267244]
[40.0, 0.0, 0.27029616023267244]
[40.0, 0.0, 0.27029616023267244]
[40.0, 0.0, 0.27029616023267244]
[40.0, 0.0, 0.27029616023267244]
[40.0, 0.0, 0.28247093128170253]
[40.0, 0.0, 0.28247093128170253]
[40.0, 0.0, 0.28247093128170253]
[40.0, 0.0, 0.28247093128170253]
[40.0, 0.0, 0.28247093128170253]
[40.0, 0.0, 0.28247093128170253]
[40.0, 0.0, 0.28247093128170253]
[40.0, 0.0, 0.28247093128170253]
[40.0, 0.0, 0.28247093128170253]
[40.0, 0.0, 0.28247093128170253]
[40.0, 0.0, 0.28247093128170253]
[40.0, 0.0, 0.28247093128170253]
[40.0, 0.0, 0.28247093128170253]
[40.0, 0.0, 0.28247093128170253]
[40.0, 0.0, 0.28247093128170253]
[40.0, 0.0, 0.28247093128170253]
[40.0, 0.0, 0.28247093128170253]
[40.0, 0.0, 0.28247093128170253]
[40.0, 0.0, 0.28247093128170253]
[40.0, 0.0, 0.28247093128170253]
[40.0, 0.0, 0.16036680803641196]
[40.0, 0.0, 0.16036680803641196]
[40.0, 0.0, 0.16036680803641196]
[40.0, 0.0, 0.16036680803641196]
[40.0, 0.0, 0.16036680803641196]
[40.0, 0.0, 0.16036680803641196]
[40.0, 0.0, 0.16036680803641196]
[40.0, 0.0, 0.16036680803641196]
[40.0, 0.0, 0.16036680803641196]
[40.0, 0.0, 0.16036680803641196]
[40.0, 0.0, 0.16036680803641196]
[40.0, 0.0, 0.16036680803641196]
[40.0, 0.0, 0.16036680803641196]
[40.0, 0.0, 0.16036680803641196]
[40.0, 0.0, 0.16036680803641196]
[40.0, 0.0, 0.16036680803641196]
[40.0, 0.0, 0.16036680803641196]
[40.0, 0.0, 0.16036680803641196]
[40.0, 0.0, 0.16036680803641196]
[40.0, 0.0, 0.16036680803641196]
[40.0, 0.0, 0.4045412282659514]
[40.0, 0.0, 0.4045412282659514]
[40.0, 0.0, 0.4045412282659514]
[40.0, 0.0, 0.4045412282659514]
[40.0, 0.0, 0.4045412282659514]
[40.0, 0.0, 0.4045412282659514]
[40.0, 0.0, 0.4045412282659514]
[40.0, 0.0, 0.4045412282659514]
[40.0, 0.0, 0.4045412282659514]
[40.0, 0.0, 0.4045412282659514]
[40.0, 0.0, 0.4045412282659514]
[40.0, 0.0, 0.4045412282659514]
[40.0, 0.0, 0.4045412282659514]
>>>> 
----------------------------
Path number   : 1
Path length   : 1112.6548153022861
Time required : 222.28371000289917 s
>>>> Nodes
[1100.3324725025952, 502.1369839271137, 0.5586482427152221]
[1094.3694530694202, 498.40969104735836, 0.5586482427152221]
[1088.4064336362449, 494.682398167603, 0.5586482427152221]
[1082.4434142030696, 490.9551052878477, 0.5586482427152221]
[1076.4803947698945, 487.2278124080923, 0.5586482427152221]
[1070.5173753367194, 483.50051952833695, 0.5586482427152221]
[1064.554355903544, 479.7732266485816, 0.5586482427152221]
[1058.5913364703688, 476.0459337688263, 0.5586482427152221]
[1052.6283170371937, 472.31864088907093, 0.5586482427152221]
[1046.6652976040186, 468.5913480093156, 0.5586482427152221]
[1040.7022781708433, 464.86405512956026, 0.5586482427152221]
[1034.739258737668, 461.1367622498049, 0.5586482427152221]
[1028.776239304493, 457.4094693700496, 0.5586482427152221]
[1022.8132198713178, 453.6821764902942, 0.5586482427152221]
[1016.8502004381426, 449.95488361053884, 0.5586482427152221]
[1010.8871810049674, 446.2275907307835, 0.5586482427152221]
[1004.9241615717922, 442.50029785102817, 0.5586482427152221]
[998.961142138617, 438.7730049712728, 0.5586482427152221]
[998.961142138617, 438.7730049712728, 0.5586482427152217]
[986.6532348677162, 433.7999345989115, 0.20934594657688121]
[978.7933479070912, 432.13003266155096, 0.20934594657688038]
[970.9334609464663, 430.46013072419044, 0.20934594657688038]
[963.0735739858413, 428.7902287868299, 0.20934594657688038]
[955.2136870252164, 427.1203268494694, 0.20934594657688038]
[947.3538000645915, 425.4504249121089, 0.20934594657688038]
[939.4939131039665, 423.78052297474835, 0.20934594657688038]
[931.6340261433415, 422.11062103738783, 0.20934594657688038]
[923.7741391827167, 420.4407191000273, 0.20934594657688038]
[915.9142522220917, 418.77081716266673, 0.20934594657688038]
[908.0543652614668, 417.1009152253062, 0.20934594657688038]
[900.1944783008419, 415.4310132879457, 0.20934594657688038]
[892.3345913402169, 413.76111135058517, 0.20934594657688038]
[884.474704379592, 412.09120941322465, 0.20934594657688038]
[876.614817418967, 410.4213074758641, 0.20934594657688038]
[868.7549304583421, 408.7514055385036, 0.20934594657688038]
[860.8950434977172, 407.0815036011431, 0.20934594657688038]
[853.0351565370922, 405.41160166378256, 0.20934594657688038]
[853.0351565370922, 405.41160166378256, 0.20934594657688121]
[839.4458989206782, 399.6014381748387, 0.5987206316227995]
[837.1503329271159, 398.03526467327015, 0.5987206316227999]
[834.8547669335535, 396.4690911717016, 0.5987206316227999]
[832.559200939991, 394.90291767013315, 0.5987206316227999]
[830.2636349464286, 393.3367441685646, 0.5987206316227999]
[827.9680689528662, 391.7705706669961, 0.5987206316227999]
[825.6725029593039, 390.20439716542757, 0.5987206316227999]
[823.3769369657415, 388.63822366385904, 0.5987206316227999]
[821.081370972179, 387.07205016229057, 0.5987206316227999]
[818.7858049786166, 385.50587666072204, 0.5987206316227999]
[816.4902389850542, 383.9397031591535, 0.5987206316227999]
[814.1946729914919, 382.373529657585, 0.5987206316227999]
[811.8991069979295, 380.80735615601645, 0.5987206316227999]
[809.6035410043671, 379.2411826544479, 0.5987206316227999]
[807.3079750108046, 377.67500915287945, 0.5987206316227999]
[805.0124090172422, 376.1088356513109, 0.5987206316227999]
[802.7168430236799, 374.5426621497424, 0.5987206316227999]
[802.7168430236799, 374.5426621497424, 0.5987206316227995]
[800.4814364010983, 372.8953469266984, 0.6714334423379364]
[798.3716120414217, 371.0899850838345, 0.7441462530530738]
[792.2593943112429, 365.4623342558084, 0.7441462530530736]
[786.1471765810642, 359.83468342778235, 0.7441462530530736]
[780.0349588508853, 354.2070325997563, 0.7441462530530736]
[773.9227411207066, 348.5793817717302, 0.7441462530530736]
[767.8105233905278, 342.9517309437041, 0.7441462530530736]
[761.698305660349, 337.32408011567804, 0.7441462530530736]
[755.5860879301703, 331.696429287652, 0.7441462530530736]
[749.4738701999914, 326.0687784596259, 0.7441462530530736]
[743.3616524698127, 320.4411276315998, 0.7441462530530736]
[737.2494347396339, 314.81347680357374, 0.7441462530530736]
[731.1372170094551, 309.1858259755477, 0.7441462530530736]
[725.0249992792764, 303.5581751475216, 0.7441462530530736]
[718.9127815490975, 297.9305243194955, 0.7441462530530736]
[712.8005638189187, 292.3028734914694, 0.7441462530530736]
[706.68834608874, 286.6752226634434, 0.7441462530530736]
[700.5761283585612, 281.0475718354173, 0.7441462530530736]
[694.4639106283825, 275.41992100739117, 0.7441462530530736]
[688.3516928982036, 269.7922701793651, 0.7441462530530736]
[676.0045610700531, 262.17031518846807, 0.36194814786339746]
[667.4155760465108, 258.91827941574354, 0.3619481478633983]
[658.8265910229685, 255.66624364301907, 0.3619481478633983]
[650.2376059994263, 252.41420787029455, 0.3619481478633983]
[641.648620975884, 249.16217209757002, 0.3619481478633983]
[633.0596359523416, 245.91013632484552, 0.3619481478633983]
[624.4706509287994, 242.65810055212103, 0.3619481478633983]
[615.8816659052571, 239.4060647793965, 0.3619481478633983]
[607.2926808817149, 236.154029006672, 0.3619481478633983]
[598.7036958581725, 232.9019932339475, 0.3619481478633983]
[590.1147108346303, 229.64995746122298, 0.3619481478633983]
[581.525725811088, 226.39792168849849, 0.3619481478633983]
[572.9367407875457, 223.145885915774, 0.3619481478633983]
[564.3477557640034, 219.89385014304946, 0.3619481478633983]
[555.7587707404612, 216.64181437032497, 0.3619481478633983]
[547.1697857169188, 213.38977859760047, 0.3619481478633983]
[538.5808006933765, 210.13774282487594, 0.3619481478633983]
[529.9918156698343, 206.88570705215145, 0.3619481478633983]
[521.4028306462919, 203.63367127942692, 0.3619481478633983]
[512.8138456227497, 200.38163550670242, 0.3619481478633983]
[497.76375999133336, 194.83087622548592, 0.3532507706165874]
[483.02487270130564, 189.39640077083234, 0.3532507706165874]
[468.2859854112779, 183.96192531617876, 0.3532507706165874]
[453.54709812125014, 178.52744986152518, 0.3532507706165874]
[438.8082108312224, 173.0929744068716, 0.3532507706165874]
[424.06932354119465, 167.65849895221803, 0.3532507706165874]
[409.33043625116693, 162.22402349756445, 0.3532507706165874]
[394.5915489611392, 156.78954804291087, 0.3532507706165874]
[379.8526616711115, 151.3550725882573, 0.3532507706165874]
[365.1137743810838, 145.9205971336037, 0.3532507706165874]
[350.37488709105605, 140.48612167895013, 0.3532507706165874]
[335.6359998010283, 135.05164622429655, 0.3532507706165874]
[320.89711251100056, 129.61717076964297, 0.3532507706165874]
[306.15822522097284, 124.1826953149894, 0.3532507706165874]
[291.4193379309451, 118.74821986033582, 0.3532507706165874]
[276.68045064091734, 113.31374440568224, 0.3532507706165874]
[261.9415633508896, 107.87926895102866, 0.3532507706165874]
[247.2026760608619, 102.44479349637508, 0.3532507706165874]
[247.04218640642054, 102.38520938629213, 0.35773260825788333]
[239.6162201546545, 99.60926126087216, 0.3577326082578833]
[232.19025390288846, 96.83331313545219, 0.3577326082578833]
[224.7642876511224, 94.05736501003221, 0.3577326082578833]
[217.33832139935635, 91.28141688461224, 0.3577326082578833]
[209.9123551475903, 88.50546875919227, 0.3577326082578833]
[202.48638889582426, 85.7295206337723, 0.3577326082578833]
[195.0604226440582, 82.95357250835232, 0.3577326082578833]
[187.63445639229218, 80.17762438293235, 0.3577326082578833]
[180.20849014052612, 77.40167625751239, 0.3577326082578833]
[172.78252388876007, 74.62572813209242, 0.3577326082578833]
[165.356557636994, 71.84978000667245, 0.3577326082578833]
[157.93059138522796, 69.07383188125249, 0.3577326082578833]
[150.5046251334619, 66.29788375583252, 0.3577326082578833]
[143.07865888169587, 63.52193563041254, 0.3577326082578833]
[135.65269262992982, 60.74598750499257, 0.3577326082578833]
[128.22672637816376, 57.9700393795726, 0.3577326082578833]
[120.80076012639772, 55.19409125415263, 0.3577326082578833]
[113.37479387463166, 52.41814312873266, 0.3577326082578833]
[100.0, 50.00000000000001, 0.0]
>>>> 
>>>> inputs
[40.0, 0.0, 0.16610990367845707]
[40.0, 0.0, 0.16610990367845707]
[40.0, 0.0, 0.16610990367845707]
[40.0, 0.0, 0.16610990367845707]
[40.0, 0.0, 0.16610990367845707]
[40.0, 0.0, 0.16610990367845707]
[40.0, 0.0, 0.16610990367845707]
[40.0, 0.0, 0.16610990367845707]
[40.0, 0.0, 0.16610990367845707]
[40.0, 0.0, 0.16610990367845707]
[40.0, 0.0, 0.16610990367845707]
[40.0, 0.0, 0.16610990367845707]
[40.0, 0.0, 0.16610990367845707]
[40.0, 0.0, 0.16610990367845707]
[40.0, 0.0, 0.16610990367845707]
[40.0, 0.0, 0.16610990367845707]
[40.0, 0.0, 0.16610990367845707]
[40.0, 0.8669840139434847, 0.16610990367845707]
[40.0, 0.8669840139434847, 0.16610990367845707]
[40.0, 0.0, 0.16610990367845707]
[40.0, 0.0, 0.18934185879161328]
[40.0, 0.0, 0.18934185879161328]
[40.0, 0.0, 0.18934185879161328]
[40.0, 0.0, 0.18934185879161328]
[40.0, 0.0, 0.18934185879161328]
[40.0, 0.0, 0.18934185879161328]
[40.0, 0.0, 0.18934185879161328]
[40.0, 0.0, 0.18934185879161328]
[40.0, 0.0, 0.18934185879161328]
[40.0, 0.0, 0.18934185879161328]
[40.0, 0.0, 0.18934185879161328]
[40.0, 0.0, 0.18934185879161328]
[40.0, 0.0, 0.18934185879161328]
[40.0, 0.0, 0.18934185879161328]
[40.0, 0.0, 0.18934185879161328]
[40.0, 0.0, 0.18934185879161328]
[40.0, -0.8669840139434847, 0.18934185879161328]
[40.0, -0.8669840139434847, 0.18934185879161328]
[40.0, 0.0, 0.18934185879161328]
[40.0, 0.0, 0.18934185879161328]
[40.0, 0.0, 0.0625224164471995]
[40.0, 0.0, 0.0625224164471995]
[40.0, 0.0, 0.0625224164471995]
[40.0, 0.0, 0.0625224164471995]
[40.0, 0.0, 0.0625224164471995]
[40.0, 0.0, 0.0625224164471995]
[40.0, 0.0, 0.0625224164471995]
[40.0, 0.0, 0.0625224164471995]
[40.0, 0.0, 0.0625224164471995]
[40.0, 0.0, 0.0625224164471995]
[40.0, 0.0, 0.0625224164471995]
[40.0, 0.0, 0.0625224164471995]
[40.0, 0.0, 0.0625224164471995]
[40.0, 0.0, 0.0625224164471995]
[40.0, -0.8669840139434847, 0.0625224164471995]
[40.0, -0.8669840139434847, 0.0625224164471995]
[40.0, -0.8669840139434847, 0.0625224164471995]
[40.0, 0.0, 0.0625224164471995]
[40.0, 0.0, 0.0625224164471995]
[40.0, 0.0, 0.0625224164471995]
[40.0, 0.0, 0.2051878168728199]
[40.0, 0.0, 0.2051878168728199]
[40.0, 0.0, 0.2051878168728199]
[40.0, 0.0, 0.2051878168728199]
[40.0, 0.0, 0.2051878168728199]
[40.0, 0.0, 0.2051878168728199]
[40.0, 0.0, 0.2051878168728199]
[40.0, 0.0, 0.2051878168728199]
[40.0, 0.0, 0.2051878168728199]
[40.0, 0.0, 0.2051878168728199]
[40.0, 0.0, 0.2051878168728199]
[40.0, 0.0, 0.2051878168728199]
[40.0, 0.0, 0.2051878168728199]
[40.0, 0.0, 0.2051878168728199]
[40.0, 0.0, 0.2051878168728199]
[40.0, 0.8669840139434847, 0.2051878168728199]
[40.0, 0.0, 0.2051878168728199]
[40.0, 0.0, 0.2051878168728199]
[40.0, 0.0, 0.2051878168728199]
[40.0, 0.0, 0.2051878168728199]
[40.0, 0.0, 0.2185359730897257]
[40.0, 0.0, 0.2185359730897257]
[40.0, 0.0, 0.2185359730897257]
[40.0, 0.0, 0.2185359730897257]
[40.0, 0.0, 0.2185359730897257]
[40.0, 0.0, 0.2185359730897257]
[40.0, 0.0, 0.2185359730897257]
[40.0, 0.0, 0.2185359730897257]
[40.0, 0.0, 0.2185359730897257]
[40.0, 0.0, 0.2185359730897257]
[40.0, 0.0, 0.2185359730897257]
[40.0, 0.0, 0.2185359730897257]
[40.0, 0.0, 0.2185359730897257]
[40.0, 0.0, 0.2185359730897257]
[40.0, 0.0, 0.2185359730897257]
[40.0, 0.0, 0.2185359730897257]
[40.0, 0.0, 0.2185359730897257]
[40.0, 0.0, 0.2185359730897257]
[40.0, 0.0, 0.2185359730897257]
[40.0, 0.0, 0.2185359730897257]
[40.0, 0.0, 0.3536633702838955]
[40.0, 0.0, 0.3536633702838955]
[40.0, 0.0, 0.3536633702838955]
[40.0, 0.0, 0.3536633702838955]
[40.0, 0.0, 0.3536633702838955]
[40.0, 0.0, 0.3536633702838955]
[40.0, 0.0, 0.3536633702838955]
[40.0, 0.0, 0.3536633702838955]
[40.0, 0.0, 0.3536633702838955]
[40.0, 0.0, 0.3536633702838955]
[40.0, 0.0, 0.3536633702838955]
[40.0, 0.0, 0.3536633702838955]
[40.0, 0.0, 0.3536633702838955]
[40.0, -0.8669840139434847, 0.3536633702838955]
[40.0, 0.0, 0.3536633702838955]
[40.0, 0.0, 0.3536633702838955]
[40.0, 0.0, 0.3536633702838955]
[40.0, 0.0, 0.3536633702838955]
[40.0, 0.0, 0.3536633702838955]
[40.0, 0.0, 0.3536633702838955]
[40.0, 0.0, 0.19545717996414666]
[40.0, 0.0, 0.19545717996414666]
[40.0, 0.0, 0.19545717996414666]
[40.0, 0.0, 0.19545717996414666]
[40.0, 0.0, 0.19545717996414666]
[40.0, 0.0, 0.19545717996414666]
[40.0, 0.0, 0.19545717996414666]
[40.0, 0.0, 0.19545717996414666]
[40.0, 0.0, 0.19545717996414666]
[40.0, 0.0, 0.19545717996414666]
[40.0, 0.0, 0.19545717996414666]
[40.0, 0.0, 0.19545717996414666]
[40.0, 0.8669840139434847, 0.19545717996414666]
>>>> 
