----------------------------
RRT search Summary          
----------------------------
Map Name               : 5
Total paths found      : 5
Total number of nodes  : 1207
Total elapsed time     : 131.33857607841492 s
----------------------------



Path number   : 0
Path length   : 1236.020626637035
Time required : 10.321414947509766 s
******* List of nodes ******* 
[1081.4680008893934, 499.4368920475353, 0.8354647631374609]
[1074.0225963839644, 491.2059707612722, 0.8354647631374609]
[1066.5771918785354, 482.9750494750091, 0.8354647631374609]
[1059.1317873731064, 474.744128188746, 0.8354647631374609]
[1051.6863828676774, 466.5132069024829, 0.8354647631374609]
[1044.2409783622481, 458.28228561621984, 0.8354647631374609]
[1036.7955738568191, 450.05136432995675, 0.8354647631374609]
[1029.3501693513902, 441.8204430436937, 0.8354647631374609]
[1021.9047648459612, 433.5895217574306, 0.8354647631374609]
[1014.4593603405322, 425.3586004711675, 0.8354647631374609]
[1007.0139558351032, 417.1276791849044, 0.8354647631374609]
[999.5685513296742, 408.89675789864134, 0.8354647631374609]
[992.1231468242452, 400.6658366123782, 0.8354647631374609]
[984.6777423188161, 392.4349153261151, 0.8354647631374609]
[977.2323378133871, 384.20399403985203, 0.8354647631374609]
[969.7869333079581, 375.97307275358895, 0.8354647631374609]
[969.7869333079581, 375.97307275358895, 0.8354647631374612]
[963.6890234099491, 366.8998558337345, 1.1226487059277943]
[960.4108638949208, 356.4709805064042, 1.409832648718127]
[959.3264048345485, 349.7919769247144, 1.4098326487181274]
[958.2419457741761, 343.1129733430246, 1.4098326487181274]
[957.1574867138038, 336.4339697613347, 1.4098326487181274]
[956.0730276534315, 329.7549661796449, 1.4098326487181274]
[954.9885685930591, 323.075962597955, 1.4098326487181274]
[953.9041095326868, 316.3969590162652, 1.4098326487181274]
[952.8196504723145, 309.7179554345754, 1.4098326487181274]
[951.7351914119422, 303.0389518528856, 1.4098326487181274]
[950.6507323515698, 296.3599482711958, 1.4098326487181274]
[949.5662732911975, 289.6809446895059, 1.4098326487181274]
[948.4818142308252, 283.0019411078161, 1.4098326487181274]
[947.3973551704528, 276.3229375261263, 1.4098326487181274]
[946.3128961100805, 269.6439339444364, 1.4098326487181274]
[945.2284370497082, 262.9649303627466, 1.4098326487181274]
[944.1439779893358, 256.2859267810568, 1.4098326487181274]
[943.0595189289635, 249.60692319936695, 1.4098326487181274]
[943.0595189289635, 249.60692319936695, 1.4098326487181274]
[939.0870826673768, 237.80544135872324, 1.0823759208496744]
[931.5299474086005, 227.9087282595184, 0.7549191929812212]
[920.6898993622647, 217.71011556794133, 0.7549191929812207]
[909.849851315929, 207.5115028763643, 0.7549191929812207]
[899.0098032695931, 197.31289018478728, 0.7549191929812207]
[888.1697552232574, 187.11427749321024, 0.7549191929812207]
[877.3297071769216, 176.91566480163323, 0.7549191929812207]
[866.4896591305858, 166.7170521100562, 0.7549191929812207]
[855.6496110842501, 156.51843941847915, 0.7549191929812207]
[844.8095630379142, 146.31982672690214, 0.7549191929812207]
[833.9695149915785, 136.12121403532512, 0.7549191929812207]
[823.1294669452427, 125.92260134374808, 0.7549191929812207]
[812.2894188989069, 115.72398865217106, 0.7549191929812207]
[801.4493708525712, 105.52537596059403, 0.7549191929812207]
[790.6093228062354, 95.326763269017, 0.7549191929812207]
[779.7692747598996, 85.12815057743998, 0.7549191929812207]
[768.9292267135638, 74.92953788586294, 0.7549191929812207]
[758.0891786672281, 64.73092519428592, 0.7549191929812207]
[747.2491306208923, 54.53231250270889, 0.7549191929812207]
[747.2491306208923, 54.532312502708905, 0.7549191929812212]
[719.477120280239, 44.18861303386822, -0.041851930338053345]
[704.1468020941365, 44.83059131273929, -0.04185193033805306]
[688.8164839080341, 45.47256959161035, -0.04185193033805306]
[673.4861657219317, 46.11454787048142, -0.04185193033805306]
[658.1558475358293, 46.75652614935248, -0.04185193033805306]
[642.8255293497269, 47.39850442822355, -0.04185193033805306]
[627.4952111636245, 48.04048270709462, -0.04185193033805306]
[612.1648929775221, 48.68246098596568, -0.04185193033805306]
[596.8345747914196, 49.324439264836755, -0.04185193033805306]
[581.5042566053173, 49.96641754370782, -0.04185193033805306]
[566.1739384192149, 50.608395822578885, -0.04185193033805306]
[550.8436202331125, 51.25037410144996, -0.04185193033805306]
[535.51330204701, 51.89235238032102, -0.04185193033805306]
[520.1829838609076, 52.534330659192086, -0.04185193033805306]
[504.8526656748052, 53.17630893806316, -0.04185193033805306]
[489.5223474887028, 53.81828721693422, -0.04185193033805306]
[474.19202930260036, 54.46026549580529, -0.04185193033805306]
[458.861711116498, 55.10224377467636, -0.04185193033805306]
[443.53139293039555, 55.744222053547425, -0.04185193033805306]
[441.2866828812391, 55.772197599048155, 0.01692746650528898]
[423.3582548724558, 55.46868574454308, 0.01692746650528846]
[405.42982686367253, 55.16517389003801, 0.01692746650528846]
[387.50139885488926, 54.86166203553294, 0.01692746650528846]
[369.572970846106, 54.55815018102786, 0.01692746650528846]
[351.6445428373227, 54.254638326522795, 0.01692746650528846]
[333.7161148285394, 53.95112647201772, 0.01692746650528846]
[315.7876868197561, 53.647614617512644, 0.01692746650528846]
[297.85925881097285, 53.34410276300758, 0.01692746650528846]
[279.9308308021896, 53.0405909085025, 0.01692746650528846]
[262.0024027934063, 52.73707905399743, 0.01692746650528846]
[244.07397478462303, 52.43356719949236, 0.01692746650528846]
[226.14554677583976, 52.130055344987284, 0.01692746650528846]
[208.21711876705646, 51.82654349048221, 0.01692746650528846]
[190.28869075827316, 51.523031635977134, 0.01692746650528846]
[172.3602627494899, 51.219519781472066, 0.01692746650528846]
[154.43183474070662, 50.91600792696699, 0.01692746650528846]
[136.50340673192335, 50.612496072461916, 0.01692746650528846]
[118.57497872314008, 50.30898421795685, 0.01692746650528846]
[100.64655071435679, 50.00547236345177, 0.01692746650528846]
Path number   : 1
Path length   : 1225.6193721377672
Time required : 26.616946935653687 s
******* List of nodes ******* 
[1082.3266889103422, 496.75967440903094, 0.765776009541981]
[1080.8662319319785, 495.3554361370792, 0.765776009541981]
[1079.405774953615, 493.9511978651275, 0.765776009541981]
[1077.9453179752513, 492.5469595931757, 0.765776009541981]
[1076.4848609968876, 491.142721321224, 0.765776009541981]
[1075.024404018524, 489.7384830492722, 0.765776009541981]
[1073.5639470401604, 488.33424477732046, 0.765776009541981]
[1072.1034900617967, 486.9300065053687, 0.765776009541981]
[1070.643033083433, 485.52576823341695, 0.765776009541981]
[1069.1825761050693, 484.12152996146517, 0.765776009541981]
[1067.7221191267058, 482.71729168951344, 0.765776009541981]
[1066.261662148342, 481.31305341756166, 0.765776009541981]
[1064.8012051699784, 479.90881514560994, 0.765776009541981]
[1063.3407481916147, 478.50457687365815, 0.765776009541981]
[1061.8802912132512, 477.1003386017064, 0.765776009541981]
[1060.4198342348875, 475.69610032975464, 0.765776009541981]
[1058.9593772565238, 474.2918620578029, 0.765776009541981]
[1058.9593772565238, 474.2918620578029, 0.7657760095419817]
[1057.122684405309, 472.3995890710046, 0.8348280562802501]
[1051.6652200040198, 466.3740587402186, 0.834828056280249]
[1046.2077556027305, 460.34852840943256, 0.834828056280249]
[1040.750291201441, 454.3229980786466, 0.834828056280249]
[1035.292826800152, 448.29746774786054, 0.834828056280249]
[1029.8353623988628, 442.2719374170746, 0.834828056280249]
[1024.3778979975734, 436.24640708628857, 0.834828056280249]
[1018.9204335962842, 430.22087675550256, 0.834828056280249]
[1013.4629691949949, 424.19534642471655, 0.834828056280249]
[1008.0055047937057, 418.16981609393054, 0.834828056280249]
[1002.5480403924164, 412.1442857631445, 0.834828056280249]
[997.0905759911271, 406.1187554323585, 0.834828056280249]
[991.6331115898379, 400.09322510157256, 0.834828056280249]
[986.1756471885486, 394.06769477078655, 0.834828056280249]
[980.7181827872594, 388.04216444000053, 0.834828056280249]
[975.2607183859701, 382.0166341092145, 0.834828056280249]
[969.8032539846809, 375.9911037784285, 0.834828056280249]
[969.8032539846809, 375.9911037784285, 0.8348280562802501]
[963.694294132593, 366.91081439536094, 1.1223303524991888]
[960.4108638949208, 356.4709805064042, 1.409832648718127]
[959.3264048345485, 349.7919769247144, 1.4098326487181274]
[958.2419457741761, 343.1129733430246, 1.4098326487181274]
[957.1574867138038, 336.4339697613347, 1.4098326487181274]
[956.0730276534315, 329.7549661796449, 1.4098326487181274]
[954.9885685930591, 323.075962597955, 1.4098326487181274]
[953.9041095326868, 316.3969590162652, 1.4098326487181274]
[952.8196504723145, 309.7179554345754, 1.4098326487181274]
[951.7351914119422, 303.0389518528856, 1.4098326487181274]
[950.6507323515698, 296.3599482711958, 1.4098326487181274]
[949.5662732911975, 289.6809446895059, 1.4098326487181274]
[948.4818142308252, 283.0019411078161, 1.4098326487181274]
[947.3973551704528, 276.3229375261263, 1.4098326487181274]
[946.3128961100805, 269.6439339444364, 1.4098326487181274]
[945.2284370497082, 262.9649303627466, 1.4098326487181274]
[944.1439779893358, 256.2859267810568, 1.4098326487181274]
[943.0595189289635, 249.60692319936695, 1.4098326487181274]
[943.0595189289635, 249.60692319936695, 1.4098326487181274]
[939.0870826673768, 237.80544135872324, 1.0823759208496744]
[931.5299474086005, 227.9087282595184, 0.7549191929812212]
[920.6898993622647, 217.71011556794133, 0.7549191929812207]
[909.849851315929, 207.5115028763643, 0.7549191929812207]
[899.0098032695931, 197.31289018478728, 0.7549191929812207]
[888.1697552232574, 187.11427749321024, 0.7549191929812207]
[877.3297071769216, 176.91566480163323, 0.7549191929812207]
[866.4896591305858, 166.7170521100562, 0.7549191929812207]
[855.6496110842501, 156.51843941847915, 0.7549191929812207]
[844.8095630379142, 146.31982672690214, 0.7549191929812207]
[833.9695149915785, 136.12121403532512, 0.7549191929812207]
[823.1294669452427, 125.92260134374808, 0.7549191929812207]
[812.2894188989069, 115.72398865217106, 0.7549191929812207]
[801.4493708525712, 105.52537596059403, 0.7549191929812207]
[790.6093228062354, 95.326763269017, 0.7549191929812207]
[779.7692747598996, 85.12815057743998, 0.7549191929812207]
[768.9292267135638, 74.92953788586294, 0.7549191929812207]
[758.0891786672281, 64.73092519428592, 0.7549191929812207]
[747.2491306208923, 54.53231250270889, 0.7549191929812207]
[747.2491306208923, 54.532312502708905, 0.7549191929812212]
[719.477120280239, 44.18861303386822, -0.041851930338053345]
[704.1468020941365, 44.83059131273929, -0.04185193033805306]
[688.8164839080341, 45.47256959161035, -0.04185193033805306]
[673.4861657219317, 46.11454787048142, -0.04185193033805306]
[658.1558475358293, 46.75652614935248, -0.04185193033805306]
[642.8255293497269, 47.39850442822355, -0.04185193033805306]
[627.4952111636245, 48.04048270709462, -0.04185193033805306]
[612.1648929775221, 48.68246098596568, -0.04185193033805306]
[596.8345747914196, 49.324439264836755, -0.04185193033805306]
[581.5042566053173, 49.96641754370782, -0.04185193033805306]
[566.1739384192149, 50.608395822578885, -0.04185193033805306]
[550.8436202331125, 51.25037410144996, -0.04185193033805306]
[535.51330204701, 51.89235238032102, -0.04185193033805306]
[520.1829838609076, 52.534330659192086, -0.04185193033805306]
[504.8526656748052, 53.17630893806316, -0.04185193033805306]
[489.5223474887028, 53.81828721693422, -0.04185193033805306]
[474.19202930260036, 54.46026549580529, -0.04185193033805306]
[458.861711116498, 55.10224377467636, -0.04185193033805306]
[443.53139293039555, 55.744222053547425, -0.04185193033805306]
[441.2866828812391, 55.772197599048155, 0.01692746650528898]
[423.3582548724558, 55.46868574454308, 0.01692746650528846]
[405.42982686367253, 55.16517389003801, 0.01692746650528846]
[387.50139885488926, 54.86166203553294, 0.01692746650528846]
[369.572970846106, 54.55815018102786, 0.01692746650528846]
[351.6445428373227, 54.254638326522795, 0.01692746650528846]
[333.7161148285394, 53.95112647201772, 0.01692746650528846]
[315.7876868197561, 53.647614617512644, 0.01692746650528846]
[297.85925881097285, 53.34410276300758, 0.01692746650528846]
[279.9308308021896, 53.0405909085025, 0.01692746650528846]
[262.0024027934063, 52.73707905399743, 0.01692746650528846]
[244.07397478462303, 52.43356719949236, 0.01692746650528846]
[226.14554677583976, 52.130055344987284, 0.01692746650528846]
[208.21711876705646, 51.82654349048221, 0.01692746650528846]
[190.28869075827316, 51.523031635977134, 0.01692746650528846]
[172.3602627494899, 51.219519781472066, 0.01692746650528846]
[154.43183474070662, 50.91600792696699, 0.01692746650528846]
[136.50340673192335, 50.612496072461916, 0.01692746650528846]
[118.57497872314008, 50.30898421795685, 0.01692746650528846]
[100.64655071435679, 50.00547236345177, 0.01692746650528846]
Path number   : 2
Path length   : 1136.377016281059
Time required : 42.69265604019165 s
******* List of nodes ******* 
[1075.7805070686334, 468.89193735608967, -0.17699958114391956]
[1069.130804989307, 470.0813791412522, -0.17699958114391956]
[1062.481102909981, 471.2708209264148, -0.17699958114391956]
[1055.831400830655, 472.46026271157734, -0.17699958114391956]
[1049.1816987513287, 473.6497044967399, -0.17699958114391956]
[1042.5319966720026, 474.83914628190246, -0.17699958114391956]
[1035.8822945926765, 476.028588067065, -0.17699958114391956]
[1029.2325925133505, 477.2180298522276, -0.17699958114391956]
[1022.5828904340242, 478.4074716373901, -0.17699958114391956]
[1015.9331883546981, 479.59691342255263, -0.17699958114391956]
[1009.283486275372, 480.7863552077152, -0.17699958114391956]
[1002.6337841960458, 481.97579699287775, -0.17699958114391956]
[995.9840821167197, 483.1652387780403, -0.17699958114391956]
[989.3343800373935, 484.35468056320286, -0.17699958114391956]
[982.6846779580675, 485.5441223483654, -0.17699958114391956]
[976.0349758787413, 486.733564133528, -0.17699958114391956]
[976.0349758787413, 486.733564133528, -0.17699958114391978]
[966.6457599570597, 487.2373588697367, 0.06978890644196278]
[957.4179463041202, 485.4321885323959, 0.31657739402784557]
[950.3477929700451, 483.11604008907904, 0.3165773940278442]
[943.27763963597, 480.79989164576216, 0.3165773940278442]
[936.207486301895, 478.48374320244534, 0.3165773940278442]
[929.1373329678199, 476.16759475912846, 0.3165773940278442]
[922.0671796337448, 473.8514463158116, 0.3165773940278442]
[914.9970262996698, 471.5352978724947, 0.3165773940278442]
[907.9268729655946, 469.21914942917783, 0.3165773940278442]
[900.8567196315196, 466.90300098586096, 0.3165773940278442]
[893.7865662974446, 464.5868525425441, 0.3165773940278442]
[886.7164129633694, 462.27070409922726, 0.3165773940278442]
[879.6462596292944, 459.9545556559104, 0.3165773940278442]
[872.5761062952192, 457.6384072125935, 0.3165773940278442]
[865.5059529611442, 455.32225876927663, 0.3165773940278442]
[858.4357996270692, 453.00611032595975, 0.3165773940278442]
[851.365646292994, 450.68996188264293, 0.3165773940278442]
[844.295492958919, 448.37381343932606, 0.3165773940278442]
[837.2253396248439, 446.0576649960092, 0.3165773940278442]
[830.1551862907688, 443.7415165526923, 0.3165773940278442]
[828.9437736699041, 443.322025314603, 0.35014133891352595]
[822.9104702874818, 441.11873124755283, 0.35014133891352534]
[816.8771669050595, 438.91543718050264, 0.35014133891352534]
[810.8438635226372, 436.7121431134524, 0.35014133891352534]
[804.810560140215, 434.5088490464022, 0.35014133891352534]
[798.7772567577927, 432.305554979352, 0.35014133891352534]
[792.7439533753704, 430.10226091230174, 0.35014133891352534]
[786.7106499929481, 427.89896684525155, 0.35014133891352534]
[780.6773466105258, 425.69567277820136, 0.35014133891352534]
[774.6440432281036, 423.49237871115116, 0.35014133891352534]
[768.6107398456812, 421.28908464410097, 0.35014133891352534]
[762.577436463259, 419.0857905770507, 0.35014133891352534]
[756.5441330808367, 416.8824965100005, 0.35014133891352534]
[750.5108296984145, 414.6792024429503, 0.35014133891352534]
[744.4775263159921, 412.4759083759001, 0.35014133891352534]
[738.4442229335699, 410.2726143088499, 0.35014133891352534]
[732.4109195511476, 408.0693202417997, 0.35014133891352534]
[732.4109195511476, 408.0693202417997, 0.3501413389135257]
[721.0539891199376, 405.7915968849576, 0.04572275997765152]
[709.5365131168408, 407.02270980737285, -0.2586958189582229]
[705.8802496972224, 407.99025052806667, -0.25869581895822275]
[702.2239862776041, 408.9577912487605, -0.25869581895822275]
[698.5677228579858, 409.92533196945436, -0.25869581895822275]
[694.9114594383675, 410.89287269014824, -0.25869581895822275]
[691.2551960187492, 411.8604134108421, -0.25869581895822275]
[687.5989325991309, 412.82795413153593, -0.25869581895822275]
[683.9426691795126, 413.7954948522298, -0.25869581895822275]
[680.2864057598943, 414.7630355729237, -0.25869581895822275]
[676.6301423402759, 415.7305762936175, -0.25869581895822275]
[672.9738789206576, 416.6981170143114, -0.25869581895822275]
[669.3176155010393, 417.66565773500525, -0.25869581895822275]
[665.661352081421, 418.63319845569913, -0.25869581895822275]
[662.0050886618027, 419.60073917639295, -0.25869581895822275]
[658.3488252421844, 420.5682798970868, -0.25869581895822275]
[658.3488252421844, 420.5682798970868, -0.2586958189582227]
[654.0524669499803, 421.4448609394433, -0.14383705272292158]
[649.6839556606652, 421.8232760738335, -0.028978286487620686]
[645.3008597862649, 421.6985385308683, 0.08588047974768043]
[640.9609399350363, 421.0722921067503, 0.20073924598298154]
[631.4389880719093, 419.13476749740335, 0.20073924598298296]
[621.9170362087822, 417.1972428880564, 0.20073924598298296]
[612.3950843456552, 415.25971827870944, 0.20073924598298296]
[602.873132482528, 413.3221936693625, 0.20073924598298296]
[593.351180619401, 411.3846690600156, 0.20073924598298296]
[583.829228756274, 409.44714445066865, 0.20073924598298296]
[574.3072768931469, 407.5096198413217, 0.20073924598298296]
[564.7853250300199, 405.57209523197474, 0.20073924598298296]
[555.2633731668928, 403.6345706226278, 0.20073924598298296]
[545.7414213037657, 401.69704601328084, 0.20073924598298296]
[536.2194694406387, 399.7595214039339, 0.20073924598298296]
[526.6975175775117, 397.821996794587, 0.20073924598298296]
[517.1755657143846, 395.88447218524004, 0.20073924598298296]
[507.65361385125755, 393.9469475758931, 0.20073924598298296]
[498.1316619881305, 392.00942296654614, 0.20073924598298296]
[488.6097101250034, 390.0718983571992, 0.20073924598298296]
[488.6097101250034, 390.0718983571992, 0.20073924598298287]
[477.0662850115274, 385.68610717242666, 0.5254472255426359]
[467.5252818244513, 377.8467777463174, 0.8501552051022889]
[461.56175438580124, 371.05617407655313, 0.8501552051022894]
[455.5982269471511, 364.2655704067888, 0.8501552051022894]
[449.63469950850094, 357.47496673702454, 0.8501552051022894]
[443.67117206985085, 350.6843630672602, 0.8501552051022894]
[437.7076446312007, 343.89375939749596, 0.8501552051022894]
[431.74411719255056, 337.10315572773163, 0.8501552051022894]
[425.7805897539005, 330.31255205796737, 0.8501552051022894]
[419.8170623152503, 323.5219483882031, 0.8501552051022894]
[413.85353487660024, 316.7313447184388, 0.8501552051022894]
[407.8900074379501, 309.9407410486745, 0.8501552051022894]
[401.9264799993, 303.1501373789102, 0.8501552051022894]
[395.96295256064985, 296.3595337091459, 0.8501552051022894]
[389.9994251219997, 289.5689300393816, 0.8501552051022894]
[384.0358976833496, 282.77832636961733, 0.8501552051022894]
[378.07237024469947, 275.98772269985307, 0.8501552051022894]
[372.1088428060494, 269.19711903008874, 0.8501552051022894]
[366.14531536739923, 262.4065153603245, 0.8501552051022894]
[360.18178792874915, 255.61591169056018, 0.8501552051022894]
[354.218260490099, 248.8253080207959, 0.8501552051022894]
[341.4178576776098, 237.03895263848761, 0.7277530287217647]
[331.90964214278335, 228.56828191833034, 0.7277530287217647]
[322.401426607957, 220.09761119817313, 0.7277530287217647]
[312.8932110731305, 211.6269404780159, 0.7277530287217647]
[303.3849955383041, 203.1562697578587, 0.7277530287217647]
[293.8767800034777, 194.68559903770145, 0.7277530287217647]
[284.36856446865124, 186.2149283175442, 0.7277530287217647]
[274.86034893382487, 177.744257597387, 0.7277530287217647]
[265.35213339899843, 169.27358687722977, 0.7277530287217647]
[255.843917864172, 160.80291615707256, 0.7277530287217647]
[246.33570232934557, 152.33224543691531, 0.7277530287217647]
[236.82748679451916, 143.86157471675807, 0.7277530287217647]
[227.31927125969275, 135.39090399660085, 0.7277530287217647]
[217.81105572486632, 126.92023327644364, 0.7277530287217647]
[208.3028401900399, 118.4495625562864, 0.7277530287217647]
[198.79462465521348, 109.97889183612918, 0.7277530287217647]
[189.28640912038705, 101.50822111597195, 0.7277530287217647]
[179.77819358556064, 93.03755039581472, 0.7277530287217647]
[170.2699780507342, 84.56687967565749, 0.7277530287217647]
[160.18870478580368, 77.90907232369419, 0.5065429061359712]
[156.98431511431335, 76.13118496592897, 0.5065429061359712]
[153.77992544282301, 74.35329760816374, 0.5065429061359712]
[150.57553577133268, 72.5754102503985, 0.5065429061359712]
[147.37114609984235, 70.79752289263328, 0.5065429061359712]
[144.16675642835202, 69.01963553486806, 0.5065429061359712]
[140.96236675686168, 67.24174817710283, 0.5065429061359712]
[137.75797708537135, 65.46386081933761, 0.5065429061359712]
[134.55358741388102, 63.68597346157239, 0.5065429061359712]
[131.3491977423907, 61.908086103807165, 0.5065429061359712]
[128.14480807090035, 60.13019874604194, 0.5065429061359712]
[124.94041839941, 58.35231138827671, 0.5065429061359712]
[121.73602872791967, 56.57442403051149, 0.5065429061359712]
[118.53163905642934, 54.796536672746264, 0.5065429061359712]
[118.53163905642934, 54.79653667274626, 0.5065429061359712]
[114.16482566714973, 52.72349527009396, 0.3799071796019784]
[109.57115993715988, 51.21857168564882, 0.2532714530679856]
[104.82421028500416, 50.3058675529744, 0.1266357265339928]
[100.0, 50.00000000000001, 0.0]
Path number   : 3
Path length   : 1120.4024504579425
Time required : 56.74714374542236 s
******* List of nodes ******* 
[1060.7700819098027, 472.357384357231, -0.16807762595830875]
[1054.6935934501737, 473.38843352318605, -0.16807762595830875]
[1048.6171049905445, 474.41948268914103, -0.16807762595830875]
[1042.5406165309153, 475.4505318550961, -0.16807762595830875]
[1036.464128071286, 476.4815810210511, -0.16807762595830875]
[1030.387639611657, 477.51263018700615, -0.16807762595830875]
[1024.3111511520278, 478.5436793529612, -0.16807762595830875]
[1018.2346626923986, 479.5747285189162, -0.16807762595830875]
[1012.1581742327695, 480.6057776848712, -0.16807762595830875]
[1006.0816857731403, 481.63682685082625, -0.16807762595830875]
[1000.0051973135112, 482.6678760167813, -0.16807762595830875]
[993.928708853882, 483.69892518273633, -0.16807762595830875]
[987.8522203942529, 484.7299743486913, -0.16807762595830875]
[981.7757319346236, 485.76102351464635, -0.16807762595830875]
[975.6992434749945, 486.7920726806014, -0.16807762595830875]
[975.6992434749945, 486.7920726806014, -0.16807762595830966]
[969.5586076967078, 487.3295272875089, -0.006525952629591325]
[963.4114803390505, 486.8722631791393, 0.15502572069912723]
[957.4179463041202, 485.4321885323959, 0.31657739402784557]
[950.3477929700451, 483.11604008907904, 0.3165773940278442]
[943.27763963597, 480.79989164576216, 0.3165773940278442]
[936.207486301895, 478.48374320244534, 0.3165773940278442]
[929.1373329678199, 476.16759475912846, 0.3165773940278442]
[922.0671796337448, 473.8514463158116, 0.3165773940278442]
[914.9970262996698, 471.5352978724947, 0.3165773940278442]
[907.9268729655946, 469.21914942917783, 0.3165773940278442]
[900.8567196315196, 466.90300098586096, 0.3165773940278442]
[893.7865662974446, 464.5868525425441, 0.3165773940278442]
[886.7164129633694, 462.27070409922726, 0.3165773940278442]
[879.6462596292944, 459.9545556559104, 0.3165773940278442]
[872.5761062952192, 457.6384072125935, 0.3165773940278442]
[865.5059529611442, 455.32225876927663, 0.3165773940278442]
[858.4357996270692, 453.00611032595975, 0.3165773940278442]
[851.365646292994, 450.68996188264293, 0.3165773940278442]
[844.295492958919, 448.37381343932606, 0.3165773940278442]
[837.2253396248439, 446.0576649960092, 0.3165773940278442]
[830.1551862907688, 443.7415165526923, 0.3165773940278442]
[828.9437736699041, 443.322025314603, 0.35014133891352595]
[822.9104702874818, 441.11873124755283, 0.35014133891352534]
[816.8771669050595, 438.91543718050264, 0.35014133891352534]
[810.8438635226372, 436.7121431134524, 0.35014133891352534]
[804.810560140215, 434.5088490464022, 0.35014133891352534]
[798.7772567577927, 432.305554979352, 0.35014133891352534]
[792.7439533753704, 430.10226091230174, 0.35014133891352534]
[786.7106499929481, 427.89896684525155, 0.35014133891352534]
[780.6773466105258, 425.69567277820136, 0.35014133891352534]
[774.6440432281036, 423.49237871115116, 0.35014133891352534]
[768.6107398456812, 421.28908464410097, 0.35014133891352534]
[762.577436463259, 419.0857905770507, 0.35014133891352534]
[756.5441330808367, 416.8824965100005, 0.35014133891352534]
[750.5108296984145, 414.6792024429503, 0.35014133891352534]
[744.4775263159921, 412.4759083759001, 0.35014133891352534]
[738.4442229335699, 410.2726143088499, 0.35014133891352534]
[732.4109195511476, 408.0693202417997, 0.35014133891352534]
[732.4109195511476, 408.0693202417997, 0.3501413389135257]
[721.0539891199376, 405.7915968849576, 0.04572275997765152]
[709.5365131168408, 407.02270980737285, -0.2586958189582229]
[705.8802496972224, 407.99025052806667, -0.25869581895822275]
[702.2239862776041, 408.9577912487605, -0.25869581895822275]
[698.5677228579858, 409.92533196945436, -0.25869581895822275]
[694.9114594383675, 410.89287269014824, -0.25869581895822275]
[691.2551960187492, 411.8604134108421, -0.25869581895822275]
[687.5989325991309, 412.82795413153593, -0.25869581895822275]
[683.9426691795126, 413.7954948522298, -0.25869581895822275]
[680.2864057598943, 414.7630355729237, -0.25869581895822275]
[676.6301423402759, 415.7305762936175, -0.25869581895822275]
[672.9738789206576, 416.6981170143114, -0.25869581895822275]
[669.3176155010393, 417.66565773500525, -0.25869581895822275]
[665.661352081421, 418.63319845569913, -0.25869581895822275]
[662.0050886618027, 419.60073917639295, -0.25869581895822275]
[658.3488252421844, 420.5682798970868, -0.25869581895822275]
[658.3488252421844, 420.5682798970868, -0.2586958189582227]
[654.0524669499803, 421.4448609394433, -0.14383705272292158]
[649.6839556606652, 421.8232760738335, -0.028978286487620686]
[645.3008597862649, 421.6985385308683, 0.08588047974768043]
[640.9609399350363, 421.0722921067503, 0.20073924598298154]
[631.4389880719093, 419.13476749740335, 0.20073924598298296]
[621.9170362087822, 417.1972428880564, 0.20073924598298296]
[612.3950843456552, 415.25971827870944, 0.20073924598298296]
[602.873132482528, 413.3221936693625, 0.20073924598298296]
[593.351180619401, 411.3846690600156, 0.20073924598298296]
[583.829228756274, 409.44714445066865, 0.20073924598298296]
[574.3072768931469, 407.5096198413217, 0.20073924598298296]
[564.7853250300199, 405.57209523197474, 0.20073924598298296]
[555.2633731668928, 403.6345706226278, 0.20073924598298296]
[545.7414213037657, 401.69704601328084, 0.20073924598298296]
[536.2194694406387, 399.7595214039339, 0.20073924598298296]
[526.6975175775117, 397.821996794587, 0.20073924598298296]
[517.1755657143846, 395.88447218524004, 0.20073924598298296]
[507.65361385125755, 393.9469475758931, 0.20073924598298296]
[498.1316619881305, 392.00942296654614, 0.20073924598298296]
[488.6097101250034, 390.0718983571992, 0.20073924598298296]
[488.6097101250034, 390.0718983571992, 0.20073924598298287]
[477.0662850115274, 385.68610717242666, 0.5254472255426359]
[467.5252818244513, 377.8467777463174, 0.8501552051022889]
[461.56175438580124, 371.05617407655313, 0.8501552051022894]
[455.5982269471511, 364.2655704067888, 0.8501552051022894]
[449.63469950850094, 357.47496673702454, 0.8501552051022894]
[443.67117206985085, 350.6843630672602, 0.8501552051022894]
[437.7076446312007, 343.89375939749596, 0.8501552051022894]
[431.74411719255056, 337.10315572773163, 0.8501552051022894]
[425.7805897539005, 330.31255205796737, 0.8501552051022894]
[419.8170623152503, 323.5219483882031, 0.8501552051022894]
[413.85353487660024, 316.7313447184388, 0.8501552051022894]
[407.8900074379501, 309.9407410486745, 0.8501552051022894]
[401.9264799993, 303.1501373789102, 0.8501552051022894]
[395.96295256064985, 296.3595337091459, 0.8501552051022894]
[389.9994251219997, 289.5689300393816, 0.8501552051022894]
[384.0358976833496, 282.77832636961733, 0.8501552051022894]
[378.07237024469947, 275.98772269985307, 0.8501552051022894]
[372.1088428060494, 269.19711903008874, 0.8501552051022894]
[366.14531536739923, 262.4065153603245, 0.8501552051022894]
[360.18178792874915, 255.61591169056018, 0.8501552051022894]
[354.218260490099, 248.8253080207959, 0.8501552051022894]
[341.4178576776098, 237.03895263848761, 0.7277530287217647]
[331.90964214278335, 228.56828191833034, 0.7277530287217647]
[322.401426607957, 220.09761119817313, 0.7277530287217647]
[312.8932110731305, 211.6269404780159, 0.7277530287217647]
[303.3849955383041, 203.1562697578587, 0.7277530287217647]
[293.8767800034777, 194.68559903770145, 0.7277530287217647]
[284.36856446865124, 186.2149283175442, 0.7277530287217647]
[274.86034893382487, 177.744257597387, 0.7277530287217647]
[265.35213339899843, 169.27358687722977, 0.7277530287217647]
[255.843917864172, 160.80291615707256, 0.7277530287217647]
[246.33570232934557, 152.33224543691531, 0.7277530287217647]
[236.82748679451916, 143.86157471675807, 0.7277530287217647]
[227.31927125969275, 135.39090399660085, 0.7277530287217647]
[217.81105572486632, 126.92023327644364, 0.7277530287217647]
[208.3028401900399, 118.4495625562864, 0.7277530287217647]
[198.79462465521348, 109.97889183612918, 0.7277530287217647]
[189.28640912038705, 101.50822111597195, 0.7277530287217647]
[179.77819358556064, 93.03755039581472, 0.7277530287217647]
[170.2699780507342, 84.56687967565749, 0.7277530287217647]
[160.18870478580368, 77.90907232369419, 0.5065429061359712]
[156.98431511431335, 76.13118496592897, 0.5065429061359712]
[153.77992544282301, 74.35329760816374, 0.5065429061359712]
[150.57553577133268, 72.5754102503985, 0.5065429061359712]
[147.37114609984235, 70.79752289263328, 0.5065429061359712]
[144.16675642835202, 69.01963553486806, 0.5065429061359712]
[140.96236675686168, 67.24174817710283, 0.5065429061359712]
[137.75797708537135, 65.46386081933761, 0.5065429061359712]
[134.55358741388102, 63.68597346157239, 0.5065429061359712]
[131.3491977423907, 61.908086103807165, 0.5065429061359712]
[128.14480807090035, 60.13019874604194, 0.5065429061359712]
[124.94041839941, 58.35231138827671, 0.5065429061359712]
[121.73602872791967, 56.57442403051149, 0.5065429061359712]
[118.53163905642934, 54.796536672746264, 0.5065429061359712]
[118.53163905642934, 54.79653667274626, 0.5065429061359712]
[114.16482566714973, 52.72349527009396, 0.3799071796019784]
[109.57115993715988, 51.21857168564882, 0.2532714530679856]
[104.82421028500416, 50.3058675529744, 0.1266357265339928]
[100.0, 50.00000000000001, 0.0]
Path number   : 4
Path length   : 1118.7685202617308
Time required : 79.10937094688416 s
******* List of nodes ******* 
[1081.3365812391748, 494.07198047849175, 0.45658128137535703]
[1078.7635897518853, 492.8081320959949, 0.45658128137535703]
[1076.190598264596, 491.5442837134981, 0.45658128137535703]
[1073.6176067773067, 490.28043533100123, 0.45658128137535703]
[1071.0446152900172, 489.0165869485044, 0.45658128137535703]
[1068.471623802728, 487.75273856600757, 0.45658128137535703]
[1065.8986323154384, 486.48889018351076, 0.45658128137535703]
[1063.325640828149, 485.22504180101396, 0.45658128137535703]
[1060.7526493408598, 483.9611934185171, 0.45658128137535703]
[1058.1796578535702, 482.6973450360203, 0.45658128137535703]
[1055.606666366281, 481.43349665352343, 0.45658128137535703]
[1053.0336748789914, 480.16964827102663, 0.45658128137535703]
[1050.460683391702, 478.90579988852977, 0.45658128137535703]
[1047.8876919044128, 477.64195150603297, 0.45658128137535703]
[1045.3147004171233, 476.3781031235361, 0.45658128137535703]
[1042.741708929834, 475.1142547410393, 0.45658128137535703]
[1042.741708929834, 475.1142547410393, 0.4565812813753576]
[1038.746046016309, 473.42599627293185, 0.3429597619606597]
[1034.5847370458623, 472.20164075833014, 0.2293382425459618]
[1028.7601333894308, 470.84191363376436, 0.22933824254595983]
[1022.9355297329995, 469.48218650919864, 0.22933824254595983]
[1017.1109260765681, 468.1224593846329, 0.22933824254595983]
[1011.2863224201367, 466.7627322600672, 0.22933824254595983]
[1005.4617187637053, 465.40300513550153, 0.22933824254595983]
[999.637115107274, 464.0432780109358, 0.22933824254595983]
[993.8125114508425, 462.6835508863701, 0.22933824254595983]
[987.9879077944112, 461.32382376180436, 0.22933824254595983]
[982.1633041379797, 459.96409663723864, 0.22933824254595983]
[976.3387004815484, 458.6043695126729, 0.22933824254595983]
[970.5140968251169, 457.2446423881072, 0.22933824254595983]
[964.6894931686855, 455.8849152635415, 0.22933824254595983]
[958.8648895122542, 454.52518813897575, 0.22933824254595983]
[953.0402858558227, 453.16546101441, 0.22933824254595983]
[947.2156821993914, 451.80573388984436, 0.22933824254595983]
[941.3910785429599, 450.44600676527864, 0.22933824254595983]
[935.5664748865286, 449.0862796407129, 0.22933824254595983]
[929.7418712300971, 447.7265525161472, 0.22933824254595983]
[923.9172675736658, 446.3668253915815, 0.22933824254595983]
[920.4635065858643, 445.64059008730044, 0.2036965503464847]
[917.9662914572052, 445.1247618701913, 0.2036965503464847]
[915.4690763285461, 444.60893365308226, 0.2036965503464847]
[912.971861199887, 444.0931054359732, 0.2036965503464847]
[910.4746460712279, 443.5772772188641, 0.2036965503464847]
[907.9774309425687, 443.061449001755, 0.2036965503464847]
[905.4802158139097, 442.54562078464596, 0.2036965503464847]
[902.9830006852505, 442.02979256753684, 0.2036965503464847]
[900.4857855565915, 441.5139643504278, 0.2036965503464847]
[897.9885704279324, 440.9981361333187, 0.2036965503464847]
[895.4913552992732, 440.4823079162096, 0.2036965503464847]
[892.9941401706142, 439.96647969910055, 0.2036965503464847]
[890.496925041955, 439.4506514819915, 0.2036965503464847]
[887.999709913296, 438.93482326488237, 0.2036965503464847]
[885.5024947846368, 438.4189950477733, 0.2036965503464847]
[885.5024947846368, 438.4189950477733, 0.20369655034648604]
[882.736371412787, 437.7391718943773, 0.2782857678259769]
[880.0285996799959, 436.8551072636606, 0.352874985305468]
[877.3942374301815, 435.77171741464963, 0.4274642027849589]
[871.2138779340773, 432.9562211335144, 0.42746420278496]
[865.033518437973, 430.1407248523792, 0.42746420278496]
[858.8531589418687, 427.32522857124405, 0.42746420278496]
[852.6727994457646, 424.5097322901089, 0.42746420278496]
[846.4924399496604, 421.69423600897375, 0.42746420278496]
[840.3120804535561, 418.8787397278386, 0.42746420278496]
[834.1317209574518, 416.0632434467034, 0.42746420278496]
[827.9513614613476, 413.2477471655682, 0.42746420278496]
[821.7710019652434, 410.4322508844331, 0.42746420278496]
[815.5906424691391, 407.6167546032979, 0.42746420278496]
[809.4102829730348, 404.80125832216277, 0.42746420278496]
[803.2299234769306, 401.98576204102756, 0.42746420278496]
[797.0495639808264, 399.1702657598924, 0.42746420278496]
[790.8692044847221, 396.35476947875725, 0.42746420278496]
[790.8692044847221, 396.35476947875725, 0.42746420278496156]
[784.8533523864714, 392.9243734225451, 0.6090141738735984]
[779.5557434087071, 388.4641679688453, 0.7905641449622358]
[775.1505097419779, 383.1207598886012, 0.9721141160508728]
[771.7824512368363, 377.069786786988, 1.1536640871395099]
[768.8734775272608, 370.50528877208194, 1.1536640871395094]
[765.9645038176853, 363.9407907571758, 1.1536640871395094]
[763.0555301081098, 357.3762927422697, 1.1536640871395094]
[760.1465563985342, 350.8117947273636, 1.1536640871395094]
[757.2375826889587, 344.2472967124575, 1.1536640871395094]
[754.3286089793833, 337.6827986975514, 1.1536640871395094]
[751.4196352698077, 331.11830068264527, 1.1536640871395094]
[748.5106615602322, 324.5538026677392, 1.1536640871395094]
[745.6016878506566, 317.9893046528331, 1.1536640871395094]
[742.6927141410812, 311.42480663792696, 1.1536640871395094]
[739.7837404315056, 304.8603086230209, 1.1536640871395094]
[736.8747667219301, 298.2958106081148, 1.1536640871395094]
[733.9657930123545, 291.73131259320866, 1.1536640871395094]
[731.0568193027791, 285.1668145783026, 1.1536640871395094]
[728.1478455932036, 278.60231656339647, 1.1536640871395094]
[728.1478455932036, 278.60231656339647, 1.1536640871395096]
[722.9813887585057, 270.12684349842306, 0.8930646448424977]
[715.8055850238477, 263.26872709072376, 0.6324652025454858]
[707.1050063756172, 258.49108634597945, 0.37186576024847384]
[701.9642551290351, 256.48613599034724, 0.3718657602484732]
[696.8235038824529, 254.48118563471502, 0.3718657602484732]
[691.6827526358708, 252.4762352790828, 0.3718657602484732]
[686.5420013892885, 250.47128492345058, 0.3718657602484732]
[681.4012501427064, 248.46633456781836, 0.3718657602484732]
[676.2604988961243, 246.46138421218615, 0.3718657602484732]
[671.1197476495421, 244.45643385655393, 0.3718657602484732]
[665.97899640296, 242.4514835009217, 0.3718657602484732]
[660.8382451563778, 240.4465331452895, 0.3718657602484732]
[655.6974939097956, 238.44158278965728, 0.3718657602484732]
[650.5567426632134, 236.43663243402506, 0.3718657602484732]
[645.4159914166313, 234.43168207839284, 0.3718657602484732]
[640.2752401700492, 232.42673172276062, 0.3718657602484732]
[635.134488923467, 230.4217813671284, 0.3718657602484732]
[629.9937376768848, 228.41683101149619, 0.3718657602484732]
[624.8529864303026, 226.41188065586397, 0.3718657602484732]
[619.7122351837205, 224.40693030023175, 0.3718657602484732]
[614.5714839371383, 222.40197994459953, 0.3718657602484732]
[609.4307326905562, 220.3970295889673, 0.3718657602484732]
[603.0789469450542, 218.3554803529922, 0.2933421867575255]
[599.5614324870176, 217.29299315085777, 0.2933421867575255]
[596.043918028981, 216.23050594872336, 0.2933421867575255]
[592.5264035709445, 215.16801874658893, 0.2933421867575255]
[589.0088891129078, 214.10553154445452, 0.2933421867575255]
[585.4913746548713, 213.0430443423201, 0.2933421867575255]
[581.9738601968347, 211.98055714018568, 0.2933421867575255]
[578.4563457387981, 210.91806993805125, 0.2933421867575255]
[574.9388312807615, 209.85558273591684, 0.2933421867575255]
[571.421316822725, 208.79309553378243, 0.2933421867575255]
[567.9038023646883, 207.730608331648, 0.2933421867575255]
[564.3862879066518, 206.6681211295136, 0.2933421867575255]
[560.8687734486152, 205.60563392737916, 0.2933421867575255]
[557.3512589905786, 204.54314672524475, 0.2933421867575255]
[553.833744532542, 203.48065952311032, 0.2933421867575255]
[550.3162300745055, 202.4181723209759, 0.2933421867575255]
[546.7987156164688, 201.35568511884148, 0.2933421867575255]
[543.2812011584323, 200.29319791670707, 0.2933421867575255]
[543.0012740457798, 200.20747220482627, 0.30100662957138113]
[533.0700070156222, 197.12441417282895, 0.30100662957138136]
[523.1387399854646, 194.04135614083162, 0.30100662957138136]
[513.2074729553069, 190.95829810883433, 0.30100662957138136]
[503.2762059251492, 187.875240076837, 0.30100662957138136]
[493.3449388949915, 184.79218204483968, 0.30100662957138136]
[483.4136718648339, 181.70912401284238, 0.30100662957138136]
[473.48240483467623, 178.62606598084506, 0.30100662957138136]
[463.5511378045186, 175.54300794884773, 0.30100662957138136]
[453.61987077436095, 172.4599499168504, 0.30100662957138136]
[443.68860374420325, 169.37689188485308, 0.30100662957138136]
[433.7573367140456, 166.29383385285576, 0.30100662957138136]
[423.82606968388797, 163.21077582085846, 0.30100662957138136]
[413.89480265373027, 160.12771778886113, 0.30100662957138136]
[403.9635356235726, 157.0446597568638, 0.30100662957138136]
[394.032268593415, 153.96160172486648, 0.30100662957138136]
[384.10100156325734, 150.8785436928692, 0.30100662957138136]
[374.16973453309964, 147.79548566087186, 0.30100662957138136]
[364.238467502942, 144.71242762887454, 0.30100662957138136]
[362.36760277079287, 144.07814947411552, 0.35272982620136695]
[349.2532885457623, 139.2504405525292, 0.3527298262013664]
[336.13897432073173, 134.42273163094285, 0.3527298262013664]
[323.02466009570117, 129.5950227093565, 0.3527298262013664]
[309.9103458706706, 124.76731378777015, 0.3527298262013664]
[296.79603164564, 119.93960486618381, 0.3527298262013664]
[283.6817174206095, 115.11189594459748, 0.3527298262013664]
[270.56740319557895, 110.28418702301113, 0.3527298262013664]
[257.4530889705484, 105.45647810142478, 0.3527298262013664]
[244.3387747455178, 100.62876917983844, 0.3527298262013664]
[231.22446052048724, 95.80106025825211, 0.3527298262013664]
[218.11014629545667, 90.97335133666576, 0.3527298262013664]
[204.9958320704261, 86.14564241507941, 0.3527298262013664]
[191.88151784539554, 81.31793349349307, 0.3527298262013664]
[178.76720362036497, 76.49022457190674, 0.3527298262013664]
[165.65288939533443, 71.66251565032039, 0.3527298262013664]
[152.53857517030386, 66.83480672873404, 0.3527298262013664]
[139.4242609452733, 62.0070978071477, 0.3527298262013664]
[126.30994672024273, 57.17938888556136, 0.3527298262013664]
[113.19563249521217, 52.351679963975016, 0.3527298262013664]
