----------------------------
RRT search Summary          
----------------------------
Map Name               : 2
Total paths found      : 2
Total number of nodes  : 1111
Total elapsed time     : 93.25972199440002 s
----------------------------



Path number   : 0
Path length   : 1137.530641789258
Time required : 8.97031307220459 s
******* List of nodes ******* 
[1128.6632684698059, 464.47194774279006, 0.5753005883137254]
[1122.7469153640766, 460.6353560329936, 0.5753005883137254]
[1116.830562258347, 456.79876432319725, 0.5753005883137254]
[1110.9142091526176, 452.9621726134008, 0.5753005883137254]
[1104.997856046888, 449.1255809036044, 0.5753005883137254]
[1099.0815029411588, 445.28898919380794, 0.5753005883137254]
[1093.1651498354292, 441.4523974840115, 0.5753005883137254]
[1087.2487967296997, 437.6158057742151, 0.5753005883137254]
[1081.3324436239702, 433.7792140644187, 0.5753005883137254]
[1075.416090518241, 429.94262235462224, 0.5753005883137254]
[1069.4997374125114, 426.1060306448258, 0.5753005883137254]
[1063.583384306782, 422.26943893502937, 0.5753005883137254]
[1057.6670312010524, 418.432847225233, 0.5753005883137254]
[1051.750678095323, 414.59625551543655, 0.5753005883137254]
[1045.8343249895936, 410.7596638056401, 0.5753005883137254]
[1039.917971883864, 406.9230720958437, 0.5753005883137254]
[1034.0016187781346, 403.0864803860473, 0.5753005883137254]
[1028.0852656724053, 399.24988867625086, 0.5753005883137254]
[1022.1689125666758, 395.4132969664544, 0.5753005883137254]
[1011.1708139164324, 390.0249469963043, 0.4161249461791134]
[1005.5152749653771, 387.52557935282687, 0.4161249461791134]
[999.8597360143219, 385.02621170934935, 0.4161249461791134]
[994.2041970632666, 382.5268440658719, 0.4161249461791134]
[988.5486581122113, 380.02747642239444, 0.4161249461791134]
[982.8931191611562, 377.528108778917, 0.4161249461791134]
[977.2375802101009, 375.0287411354395, 0.4161249461791134]
[971.5820412590456, 372.529373491962, 0.4161249461791134]
[965.9265023079904, 370.03000584848456, 0.4161249461791134]
[960.2709633569351, 367.5306382050071, 0.4161249461791134]
[954.6154244058798, 365.0312705615296, 0.4161249461791134]
[948.9598854548246, 362.53190291805214, 0.4161249461791134]
[943.3043465037694, 360.0325352745747, 0.4161249461791134]
[937.6488075527141, 357.53316763109723, 0.4161249461791134]
[931.9932686016588, 355.0337999876197, 0.4161249461791134]
[926.3377296506036, 352.53443234414226, 0.4161249461791134]
[920.6821906995483, 350.0350647006648, 0.4161249461791134]
[920.6821906995483, 350.0350647006648, 0.4161249461791132]
[914.5606561747207, 346.62727246637587, 0.5998037988805835]
[907.4387974515328, 341.7569978159247, 0.5998037988805843]
[900.3169387283447, 336.8867231654736, 0.5998037988805843]
[893.1950800051566, 332.0164485150225, 0.5998037988805843]
[886.0732212819685, 327.1461738645713, 0.5998037988805843]
[878.9513625587805, 322.27589921412016, 0.5998037988805843]
[871.8295038355924, 317.40562456366905, 0.5998037988805843]
[864.7076451124044, 312.53534991321794, 0.5998037988805843]
[857.5857863892163, 307.6650752627668, 0.5998037988805843]
[850.4639276660282, 302.7948006123156, 0.5998037988805843]
[843.3420689428402, 297.9245259618645, 0.5998037988805843]
[836.2202102196521, 293.0542513114134, 0.5998037988805843]
[829.098351496464, 288.18397666096223, 0.5998037988805843]
[821.976492773276, 283.31370201051107, 0.5998037988805843]
[814.854634050088, 278.44342736005996, 0.5998037988805843]
[807.7327753269, 273.57315270960885, 0.5998037988805843]
[800.6109166037119, 268.7028780591577, 0.5998037988805843]
[793.4890578805238, 263.8326034087065, 0.5998037988805843]
[786.3671991573358, 258.9623287582554, 0.5998037988805843]
[779.2453404341477, 254.09205410780427, 0.5998037988805843]
[761.805918623917, 244.24841974383193, 0.5053685663906973]
[747.4356622566864, 236.29744516541612, 0.5053685663906973]
[733.0654058894559, 228.34647058700034, 0.5053685663906973]
[718.6951495222254, 220.39549600858453, 0.5053685663906973]
[704.3248931549947, 212.44452143016872, 0.5053685663906973]
[689.9546367877642, 204.4935468517529, 0.5053685663906973]
[675.5843804205336, 196.54257227333713, 0.5053685663906973]
[661.2141240533031, 188.59159769492132, 0.5053685663906973]
[646.8438676860725, 180.64062311650554, 0.5053685663906973]
[632.4736113188419, 172.68964853808973, 0.5053685663906973]
[618.1033549516113, 164.73867395967392, 0.5053685663906973]
[603.7330985843807, 156.78769938125814, 0.5053685663906973]
[589.3628422171503, 148.83672480284233, 0.5053685663906973]
[574.9925858499197, 140.88575022442654, 0.5053685663906973]
[560.6223294826891, 132.93477564601073, 0.5053685663906973]
[546.2520731154585, 124.98380106759492, 0.5053685663906973]
[531.881816748228, 117.03282648917913, 0.5053685663906973]
[517.5115603809974, 109.08185191076333, 0.5053685663906973]
[501.62633462293104, 104.39613589523104, 0.06830883972842705]
[497.9178905882689, 104.1424216447318, 0.06830883972842772]
[494.2094465536068, 103.88870739423257, 0.06830883972842772]
[490.5010025189447, 103.63499314373334, 0.06830883972842772]
[486.79255848428255, 103.38127889323411, 0.06830883972842772]
[483.0841144496205, 103.1275646427349, 0.06830883972842772]
[479.37567041495834, 102.87385039223567, 0.06830883972842772]
[475.6672263802962, 102.62013614173644, 0.06830883972842772]
[471.9587823456341, 102.36642189123721, 0.06830883972842772]
[468.250338310972, 102.11270764073798, 0.06830883972842772]
[464.54189427630985, 101.85899339023875, 0.06830883972842772]
[460.83345024164777, 101.60527913973952, 0.06830883972842772]
[457.12500620698563, 101.3515648892403, 0.06830883972842772]
[453.4165621723235, 101.09785063874106, 0.06830883972842772]
[449.7081181376614, 100.84413638824185, 0.06830883972842772]
[445.9996741029993, 100.59042213774262, 0.06830883972842772]
[442.29123006833714, 100.33670788724339, 0.06830883972842772]
[438.58278603367506, 100.08299363674416, 0.06830883972842772]
[434.8743419990129, 99.82927938624493, 0.06830883972842772]
[431.798251684655, 99.49319461827888, 0.14934209790264918]
[414.63430512930813, 96.9106667973627, 0.1493420979026497]
[397.4703585739612, 94.32813897644651, 0.1493420979026497]
[380.3064120186143, 91.74561115553033, 0.1493420979026497]
[363.1424654632674, 89.16308333461414, 0.1493420979026497]
[345.9785189079205, 86.58055551369796, 0.1493420979026497]
[328.8145723525736, 83.99802769278178, 0.1493420979026497]
[311.65062579722667, 81.41549987186559, 0.1493420979026497]
[294.48667924187976, 78.83297205094941, 0.1493420979026497]
[277.32273268653285, 76.25044423003322, 0.1493420979026497]
[260.158786131186, 73.66791640911704, 0.1493420979026497]
[242.99483957583908, 71.08538858820086, 0.1493420979026497]
[225.83089302049217, 68.50286076728467, 0.1493420979026497]
[208.6669464651453, 65.92033294636849, 0.1493420979026497]
[191.50299990979838, 63.3378051254523, 0.1493420979026497]
[174.3390533544515, 60.755277304536115, 0.1493420979026497]
[157.17510679910458, 58.17274948361993, 0.1493420979026497]
[140.01116024375767, 55.59022166270375, 0.1493420979026497]
[122.84721368841078, 53.007693841787564, 0.1493420979026497]
[105.68326713306388, 50.42516602087138, 0.1493420979026497]
Path number   : 1
Path length   : 1091.1935502327199
Time required : 16.146428108215332 s
******* List of nodes ******* 
[1074.2252583351608, 460.87791210563836, 0.6748511117774855]
[1067.2407735473446, 455.28906222092786, 0.6748511117774855]
[1060.2562887595286, 449.7002123362173, 0.6748511117774855]
[1053.2718039717126, 444.1113624515068, 0.6748511117774855]
[1046.2873191838964, 438.5225125667963, 0.6748511117774855]
[1039.3028343960805, 432.9336626820858, 0.6748511117774855]
[1032.3183496082645, 427.3448127973753, 0.6748511117774855]
[1025.3338648204483, 421.7559629126648, 0.6748511117774855]
[1018.3493800326323, 416.1671130279543, 0.6748511117774855]
[1011.3648952448162, 410.57826314324376, 0.6748511117774855]
[1004.3804104570002, 404.98941325853326, 0.6748511117774855]
[997.3959256691842, 399.40056337382276, 0.6748511117774855]
[990.4114408813681, 393.81171348911226, 0.6748511117774855]
[983.426956093552, 388.22286360440177, 0.6748511117774855]
[976.442471305736, 382.63401371969127, 0.6748511117774855]
[969.45798651792, 377.0451638349807, 0.6748511117774855]
[962.4735017301039, 371.4563139502702, 0.6748511117774855]
[955.4890169422879, 365.8674640655597, 0.6748511117774855]
[948.5045321544718, 360.2786141808492, 0.6748511117774855]
[936.1156220491821, 352.22448233003695, 0.5591752633500042]
[927.3284704323307, 346.7254721613053, 0.5591752633500042]
[918.5413188154794, 341.2264619925736, 0.5591752633500042]
[909.754167198628, 335.727451823842, 0.5591752633500042]
[900.9670155817766, 330.2284416551103, 0.5591752633500042]
[892.1798639649253, 324.72943148637864, 0.5591752633500042]
[883.3927123480739, 319.23042131764703, 0.5591752633500042]
[874.6055607312226, 313.73141114891536, 0.5591752633500042]
[865.8184091143712, 308.23240098018374, 0.5591752633500042]
[857.03125749752, 302.73339081145207, 0.5591752633500042]
[848.2441058806686, 297.23438064272045, 0.5591752633500042]
[839.4569542638172, 291.7353704739888, 0.5591752633500042]
[830.6698026469659, 286.2363603052571, 0.5591752633500042]
[821.8826510301145, 280.7373501365255, 0.5591752633500042]
[813.0954994132632, 275.2383399677938, 0.5591752633500042]
[804.3083477964118, 269.7393297990622, 0.5591752633500042]
[795.5211961795604, 264.24031963033053, 0.5591752633500042]
[786.7340445627091, 258.7413094615989, 0.5591752633500042]
[777.9468929458577, 253.24229929286724, 0.5591752633500042]
[761.805918623917, 244.24841974383193, 0.5053685663906973]
[747.4356622566864, 236.29744516541612, 0.5053685663906973]
[733.0654058894559, 228.34647058700034, 0.5053685663906973]
[718.6951495222254, 220.39549600858453, 0.5053685663906973]
[704.3248931549947, 212.44452143016872, 0.5053685663906973]
[689.9546367877642, 204.4935468517529, 0.5053685663906973]
[675.5843804205336, 196.54257227333713, 0.5053685663906973]
[661.2141240533031, 188.59159769492132, 0.5053685663906973]
[646.8438676860725, 180.64062311650554, 0.5053685663906973]
[632.4736113188419, 172.68964853808973, 0.5053685663906973]
[618.1033549516113, 164.73867395967392, 0.5053685663906973]
[603.7330985843807, 156.78769938125814, 0.5053685663906973]
[589.3628422171503, 148.83672480284233, 0.5053685663906973]
[574.9925858499197, 140.88575022442654, 0.5053685663906973]
[560.6223294826891, 132.93477564601073, 0.5053685663906973]
[546.2520731154585, 124.98380106759492, 0.5053685663906973]
[531.881816748228, 117.03282648917913, 0.5053685663906973]
[517.5115603809974, 109.08185191076333, 0.5053685663906973]
[501.62633462293104, 104.39613589523104, 0.06830883972842705]
[497.9178905882689, 104.1424216447318, 0.06830883972842772]
[494.2094465536068, 103.88870739423257, 0.06830883972842772]
[490.5010025189447, 103.63499314373334, 0.06830883972842772]
[486.79255848428255, 103.38127889323411, 0.06830883972842772]
[483.0841144496205, 103.1275646427349, 0.06830883972842772]
[479.37567041495834, 102.87385039223567, 0.06830883972842772]
[475.6672263802962, 102.62013614173644, 0.06830883972842772]
[471.9587823456341, 102.36642189123721, 0.06830883972842772]
[468.250338310972, 102.11270764073798, 0.06830883972842772]
[464.54189427630985, 101.85899339023875, 0.06830883972842772]
[460.83345024164777, 101.60527913973952, 0.06830883972842772]
[457.12500620698563, 101.3515648892403, 0.06830883972842772]
[453.4165621723235, 101.09785063874106, 0.06830883972842772]
[449.7081181376614, 100.84413638824185, 0.06830883972842772]
[445.9996741029993, 100.59042213774262, 0.06830883972842772]
[442.29123006833714, 100.33670788724339, 0.06830883972842772]
[438.58278603367506, 100.08299363674416, 0.06830883972842772]
[434.8743419990129, 99.82927938624493, 0.06830883972842772]
[431.798251684655, 99.49319461827888, 0.14934209790264918]
[414.63430512930813, 96.9106667973627, 0.1493420979026497]
[397.4703585739612, 94.32813897644651, 0.1493420979026497]
[380.3064120186143, 91.74561115553033, 0.1493420979026497]
[363.1424654632674, 89.16308333461414, 0.1493420979026497]
[345.9785189079205, 86.58055551369796, 0.1493420979026497]
[328.8145723525736, 83.99802769278178, 0.1493420979026497]
[311.65062579722667, 81.41549987186559, 0.1493420979026497]
[294.48667924187976, 78.83297205094941, 0.1493420979026497]
[277.32273268653285, 76.25044423003322, 0.1493420979026497]
[260.158786131186, 73.66791640911704, 0.1493420979026497]
[242.99483957583908, 71.08538858820086, 0.1493420979026497]
[225.83089302049217, 68.50286076728467, 0.1493420979026497]
[208.6669464651453, 65.92033294636849, 0.1493420979026497]
[191.50299990979838, 63.3378051254523, 0.1493420979026497]
[174.3390533544515, 60.755277304536115, 0.1493420979026497]
[157.17510679910458, 58.17274948361993, 0.1493420979026497]
[140.01116024375767, 55.59022166270375, 0.1493420979026497]
[122.84721368841078, 53.007693841787564, 0.1493420979026497]
[105.68326713306388, 50.42516602087138, 0.1493420979026497]
