----------------------------
RRT search Summary          
----------------------------
Map Name               : 3
Total paths found      : 3
Total number of nodes  : 1095
Total elapsed time     : 118.84460282325745 s
----------------------------



Path number   : 0
Path length   : 1641.5748159859813
Time required : 41.523457050323486 s
******* List of nodes ******* 
[1105.4104354098886, 519.1010022707859, -0.6707898867151597]
[1099.2213106559134, 524.0123243655133, -0.6707898867151597]
[1093.0321859019382, 528.9236464602407, -0.6707898867151597]
[1086.843061147963, 533.8349685549681, -0.6707898867151597]
[1080.653936393988, 538.7462906496954, -0.6707898867151597]
[1074.4648116400128, 543.6576127444227, -0.6707898867151597]
[1068.2756868860376, 548.5689348391502, -0.6707898867151597]
[1062.0865621320625, 553.4802569338775, -0.6707898867151597]
[1062.0865621320625, 553.4802569338775, -0.6707898867151605]
[1055.5925418176664, 557.6396903945844, -0.4685486926898026]
[1048.3953909833785, 560.4099262015772, -0.2663074986644447]
[1040.788481902609, 561.6780432288032, -0.0640663046390868]
[1033.0818895289096, 561.3923501356481, 0.1381748893862711]
[1025.5897521340737, 559.5644924238065, 0.34041608341162877]
[1018.6174663161207, 556.2689777400875, 0.5426572774369864]
[1012.4492383378307, 551.6401387748958, 0.7448984714623448]
[1007.3364992316452, 545.8666575555692, 0.9471396654877022]
[1003.4876558976655, 539.1838743368559, 1.1493808595130601]
[1001.059595963355, 531.8641945956902, 1.351622053538418]
[998.9468356230914, 522.3794088508777, 1.3516220535384165]
[996.8340752828277, 512.8946231060651, 1.3516220535384165]
[994.721314942564, 503.4098373612526, 1.3516220535384165]
[992.6085546023003, 493.92505161644004, 1.3516220535384165]
[990.4957942620366, 484.4402658716275, 1.3516220535384165]
[988.383033921773, 474.955480126815, 1.3516220535384165]
[986.2702735815093, 465.4706943820025, 1.3516220535384165]
[984.1575132412456, 455.98590863718994, 1.3516220535384165]
[982.044752900982, 446.50112289237745, 1.3516220535384165]
[979.9319925607183, 437.0163371475649, 1.3516220535384165]
[977.8192322204545, 427.53155140275237, 1.3516220535384165]
[975.7064718801909, 418.04676565793983, 1.3516220535384165]
[973.5937115399272, 408.56197991312735, 1.3516220535384165]
[971.4809511996635, 399.0771941683148, 1.3516220535384165]
[971.4809511996635, 399.0771941683148, -4.93156325364117]
[970.6388588216265, 388.43313092082906, -4.651113442422337]
[972.775814186661, 377.9718392339734, -4.370663631203503]
[977.7248400184275, 368.51074282255615, -4.09021381998467]
[985.099229665283, 360.7891122094035, -3.8097640087658364]
[987.8757864536798, 358.59762576708556, 2.473421298413749]
[990.6523432420764, 356.4061393247676, 2.473421298413749]
[993.4289000304732, 354.21465288244957, 2.473421298413749]
[996.20545681887, 352.0231664401316, 2.473421298413749]
[998.9820136072666, 349.8316799978136, 2.473421298413749]
[1001.7585703956634, 347.64019355549556, 2.473421298413749]
[1004.5351271840601, 345.4487071131776, 2.473421298413749]
[1007.3116839724568, 343.25722067085957, 2.473421298413749]
[1010.0882407608535, 341.0657342285416, 2.473421298413749]
[1012.8647975492503, 338.8742477862236, 2.473421298413749]
[1015.6413543376469, 336.68276134390555, 2.473421298413749]
[1018.4179111260437, 334.4912749015876, 2.473421298413749]
[1021.1944679144405, 332.29978845926956, 2.473421298413749]
[1023.9710247028371, 330.10830201695154, 2.473421298413749]
[1026.7475814912339, 327.9168155746336, 2.473421298413749]
[1029.5241382796305, 325.72532913231555, 2.473421298413749]
[1032.3006950680274, 323.5338426899976, 2.473421298413749]
[1035.077251856424, 321.34235624767956, 2.473421298413749]
[1039.7175553552374, 317.0073980032871, 2.306982975884496]
[1045.6269019148363, 310.48581211914257, 2.306982975884496]
[1051.5362484744348, 303.964226234998, 2.306982975884496]
[1057.4455950340337, 297.44264035085354, 2.306982975884496]
[1063.3549415936322, 290.921054466709, 2.306982975884496]
[1069.264288153231, 284.3994685825645, 2.306982975884496]
[1075.1736347128297, 277.87788269841997, 2.306982975884496]
[1081.0829812724285, 271.3562968142754, 2.306982975884496]
[1086.992327832027, 264.8347109301309, 2.306982975884496]
[1092.9016743916259, 258.3131250459864, 2.306982975884496]
[1098.8110209512245, 251.79153916184185, 2.306982975884496]
[1104.7203675108233, 245.26995327769734, 2.306982975884496]
[1110.6297140704219, 238.7483673935528, 2.306982975884496]
[1116.5390606300207, 232.22678150940828, 2.306982975884496]
[1116.5390606300207, 232.22678150940828, 2.306982975884496]
[1123.0153463351787, 222.36651216593762, 1.996899680271018]
[1126.174023557882, 211.00033663221498, 1.68681638465754]
[1125.7138060188124, 199.21240263692331, 1.3767330890440617]
[1121.6785909636355, 188.12708678580327, 1.0666497934305836]
[1114.4532720818634, 178.80174737550155, 0.7565664978171056]
[1105.8636420098546, 170.69367336452478, 0.7565664978171047]
[1097.2740119378457, 162.58559935354805, 0.7565664978171047]
[1088.684381865837, 154.4775253425713, 0.7565664978171047]
[1080.094751793828, 146.36945133159458, 0.7565664978171047]
[1071.5051217218193, 138.26137732061784, 0.7565664978171047]
[1062.9154916498103, 130.1533033096411, 0.7565664978171047]
[1054.3258615778016, 122.04522929866434, 0.7565664978171047]
[1045.7362315057926, 113.93715528768759, 0.7565664978171047]
[1037.1466014337839, 105.82908127671085, 0.7565664978171047]
[1028.5569713617751, 97.7210072657341, 0.7565664978171047]
[1019.9673412897662, 89.61293325475737, 0.7565664978171047]
[1011.3777112177573, 81.50485924378063, 0.7565664978171047]
[1002.7880811457485, 73.39678523280388, 0.7565664978171047]
[994.1984510737398, 65.28871122182713, 0.7565664978171047]
[985.6088210017309, 57.18063721085039, 0.7565664978171047]
[977.0191909297221, 49.07256319987365, 0.7565664978171047]
[968.4295608577132, 40.964489188896906, 0.7565664978171047]
[968.4295608577132, 40.964489188896934, 0.7565664978171054]
[939.2048117401689, 30.662582313974667, -0.07875486495306294]
[930.9518914605972, 31.313887028486256, -0.07875486495306382]
[922.6989711810253, 31.96519174299784, -0.07875486495306382]
[914.4460509014534, 32.61649645750942, -0.07875486495306382]
[906.1931306218817, 33.267801172021, -0.07875486495306382]
[897.9402103423098, 33.919105886532584, -0.07875486495306382]
[889.6872900627379, 34.57041060104416, -0.07875486495306382]
[881.4343697831662, 35.22171531555574, -0.07875486495306382]
[873.1814495035943, 35.87302003006732, -0.07875486495306382]
[864.9285292240226, 36.524324744578905, -0.07875486495306382]
[856.6756089444507, 37.17562945909049, -0.07875486495306382]
[848.4226886648789, 37.82693417360207, -0.07875486495306382]
[840.1697683853071, 38.47823888811365, -0.07875486495306382]
[831.9168481057352, 39.12954360262523, -0.07875486495306382]
[823.6639278261634, 39.780848317136815, -0.07875486495306382]
[815.4110075465916, 40.4321530316484, -0.07875486495306382]
[807.1580872670198, 41.08345774615998, -0.07875486495306382]
[798.905166987448, 41.73476246067156, -0.07875486495306382]
[790.6522467078762, 42.38606717518314, -0.07875486495306382]
[782.3993264283043, 43.037371889694725, -0.07875486495306382]
[769.900892590469, 45.14081527535134, -0.18313906994123472]
[761.3537117226139, 46.723876310471496, -0.18313906994123472]
[752.8065308547588, 48.306937345591656, -0.18313906994123472]
[744.2593499869037, 49.889998380711816, -0.18313906994123472]
[735.7121691190486, 51.47305941583197, -0.18313906994123472]
[727.1649882511934, 53.05612045095213, -0.18313906994123472]
[718.6178073833383, 54.63918148607229, -0.18313906994123472]
[710.0706265154834, 56.22224252119244, -0.18313906994123472]
[701.5234456476283, 57.8053035563126, -0.18313906994123472]
[692.9762647797731, 59.38836459143276, -0.18313906994123472]
[684.429083911918, 60.971425626552914, -0.18313906994123472]
[675.8819030440629, 62.554486661673074, -0.18313906994123472]
[667.3347221762078, 64.13754769679323, -0.18313906994123472]
[658.7875413083527, 65.72060873191339, -0.18313906994123472]
[650.2403604404976, 67.30366976703354, -0.18313906994123472]
[641.6931795726425, 68.8867308021537, -0.18313906994123472]
[633.1459987047874, 70.46979183727386, -0.18313906994123472]
[633.1459987047874, 70.46979183727386, -0.18313906994123474]
[620.3708537620291, 70.66276340979627, 0.15293089637591217]
[607.2479433890969, 68.64007151090615, 0.15293089637591187]
[594.1250330161647, 66.61737961201602, 0.15293089637591187]
[581.0021226432326, 64.5946877131259, 0.15293089637591187]
[567.8792122703004, 62.57199581423576, 0.15293089637591187]
[554.7563018973682, 60.54930391534564, 0.15293089637591187]
[541.6333915244361, 58.526612016455516, 0.15293089637591187]
[528.5104811515039, 56.503920117565386, 0.15293089637591187]
[515.3875707785717, 54.481228218675255, 0.15293089637591187]
[502.26466040563946, 52.45853631978513, 0.15293089637591187]
[489.1417500327073, 50.43584442089501, 0.15293089637591187]
[476.0188396597751, 48.41315252200488, 0.15293089637591187]
[462.89592928684294, 46.39046062311475, 0.15293089637591187]
[449.77301891391073, 44.367768724224625, 0.15293089637591187]
[436.6501085409786, 42.3450768253345, 0.15293089637591187]
[423.52719816804637, 40.32238492644437, 0.15293089637591187]
[410.4042877951142, 38.29969302755424, 0.15293089637591187]
[397.281377422182, 36.27700112866412, 0.15293089637591187]
[384.15846704924985, 34.254309229773995, 0.15293089637591187]
[371.03555667631764, 32.231617330883864, 0.15293089637591187]
[348.1328685150787, 32.87910929946165, -0.06925786846776254]
[333.692308092199, 33.8808338877639, -0.06925786846776254]
[319.25174766931934, 34.88255847606614, -0.06925786846776254]
[304.81118724643966, 35.884283064368375, -0.06925786846776254]
[290.37062682356, 36.88600765267062, -0.06925786846776254]
[275.93006640068035, 37.887732240972866, -0.06925786846776254]
[261.48950597780066, 38.889456829275105, -0.06925786846776254]
[247.048945554921, 39.89118141757734, -0.06925786846776254]
[232.60838513204132, 40.89290600587959, -0.06925786846776254]
[218.16782470916166, 41.89463059418183, -0.06925786846776254]
[203.72726428628198, 42.89635518248407, -0.06925786846776254]
[189.2867038634023, 43.89807977078631, -0.06925786846776254]
[174.84614344052264, 44.899804359088556, -0.06925786846776254]
[160.40558301764295, 45.901528947390794, -0.06925786846776254]
[145.9650225947633, 46.90325353569304, -0.06925786846776254]
[131.5244621718836, 47.90497812399528, -0.06925786846776254]
[117.08390174900394, 48.90670271229752, -0.06925786846776254]
[102.64334132612427, 49.90842730059976, -0.06925786846776254]
[100.0, 50.0, 0.0]
Path number   : 1
Path length   : 1635.255201240092
Time required : 59.10346794128418 s
******* List of nodes ******* 
[1104.3033707959164, 528.2313249601625, -0.5451277151175347]
[1097.7099302389408, 532.2297281466651, -0.5451277151175347]
[1091.116489681965, 536.2281313331678, -0.5451277151175347]
[1084.5230491249895, 540.2265345196704, -0.5451277151175347]
[1077.9296085680137, 544.224937706173, -0.5451277151175347]
[1071.336168011038, 548.2233408926757, -0.5451277151175347]
[1064.7427274540623, 552.2217440791783, -0.5451277151175347]
[1058.1492868970865, 556.2201472656809, -0.5451277151175347]
[1058.1492868970865, 556.2201472656809, -0.5451277151175358]
[1051.6361906533684, 559.3686630811083, -0.35545273825194035]
[1044.6462828377973, 561.2327347668951, -0.16577776138634492]
[1037.4302835205638, 561.7455001846226, 0.0238972154792505]
[1030.2470224177448, 560.8885670199833, 0.21357219234484592]
[1023.3541549627754, 558.6926724942476, 0.4032471692104411]
[1016.9989204981076, 555.2365808549777, 0.5929221460760363]
[1011.4092740802455, 550.6442581917479, 0.782597122941632]
[1006.7857099902585, 545.080425913029, 0.9722720998072272]
[1003.2940702311826, 538.7446523759799, 1.1619470766728228]
[1001.059595963355, 531.8641945956902, 1.351622053538418]
[998.9468356230914, 522.3794088508777, 1.3516220535384165]
[996.8340752828277, 512.8946231060651, 1.3516220535384165]
[994.721314942564, 503.4098373612526, 1.3516220535384165]
[992.6085546023003, 493.92505161644004, 1.3516220535384165]
[990.4957942620366, 484.4402658716275, 1.3516220535384165]
[988.383033921773, 474.955480126815, 1.3516220535384165]
[986.2702735815093, 465.4706943820025, 1.3516220535384165]
[984.1575132412456, 455.98590863718994, 1.3516220535384165]
[982.044752900982, 446.50112289237745, 1.3516220535384165]
[979.9319925607183, 437.0163371475649, 1.3516220535384165]
[977.8192322204545, 427.53155140275237, 1.3516220535384165]
[975.7064718801909, 418.04676565793983, 1.3516220535384165]
[973.5937115399272, 408.56197991312735, 1.3516220535384165]
[971.4809511996635, 399.0771941683148, 1.3516220535384165]
[971.4809511996635, 399.0771941683148, -4.93156325364117]
[970.6388588216265, 388.43313092082906, -4.651113442422337]
[972.775814186661, 377.9718392339734, -4.370663631203503]
[977.7248400184275, 368.51074282255615, -4.09021381998467]
[985.099229665283, 360.7891122094035, -3.8097640087658364]
[987.8757864536798, 358.59762576708556, 2.473421298413749]
[990.6523432420764, 356.4061393247676, 2.473421298413749]
[993.4289000304732, 354.21465288244957, 2.473421298413749]
[996.20545681887, 352.0231664401316, 2.473421298413749]
[998.9820136072666, 349.8316799978136, 2.473421298413749]
[1001.7585703956634, 347.64019355549556, 2.473421298413749]
[1004.5351271840601, 345.4487071131776, 2.473421298413749]
[1007.3116839724568, 343.25722067085957, 2.473421298413749]
[1010.0882407608535, 341.0657342285416, 2.473421298413749]
[1012.8647975492503, 338.8742477862236, 2.473421298413749]
[1015.6413543376469, 336.68276134390555, 2.473421298413749]
[1018.4179111260437, 334.4912749015876, 2.473421298413749]
[1021.1944679144405, 332.29978845926956, 2.473421298413749]
[1023.9710247028371, 330.10830201695154, 2.473421298413749]
[1026.7475814912339, 327.9168155746336, 2.473421298413749]
[1029.5241382796305, 325.72532913231555, 2.473421298413749]
[1032.3006950680274, 323.5338426899976, 2.473421298413749]
[1035.077251856424, 321.34235624767956, 2.473421298413749]
[1039.7175553552374, 317.0073980032871, 2.306982975884496]
[1045.6269019148363, 310.48581211914257, 2.306982975884496]
[1051.5362484744348, 303.964226234998, 2.306982975884496]
[1057.4455950340337, 297.44264035085354, 2.306982975884496]
[1063.3549415936322, 290.921054466709, 2.306982975884496]
[1069.264288153231, 284.3994685825645, 2.306982975884496]
[1075.1736347128297, 277.87788269841997, 2.306982975884496]
[1081.0829812724285, 271.3562968142754, 2.306982975884496]
[1086.992327832027, 264.8347109301309, 2.306982975884496]
[1092.9016743916259, 258.3131250459864, 2.306982975884496]
[1098.8110209512245, 251.79153916184185, 2.306982975884496]
[1104.7203675108233, 245.26995327769734, 2.306982975884496]
[1110.6297140704219, 238.7483673935528, 2.306982975884496]
[1116.5390606300207, 232.22678150940828, 2.306982975884496]
[1116.5390606300207, 232.22678150940828, 2.306982975884496]
[1123.0153463351787, 222.36651216593762, 1.996899680271018]
[1126.174023557882, 211.00033663221498, 1.68681638465754]
[1125.7138060188124, 199.21240263692331, 1.3767330890440617]
[1121.6785909636355, 188.12708678580327, 1.0666497934305836]
[1114.4532720818634, 178.80174737550155, 0.7565664978171056]
[1105.8636420098546, 170.69367336452478, 0.7565664978171047]
[1097.2740119378457, 162.58559935354805, 0.7565664978171047]
[1088.684381865837, 154.4775253425713, 0.7565664978171047]
[1080.094751793828, 146.36945133159458, 0.7565664978171047]
[1071.5051217218193, 138.26137732061784, 0.7565664978171047]
[1062.9154916498103, 130.1533033096411, 0.7565664978171047]
[1054.3258615778016, 122.04522929866434, 0.7565664978171047]
[1045.7362315057926, 113.93715528768759, 0.7565664978171047]
[1037.1466014337839, 105.82908127671085, 0.7565664978171047]
[1028.5569713617751, 97.7210072657341, 0.7565664978171047]
[1019.9673412897662, 89.61293325475737, 0.7565664978171047]
[1011.3777112177573, 81.50485924378063, 0.7565664978171047]
[1002.7880811457485, 73.39678523280388, 0.7565664978171047]
[994.1984510737398, 65.28871122182713, 0.7565664978171047]
[985.6088210017309, 57.18063721085039, 0.7565664978171047]
[977.0191909297221, 49.07256319987365, 0.7565664978171047]
[968.4295608577132, 40.964489188896906, 0.7565664978171047]
[968.4295608577132, 40.964489188896934, 0.7565664978171054]
[939.2048117401689, 30.662582313974667, -0.07875486495306294]
[930.9518914605972, 31.313887028486256, -0.07875486495306382]
[922.6989711810253, 31.96519174299784, -0.07875486495306382]
[914.4460509014534, 32.61649645750942, -0.07875486495306382]
[906.1931306218817, 33.267801172021, -0.07875486495306382]
[897.9402103423098, 33.919105886532584, -0.07875486495306382]
[889.6872900627379, 34.57041060104416, -0.07875486495306382]
[881.4343697831662, 35.22171531555574, -0.07875486495306382]
[873.1814495035943, 35.87302003006732, -0.07875486495306382]
[864.9285292240226, 36.524324744578905, -0.07875486495306382]
[856.6756089444507, 37.17562945909049, -0.07875486495306382]
[848.4226886648789, 37.82693417360207, -0.07875486495306382]
[840.1697683853071, 38.47823888811365, -0.07875486495306382]
[831.9168481057352, 39.12954360262523, -0.07875486495306382]
[823.6639278261634, 39.780848317136815, -0.07875486495306382]
[815.4110075465916, 40.4321530316484, -0.07875486495306382]
[807.1580872670198, 41.08345774615998, -0.07875486495306382]
[798.905166987448, 41.73476246067156, -0.07875486495306382]
[790.6522467078762, 42.38606717518314, -0.07875486495306382]
[782.3993264283043, 43.037371889694725, -0.07875486495306382]
[769.900892590469, 45.14081527535134, -0.18313906994123472]
[761.3537117226139, 46.723876310471496, -0.18313906994123472]
[752.8065308547588, 48.306937345591656, -0.18313906994123472]
[744.2593499869037, 49.889998380711816, -0.18313906994123472]
[735.7121691190486, 51.47305941583197, -0.18313906994123472]
[727.1649882511934, 53.05612045095213, -0.18313906994123472]
[718.6178073833383, 54.63918148607229, -0.18313906994123472]
[710.0706265154834, 56.22224252119244, -0.18313906994123472]
[701.5234456476283, 57.8053035563126, -0.18313906994123472]
[692.9762647797731, 59.38836459143276, -0.18313906994123472]
[684.429083911918, 60.971425626552914, -0.18313906994123472]
[675.8819030440629, 62.554486661673074, -0.18313906994123472]
[667.3347221762078, 64.13754769679323, -0.18313906994123472]
[658.7875413083527, 65.72060873191339, -0.18313906994123472]
[650.2403604404976, 67.30366976703354, -0.18313906994123472]
[641.6931795726425, 68.8867308021537, -0.18313906994123472]
[633.1459987047874, 70.46979183727386, -0.18313906994123472]
[633.1459987047874, 70.46979183727386, -0.18313906994123474]
[620.3708537620291, 70.66276340979627, 0.15293089637591217]
[607.2479433890969, 68.64007151090615, 0.15293089637591187]
[594.1250330161647, 66.61737961201602, 0.15293089637591187]
[581.0021226432326, 64.5946877131259, 0.15293089637591187]
[567.8792122703004, 62.57199581423576, 0.15293089637591187]
[554.7563018973682, 60.54930391534564, 0.15293089637591187]
[541.6333915244361, 58.526612016455516, 0.15293089637591187]
[528.5104811515039, 56.503920117565386, 0.15293089637591187]
[515.3875707785717, 54.481228218675255, 0.15293089637591187]
[502.26466040563946, 52.45853631978513, 0.15293089637591187]
[489.1417500327073, 50.43584442089501, 0.15293089637591187]
[476.0188396597751, 48.41315252200488, 0.15293089637591187]
[462.89592928684294, 46.39046062311475, 0.15293089637591187]
[449.77301891391073, 44.367768724224625, 0.15293089637591187]
[436.6501085409786, 42.3450768253345, 0.15293089637591187]
[423.52719816804637, 40.32238492644437, 0.15293089637591187]
[410.4042877951142, 38.29969302755424, 0.15293089637591187]
[397.281377422182, 36.27700112866412, 0.15293089637591187]
[384.15846704924985, 34.254309229773995, 0.15293089637591187]
[371.03555667631764, 32.231617330883864, 0.15293089637591187]
[348.1328685150787, 32.87910929946165, -0.06925786846776254]
[333.692308092199, 33.8808338877639, -0.06925786846776254]
[319.25174766931934, 34.88255847606614, -0.06925786846776254]
[304.81118724643966, 35.884283064368375, -0.06925786846776254]
[290.37062682356, 36.88600765267062, -0.06925786846776254]
[275.93006640068035, 37.887732240972866, -0.06925786846776254]
[261.48950597780066, 38.889456829275105, -0.06925786846776254]
[247.048945554921, 39.89118141757734, -0.06925786846776254]
[232.60838513204132, 40.89290600587959, -0.06925786846776254]
[218.16782470916166, 41.89463059418183, -0.06925786846776254]
[203.72726428628198, 42.89635518248407, -0.06925786846776254]
[189.2867038634023, 43.89807977078631, -0.06925786846776254]
[174.84614344052264, 44.899804359088556, -0.06925786846776254]
[160.40558301764295, 45.901528947390794, -0.06925786846776254]
[145.9650225947633, 46.90325353569304, -0.06925786846776254]
[131.5244621718836, 47.90497812399528, -0.06925786846776254]
[117.08390174900394, 48.90670271229752, -0.06925786846776254]
[102.64334132612427, 49.90842730059976, -0.06925786846776254]
[100.0, 50.0, 0.0]
Path number   : 2
Path length   : 1635.1948576133898
Time required : 103.54104590415955 s
******* List of nodes ******* 
[1075.5235300392462, 490.09449225542494, -0.8272995215223283]
[1070.4787554281256, 495.5807915963957, -0.8272995215223283]
[1065.4339808170052, 501.0670909373666, -0.8272995215223283]
[1060.3892062058846, 506.5533902783374, -0.8272995215223283]
[1055.3444315947643, 512.0396896193082, -0.8272995215223283]
[1050.2996569836437, 517.525988960279, -0.8272995215223283]
[1045.2548823725233, 523.0122883012499, -0.8272995215223283]
[1045.2548823725233, 523.0122883012499, -0.8272995215223276]
[1040.4158536884536, 527.4424341850109, -0.6553297533860176]
[1034.890100993001, 530.9791626599367, -0.48335998524970747]
[1028.8406383549484, 533.5181374426907, -0.31139021711339754]
[1022.445929700015, 534.9844567718862, -0.1394204489770876]
[1015.8946239840944, 535.334863069206, 0.032549319159222545]
[1009.3799899000611, 534.5590190721261, 0.20451908729553248]
[1003.094214298685, 532.6798127913261, 0.3764888554318424]
[997.2227325247442, 529.752682296296, 0.5484586235681528]
[991.938757927896, 525.8639802485021, 0.7204283917044627]
[987.3981719320575, 521.1284264296706, 0.8923981598407726]
[983.7349254102837, 515.6857234176217, 1.0643679279770826]
[979.7728798433221, 508.54277064813795, 1.0643679279770815]
[975.8108342763604, 501.3998178786542, 1.0643679279770815]
[971.8487887093988, 494.25686510917046, 1.0643679279770815]
[967.8867431424372, 487.1139123396867, 1.0643679279770815]
[963.9246975754755, 479.9709595702029, 1.0643679279770815]
[959.9626520085139, 472.82800680071915, 1.0643679279770815]
[956.0006064415522, 465.6850540312354, 1.0643679279770815]
[952.0385608745906, 458.5421012617516, 1.0643679279770815]
[948.076515307629, 451.3991484922679, 1.0643679279770815]
[944.1144697406673, 444.2561957227841, 1.0643679279770815]
[940.1524241737058, 437.11324295330036, 1.0643679279770815]
[940.1524241737058, 437.11324295330036, -5.218817379202504]
[937.1227509865604, 430.06157875744066, -5.017548058492826]
[935.5639566326947, 422.54659055289676, -4.816278737783149]
[935.5389739633855, 414.87167925579945, -4.615009417073472]
[937.0488115982804, 407.3467023210619, -4.413740096363795]
[940.032513204626, 400.2754639375559, -4.212470775654118]
[944.3696184734785, 393.94344961042674, -4.011201454944441]
[949.8850264364653, 388.60630031947574, -3.8099321342347636]
[954.6182078814361, 384.8691934746771, 2.473253172944823]
[959.3513893264069, 381.1320866298785, 2.473253172944823]
[964.0845707713777, 377.39497978507984, 2.473253172944823]
[968.8177522163485, 373.6578729402812, 2.473253172944823]
[973.5509336613192, 369.9207660954826, 2.473253172944823]
[978.28411510629, 366.18365925068395, 2.473253172944823]
[983.0172965512608, 362.4465524058853, 2.473253172944823]
[987.7504779962316, 358.7094455610867, 2.473253172944823]
[992.4836594412023, 354.97233871628805, 2.473253172944823]
[997.2168408861731, 351.23523187148936, 2.473253172944823]
[1001.9500223311439, 347.49812502669073, 2.473253172944823]
[1006.6832037761147, 343.7610181818921, 2.473253172944823]
[1011.4163852210855, 340.02391133709347, 2.473253172944823]
[1016.1495666660562, 336.28680449229483, 2.473253172944823]
[1020.882748111027, 332.5496976474962, 2.473253172944823]
[1025.6159295559978, 328.81259080269757, 2.473253172944823]
[1030.3491110009686, 325.07548395789894, 2.473253172944823]
[1035.0822924459394, 321.3383771131003, 2.473253172944823]
[1039.7175553552374, 317.0073980032871, 2.306982975884496]
[1045.6269019148363, 310.48581211914257, 2.306982975884496]
[1051.5362484744348, 303.964226234998, 2.306982975884496]
[1057.4455950340337, 297.44264035085354, 2.306982975884496]
[1063.3549415936322, 290.921054466709, 2.306982975884496]
[1069.264288153231, 284.3994685825645, 2.306982975884496]
[1075.1736347128297, 277.87788269841997, 2.306982975884496]
[1081.0829812724285, 271.3562968142754, 2.306982975884496]
[1086.992327832027, 264.8347109301309, 2.306982975884496]
[1092.9016743916259, 258.3131250459864, 2.306982975884496]
[1098.8110209512245, 251.79153916184185, 2.306982975884496]
[1104.7203675108233, 245.26995327769734, 2.306982975884496]
[1110.6297140704219, 238.7483673935528, 2.306982975884496]
[1116.5390606300207, 232.22678150940828, 2.306982975884496]
[1116.5390606300207, 232.22678150940828, 2.306982975884496]
[1123.0153463351787, 222.36651216593762, 1.996899680271018]
[1126.174023557882, 211.00033663221498, 1.68681638465754]
[1125.7138060188124, 199.21240263692331, 1.3767330890440617]
[1121.6785909636355, 188.12708678580327, 1.0666497934305836]
[1114.4532720818634, 178.80174737550155, 0.7565664978171056]
[1105.8636420098546, 170.69367336452478, 0.7565664978171047]
[1097.2740119378457, 162.58559935354805, 0.7565664978171047]
[1088.684381865837, 154.4775253425713, 0.7565664978171047]
[1080.094751793828, 146.36945133159458, 0.7565664978171047]
[1071.5051217218193, 138.26137732061784, 0.7565664978171047]
[1062.9154916498103, 130.1533033096411, 0.7565664978171047]
[1054.3258615778016, 122.04522929866434, 0.7565664978171047]
[1045.7362315057926, 113.93715528768759, 0.7565664978171047]
[1037.1466014337839, 105.82908127671085, 0.7565664978171047]
[1028.5569713617751, 97.7210072657341, 0.7565664978171047]
[1019.9673412897662, 89.61293325475737, 0.7565664978171047]
[1011.3777112177573, 81.50485924378063, 0.7565664978171047]
[1002.7880811457485, 73.39678523280388, 0.7565664978171047]
[994.1984510737398, 65.28871122182713, 0.7565664978171047]
[985.6088210017309, 57.18063721085039, 0.7565664978171047]
[977.0191909297221, 49.07256319987365, 0.7565664978171047]
[968.4295608577132, 40.964489188896906, 0.7565664978171047]
[968.4295608577132, 40.964489188896934, 0.7565664978171054]
[939.2048117401689, 30.662582313974667, -0.07875486495306294]
[930.9518914605972, 31.313887028486256, -0.07875486495306382]
[922.6989711810253, 31.96519174299784, -0.07875486495306382]
[914.4460509014534, 32.61649645750942, -0.07875486495306382]
[906.1931306218817, 33.267801172021, -0.07875486495306382]
[897.9402103423098, 33.919105886532584, -0.07875486495306382]
[889.6872900627379, 34.57041060104416, -0.07875486495306382]
[881.4343697831662, 35.22171531555574, -0.07875486495306382]
[873.1814495035943, 35.87302003006732, -0.07875486495306382]
[864.9285292240226, 36.524324744578905, -0.07875486495306382]
[856.6756089444507, 37.17562945909049, -0.07875486495306382]
[848.4226886648789, 37.82693417360207, -0.07875486495306382]
[840.1697683853071, 38.47823888811365, -0.07875486495306382]
[831.9168481057352, 39.12954360262523, -0.07875486495306382]
[823.6639278261634, 39.780848317136815, -0.07875486495306382]
[815.4110075465916, 40.4321530316484, -0.07875486495306382]
[807.1580872670198, 41.08345774615998, -0.07875486495306382]
[798.905166987448, 41.73476246067156, -0.07875486495306382]
[790.6522467078762, 42.38606717518314, -0.07875486495306382]
[782.3993264283043, 43.037371889694725, -0.07875486495306382]
[769.900892590469, 45.14081527535134, -0.18313906994123472]
[761.3537117226139, 46.723876310471496, -0.18313906994123472]
[752.8065308547588, 48.306937345591656, -0.18313906994123472]
[744.2593499869037, 49.889998380711816, -0.18313906994123472]
[735.7121691190486, 51.47305941583197, -0.18313906994123472]
[727.1649882511934, 53.05612045095213, -0.18313906994123472]
[718.6178073833383, 54.63918148607229, -0.18313906994123472]
[710.0706265154834, 56.22224252119244, -0.18313906994123472]
[701.5234456476283, 57.8053035563126, -0.18313906994123472]
[692.9762647797731, 59.38836459143276, -0.18313906994123472]
[684.429083911918, 60.971425626552914, -0.18313906994123472]
[675.8819030440629, 62.554486661673074, -0.18313906994123472]
[667.3347221762078, 64.13754769679323, -0.18313906994123472]
[658.7875413083527, 65.72060873191339, -0.18313906994123472]
[650.2403604404976, 67.30366976703354, -0.18313906994123472]
[641.6931795726425, 68.8867308021537, -0.18313906994123472]
[633.1459987047874, 70.46979183727386, -0.18313906994123472]
[633.1459987047874, 70.46979183727386, -0.18313906994123474]
[620.3708537620291, 70.66276340979627, 0.15293089637591217]
[607.2479433890969, 68.64007151090615, 0.15293089637591187]
[594.1250330161647, 66.61737961201602, 0.15293089637591187]
[581.0021226432326, 64.5946877131259, 0.15293089637591187]
[567.8792122703004, 62.57199581423576, 0.15293089637591187]
[554.7563018973682, 60.54930391534564, 0.15293089637591187]
[541.6333915244361, 58.526612016455516, 0.15293089637591187]
[528.5104811515039, 56.503920117565386, 0.15293089637591187]
[515.3875707785717, 54.481228218675255, 0.15293089637591187]
[502.26466040563946, 52.45853631978513, 0.15293089637591187]
[489.1417500327073, 50.43584442089501, 0.15293089637591187]
[476.0188396597751, 48.41315252200488, 0.15293089637591187]
[462.89592928684294, 46.39046062311475, 0.15293089637591187]
[449.77301891391073, 44.367768724224625, 0.15293089637591187]
[436.6501085409786, 42.3450768253345, 0.15293089637591187]
[423.52719816804637, 40.32238492644437, 0.15293089637591187]
[410.4042877951142, 38.29969302755424, 0.15293089637591187]
[397.281377422182, 36.27700112866412, 0.15293089637591187]
[384.15846704924985, 34.254309229773995, 0.15293089637591187]
[371.03555667631764, 32.231617330883864, 0.15293089637591187]
[348.1328685150787, 32.87910929946165, -0.06925786846776254]
[333.692308092199, 33.8808338877639, -0.06925786846776254]
[319.25174766931934, 34.88255847606614, -0.06925786846776254]
[304.81118724643966, 35.884283064368375, -0.06925786846776254]
[290.37062682356, 36.88600765267062, -0.06925786846776254]
[275.93006640068035, 37.887732240972866, -0.06925786846776254]
[261.48950597780066, 38.889456829275105, -0.06925786846776254]
[247.048945554921, 39.89118141757734, -0.06925786846776254]
[232.60838513204132, 40.89290600587959, -0.06925786846776254]
[218.16782470916166, 41.89463059418183, -0.06925786846776254]
[203.72726428628198, 42.89635518248407, -0.06925786846776254]
[189.2867038634023, 43.89807977078631, -0.06925786846776254]
[174.84614344052264, 44.899804359088556, -0.06925786846776254]
[160.40558301764295, 45.901528947390794, -0.06925786846776254]
[145.9650225947633, 46.90325353569304, -0.06925786846776254]
[131.5244621718836, 47.90497812399528, -0.06925786846776254]
[117.08390174900394, 48.90670271229752, -0.06925786846776254]
[102.64334132612427, 49.90842730059976, -0.06925786846776254]
[100.0, 50.0, 0.0]
