----------------------------
RRT search Summary          
----------------------------
Map Name               : 1
Total paths found      : 1
Total number of nodes  : 896
Total elapsed time     : 133.53884196281433 s
----------------------------



Path number   : 0
Path length   : 1330.2875498187832
Time required : 79.66636109352112 s
******* List of nodes ******* 
[1122.7151657059921, 501.15265447128695, 1.2965823846678517]
[1120.6084681873601, 493.66351031324217, 1.2965823846678517]
[1118.501770668728, 486.1743661551974, 1.2965823846678517]
[1116.395073150096, 478.6852219971526, 1.2965823846678517]
[1114.288375631464, 471.19607783910783, 1.2965823846678517]
[1112.181678112832, 463.70693368106305, 1.2965823846678517]
[1110.0749805942, 456.21778952301827, 1.2965823846678517]
[1107.968283075568, 448.72864536497343, 1.2965823846678517]
[1105.861585556936, 441.2395012069287, 1.2965823846678517]
[1103.754888038304, 433.75035704888387, 1.2965823846678517]
[1101.648190519672, 426.2612128908391, 1.2965823846678517]
[1099.54149300104, 418.7720687327943, 1.2965823846678517]
[1097.434795482408, 411.28292457474953, 1.2965823846678517]
[1095.328097963776, 403.79378041670475, 1.2965823846678517]
[1093.221400445144, 396.30463625865997, 1.2965823846678517]
[1091.1147029265119, 388.8154921006152, 1.2965823846678517]
[1089.0080054078799, 381.3263479425704, 1.2965823846678517]
[1089.0080054078799, 381.3263479425704, 1.296582384667851]
[1079.6378994353424, 365.0564969321638, 0.799961907611739]
[1075.082855095174, 360.36680509921035, 0.7999619076117404]
[1070.5278107550055, 355.67711326625687, 0.7999619076117404]
[1065.9727664148372, 350.9874214333034, 0.7999619076117404]
[1061.4177220746687, 346.2977296003499, 0.7999619076117404]
[1056.8626777345003, 341.6080377673964, 0.7999619076117404]
[1052.3076333943318, 336.9183459344429, 0.7999619076117404]
[1047.7525890541633, 332.22865410148944, 0.7999619076117404]
[1043.197544713995, 327.53896226853595, 0.7999619076117404]
[1038.6425003738266, 322.84927043558247, 0.7999619076117404]
[1034.087456033658, 318.159578602629, 0.7999619076117404]
[1029.5324116934896, 313.4698867696755, 0.7999619076117404]
[1024.9773673533211, 308.780194936722, 0.7999619076117404]
[1020.4223230131528, 304.0905031037685, 0.7999619076117404]
[1015.8672786729844, 299.40081127081504, 0.7999619076117404]
[1011.3122343328159, 294.71111943786156, 0.7999619076117404]
[1011.3122343328159, 294.71111943786156, 0.7999619076117411]
[1004.168672390332, 288.940715715079, 0.5589679868994546]
[995.854340167694, 285.04200874460645, 0.31797406618716817]
[986.8497854886449, 283.2403341396842, 0.07698014547488174]
[978.7899733205608, 282.618660139552, 0.07698014547488063]
[970.7301611524767, 281.9969861394198, 0.07698014547488063]
[962.6703489843926, 281.3753121392876, 0.07698014547488063]
[954.6105368163085, 280.7536381391554, 0.07698014547488063]
[946.5507246482243, 280.1319641390232, 0.07698014547488063]
[938.4909124801402, 279.510290138891, 0.07698014547488063]
[930.4311003120562, 278.8886161387588, 0.07698014547488063]
[922.371288143972, 278.2669421386266, 0.07698014547488063]
[914.3114759758879, 277.64526813849443, 0.07698014547488063]
[906.2516638078038, 277.0235941383622, 0.07698014547488063]
[898.1918516397197, 276.40192013823, 0.07698014547488063]
[890.1320394716356, 275.7802461380978, 0.07698014547488063]
[882.0722273035515, 275.1585721379656, 0.07698014547488063]
[874.0124151354673, 274.5368981378334, 0.07698014547488063]
[865.9526029673833, 273.9152241377012, 0.07698014547488063]
[857.8927907992992, 273.293550137569, 0.07698014547488063]
[849.832978631215, 272.6718761374368, 0.07698014547488063]
[849.832978631215, 272.67187613743687, 0.07698014547487908]
[835.3739847275489, 268.59349134257417, 0.4728660636037998]
[828.4944750295067, 265.0740940877851, 0.4728660636037989]
[821.6149653314646, 261.5546968329961, 0.4728660636037989]
[814.7354556334226, 258.03529957820706, 0.4728660636037989]
[807.8559459353804, 254.515902323418, 0.4728660636037989]
[800.9764362373382, 250.99650506862895, 0.4728660636037989]
[794.0969265392962, 247.47710781383992, 0.4728660636037989]
[787.217416841254, 243.9577105590509, 0.4728660636037989]
[780.337907143212, 240.43831330426184, 0.4728660636037989]
[773.4583974451698, 236.9189160494728, 0.4728660636037989]
[766.5788877471277, 233.39951879468376, 0.4728660636037989]
[759.6993780490856, 229.88012153989473, 0.4728660636037989]
[752.8198683510435, 226.36072428510568, 0.4728660636037989]
[745.9403586530013, 222.84132703031665, 0.4728660636037989]
[739.0608489549593, 219.3219297755276, 0.4728660636037989]
[732.1813392569171, 215.80253252073857, 0.4728660636037989]
[725.301829558875, 212.2831352659495, 0.4728660636037989]
[718.4223198608329, 208.76373801116048, 0.4728660636037989]
[718.4223198608329, 208.76373801116046, 0.4728660636037998]
[709.7148083290264, 202.64362413459253, 0.7524123054476184]
[703.8163385133302, 197.1219928370681, 0.7524123054476185]
[697.9178686976339, 191.60036153954368, 0.7524123054476185]
[692.0193988819377, 186.07873024201928, 0.7524123054476185]
[686.1209290662414, 180.55709894449487, 0.7524123054476185]
[680.2224592505452, 175.03546764697046, 0.7524123054476185]
[674.323989434849, 169.51383634944608, 0.7524123054476185]
[668.4255196191527, 163.99220505192164, 0.7524123054476185]
[662.5270498034565, 158.47057375439726, 0.7524123054476185]
[656.6285799877603, 152.94894245687283, 0.7524123054476185]
[650.7301101720641, 147.42731115934845, 0.7524123054476185]
[644.8316403563679, 141.90567986182404, 0.7524123054476185]
[638.9331705406715, 136.38404856429963, 0.7524123054476185]
[633.0347007249753, 130.86241726677522, 0.7524123054476185]
[627.1362309092791, 125.34078596925082, 0.7524123054476185]
[621.2377610935829, 119.81915467172641, 0.7524123054476185]
[621.2377610935829, 119.8191546717264, 0.7524123054476183]
[612.3476112042023, 113.60622438378604, 0.46750257701613407]
[602.0695762565305, 110.14251749189987, 0.18259284858464997]
[591.2323324945543, 109.70729862515816, -0.10231687984683413]
[582.7375551775997, 110.57950349133267, -0.1023168798468352]
[574.2427778606451, 111.45170835750719, -0.1023168798468352]
[565.7480005436905, 112.3239132236817, -0.1023168798468352]
[557.253223226736, 113.19611808985621, -0.1023168798468352]
[548.7584459097815, 114.06832295603071, -0.1023168798468352]
[540.2636685928269, 114.94052782220523, -0.1023168798468352]
[531.7688912758723, 115.81273268837974, -0.1023168798468352]
[523.2741139589177, 116.68493755455425, -0.1023168798468352]
[514.7793366419631, 117.55714242072877, -0.1023168798468352]
[506.2845593250086, 118.42934728690328, -0.1023168798468352]
[497.78978200805403, 119.3015521530778, -0.1023168798468352]
[489.2950046910995, 120.1737570192523, -0.1023168798468352]
[480.8002273741449, 121.0459618854268, -0.1023168798468352]
[472.30545005719034, 121.91816675160132, -0.1023168798468352]
[463.81067274023576, 122.79037161777583, -0.1023168798468352]
[455.31589542328123, 123.66257648395035, -0.1023168798468352]
[446.82111810632665, 124.53478135012486, -0.1023168798468352]
[446.82111810632665, 124.53478135012486, -0.10231687984683568]
[424.3599332704874, 134.89094679402052, -0.7617251852235354]
[416.92942258475966, 141.9777257854628, -0.7617251852235352]
[409.498911899032, 149.0645047769051, -0.7617251852235352]
[402.06840121330436, 156.15128376834738, -0.7617251852235352]
[394.6378905275767, 163.23806275978967, -0.7617251852235352]
[387.207379841849, 170.32484175123196, -0.7617251852235352]
[379.77686915612134, 177.41162074267424, -0.7617251852235352]
[372.3463584703937, 184.4983997341165, -0.7617251852235352]
[364.91584778466597, 191.5851787255588, -0.7617251852235352]
[357.4853370989383, 198.67195771700108, -0.7617251852235352]
[350.05482641321066, 205.75873670844337, -0.7617251852235352]
[342.62431572748295, 212.84551569988565, -0.7617251852235352]
[335.1938050417553, 219.93229469132794, -0.7617251852235352]
[335.1938050417553, 219.93229469132794, -0.7617251852235352]
[327.5803078269469, 225.57011075217548, -0.5130651068425416]
[318.81348116063003, 229.16080149054335, -0.26440502846154823]
[309.4326066761435, 230.48348954226037, -0.015744950080554432]
[300.0147384783184, 229.45681121666888, 0.23291512830043892]
[291.1392062992921, 226.14392149394723, 0.4815752066814327]
[283.35197867162924, 220.7486091164468, 0.7302352850624261]
[276.8815264983575, 214.95534580991313, 0.7302352850624254]
[270.4110743250858, 209.16208250337948, 0.7302352850624254]
[263.940622151814, 203.36881919684583, 0.7302352850624254]
[257.4701699785423, 197.57555589031216, 0.7302352850624254]
[250.99971780527054, 191.7822925837785, 0.7302352850624254]
[244.52926563199878, 185.98902927724487, 0.7302352850624254]
[238.05881345872706, 180.1957659707112, 0.7302352850624254]
[231.5883612854553, 174.40250266417755, 0.7302352850624254]
[225.11790911218355, 168.6092393576439, 0.7302352850624254]
[218.64745693891183, 162.81597605111023, 0.7302352850624254]
[212.17700476564008, 157.02271274457658, 0.7302352850624254]
[205.70655259236833, 151.22944943804293, 0.7302352850624254]
[199.2361004190966, 145.43618613150926, 0.7302352850624254]
[192.76564824582485, 139.6429228249756, 0.7302352850624254]
[186.2951960725531, 133.84965951844197, 0.7302352850624254]
[179.82474389928137, 128.0563962119083, 0.7302352850624254]
[173.35429172600962, 122.26313290537465, 0.7302352850624254]
[173.35429172600962, 122.26313290537465, 0.7302352850624256]
[168.02714520035687, 116.38855487713714, 0.9382239171697533]
[164.9254153158608, 112.15735805099543, 0.9382239171697533]
[161.82368543136468, 107.92616122485373, 0.9382239171697533]
[158.72195554686857, 103.69496439871203, 0.9382239171697533]
[155.62022566237246, 99.46376757257033, 0.9382239171697533]
[152.51849577787638, 95.23257074642864, 0.9382239171697533]
[149.41676589338027, 91.00137392028694, 0.9382239171697533]
[146.31503600888416, 86.77017709414524, 0.9382239171697533]
[143.21330612438808, 82.53898026800354, 0.9382239171697533]
[140.11157623989197, 78.30778344186184, 0.9382239171697533]
[137.00984635539587, 74.07658661572015, 0.9382239171697533]
[133.90811647089978, 69.84538978957845, 0.9382239171697533]
[130.80638658640368, 65.61419296343675, 0.9382239171697533]
[130.80638658640368, 65.61419296343675, 0.9382239171697533]
[126.91357406593933, 61.09212084781817, 0.7818532643081277]
[122.36401657745665, 57.231466473579225, 0.6254826114465022]
[117.26873241157548, 54.12643751924404, 0.46911195858487664]
[111.7520566799524, 51.85280289370279, 0.3127413057232511]
[105.94860729019254, 50.46604382348368, 0.15637065286162555]
[100.0, 50.00000000000001, 0.0]
