----------------------------
RRT search Summary          
----------------------------
Map Name               : 2
Total paths found      : 2
Total number of nodes  : 837
Total elapsed time     : 115.25174474716187 s
----------------------------



Path number   : 0
Path length   : 1172.2053878024894
Time required : 18.813180923461914 s
******* List of nodes ******* 
[1060.042629224387, 515.1608051271677, 0.9338955924806784]
[1053.7294947659623, 506.6265157609372, 0.9338955924806784]
[1047.4163603075378, 498.0922263947066, 0.9338955924806784]
[1041.1032258491134, 489.55793702847603, 0.9338955924806784]
[1034.7900913906888, 481.0236476622455, 0.9338955924806784]
[1028.4769569322643, 472.48935829601487, 0.9338955924806784]
[1022.1638224738399, 463.9550689297843, 0.9338955924806784]
[1015.8506880154154, 455.42077956355377, 0.9338955924806784]
[1009.5375535569908, 446.88649019732316, 0.9338955924806784]
[1003.2244190985664, 438.3522008310926, 0.9338955924806784]
[996.9112846401418, 429.81791146486205, 0.9338955924806784]
[990.5981501817173, 421.28362209863144, 0.9338955924806784]
[984.2850157232929, 412.7493327324009, 0.9338955924806784]
[977.9718812648683, 404.21504336617033, 0.9338955924806784]
[971.6587468064439, 395.6807539999397, 0.9338955924806784]
[965.3456123480194, 387.1464646337092, 0.9338955924806784]
[965.3456123480194, 387.14646463370923, 0.9338955924806775]
[960.7089361121043, 378.91323092997357, 1.181906777516589]
[958.2351956238015, 369.793718238302, 1.4299179625525005]
[957.2457072261304, 362.8165383534452, 1.4299179625525]
[956.2562188284594, 355.83935846858844, 1.4299179625525]
[955.2667304307885, 348.86217858373163, 1.4299179625525]
[954.2772420331174, 341.8849986988748, 1.4299179625525]
[953.2877536354464, 334.907818814018, 1.4299179625525]
[952.2982652377754, 327.9306389291612, 1.4299179625525]
[951.3087768401044, 320.95345904430445, 1.4299179625525]
[950.3192884424334, 313.97627915944764, 1.4299179625525]
[949.3298000447624, 306.99909927459083, 1.4299179625525]
[948.3403116470913, 300.021919389734, 1.4299179625525]
[947.3508232494204, 293.04473950487727, 1.4299179625525]
[946.3613348517493, 286.06755962002046, 1.4299179625525]
[945.3718464540783, 279.09037973516365, 1.4299179625525]
[945.3718464540783, 279.09037973516365, 1.4299179625525003]
[943.0065942327523, 270.2385085343701, 1.1894673910429296]
[938.601401581763, 262.204560592443, 0.9490168195333588]
[932.4097364650145, 255.45079683376994, 0.708566248023788]
[924.787857705822, 250.3658183671393, 0.46811567651421737]
[916.1743164058687, 247.24220697967075, 0.22766510500464654]
[902.7371078126932, 244.12905027353523, 0.22766510500464684]
[889.2998992195177, 241.0158935673997, 0.22766510500464684]
[875.8626906263422, 237.9027368612642, 0.22766510500464684]
[862.4254820331666, 234.78958015512868, 0.22766510500464684]
[848.9882734399912, 231.67642344899315, 0.22766510500464684]
[835.5510648468157, 228.56326674285762, 0.22766510500464684]
[822.1138562536402, 225.4501100367221, 0.22766510500464684]
[808.6766476604647, 222.33695333058657, 0.22766510500464684]
[795.2394390672891, 219.22379662445104, 0.22766510500464684]
[781.8022304741137, 216.11063991831554, 0.22766510500464684]
[768.3650218809381, 212.99748321218001, 0.22766510500464684]
[754.9278132877627, 209.8843265060445, 0.22766510500464684]
[741.4906046945871, 206.77116979990896, 0.22766510500464684]
[728.0533961014116, 203.65801309377343, 0.22766510500464684]
[714.6161875082362, 200.5448563876379, 0.22766510500464684]
[701.1789789150606, 197.43169968150238, 0.22766510500464684]
[687.7417703218852, 194.31854297536688, 0.22766510500464684]
[674.3045617287096, 191.20538626923135, 0.22766510500464684]
[660.8673531355341, 188.09222956309583, 0.22766510500464684]
[644.3212865565704, 186.09015258713802, 0.1024791017457572]
[632.4888930121826, 184.87331681710884, 0.1024791017457572]
[620.656499467795, 183.6564810470797, 0.1024791017457572]
[608.8241059234074, 182.43964527705054, 0.1024791017457572]
[596.9917123790198, 181.22280950702137, 0.1024791017457572]
[585.1593188346321, 180.00597373699222, 0.1024791017457572]
[573.3269252902444, 178.78913796696304, 0.1024791017457572]
[561.4945317458568, 177.5723021969339, 0.1024791017457572]
[549.6621382014691, 176.35546642690474, 0.1024791017457572]
[537.8297446570815, 175.13863065687556, 0.1024791017457572]
[525.9973511126939, 173.9217948868464, 0.1024791017457572]
[514.1649575683061, 172.70495911681726, 0.1024791017457572]
[502.3325640239185, 171.4881233467881, 0.1024791017457572]
[490.5001704795309, 170.27128757675894, 0.1024791017457572]
[478.66777693514325, 169.05445180672976, 0.1024791017457572]
[466.83538339075557, 167.8376160367006, 0.1024791017457572]
[455.00298984636794, 166.62078026667146, 0.1024791017457572]
[443.17059630198025, 165.40394449664228, 0.1024791017457572]
[431.3382027575926, 164.18710872661313, 0.1024791017457572]
[427.0353886616813, 163.78991774513645, 0.0915176741006294]
[423.14930002925814, 163.4332757124562, 0.0915176741006294]
[419.263211396835, 163.07663367977597, 0.0915176741006294]
[415.37712276441187, 162.71999164709575, 0.0915176741006294]
[411.4910341319888, 162.3633496144155, 0.0915176741006294]
[407.60494549956564, 162.00670758173527, 0.0915176741006294]
[403.7188568671425, 161.65006554905503, 0.0915176741006294]
[399.83276823471937, 161.2934235163748, 0.0915176741006294]
[395.94667960229623, 160.93678148369455, 0.0915176741006294]
[392.0605909698731, 160.5801394510143, 0.0915176741006294]
[388.17450233744995, 160.22349741833406, 0.0915176741006294]
[384.28841370502687, 159.86685538565385, 0.0915176741006294]
[380.40232507260373, 159.5102133529736, 0.0915176741006294]
[376.5162364401806, 159.15357132029337, 0.0915176741006294]
[372.63014780775745, 158.79692928761312, 0.0915176741006294]
[372.63014780775745, 158.79692928761312, 0.09151767410062961]
[368.79751821009796, 158.2481473984203, 0.192922493134992]
[365.0401308818949, 157.31420325628932, 0.29432731216935415]
[361.39658970442133, 156.0046923236064, 0.39573213120371653]
[347.69257905840027, 150.27954749031463, 0.3957321312037172]
[333.9885684123792, 144.55440265702285, 0.3957321312037172]
[320.28455776635815, 138.82925782373107, 0.3957321312037172]
[306.5805471203371, 133.1041129904393, 0.3957321312037172]
[292.876536474316, 127.37896815714754, 0.3957321312037172]
[279.17252582829497, 121.65382332385576, 0.3957321312037172]
[265.4685151822739, 115.92867849056398, 0.3957321312037172]
[251.76450453625284, 110.2035336572722, 0.3957321312037172]
[238.06049389023178, 104.47838882398042, 0.3957321312037172]
[224.35648324421072, 98.75324399068865, 0.3957321312037172]
[210.65247259818966, 93.02809915739687, 0.3957321312037172]
[196.9484619521686, 87.3029543241051, 0.3957321312037172]
[183.24445130614754, 81.57780949081332, 0.3957321312037172]
[169.54044066012645, 75.85266465752156, 0.3957321312037172]
[155.8364300141054, 70.12751982422978, 0.3957321312037172]
[142.13241936808433, 64.402374990938, 0.3957321312037172]
[128.42840872206327, 58.67723015764622, 0.3957321312037172]
[114.7243980760422, 52.95208532435445, 0.3957321312037172]
[100.0, 50.00000000000001, 0.0]
Path number   : 1
Path length   : 1145.305332856258
Time required : 46.69407773017883 s
******* List of nodes ******* 
[1061.9625858844536, 479.75057686579396, 0.7598837333840228]
[1055.3754242173627, 473.49125699603667, 0.7598837333840228]
[1048.7882625502718, 467.2319371262793, 0.7598837333840228]
[1042.201100883181, 460.97261725652197, 0.7598837333840228]
[1035.61393921609, 454.7132973867647, 0.7598837333840228]
[1029.0267775489992, 448.45397751700733, 0.7598837333840228]
[1022.4396158819083, 442.19465764725004, 0.7598837333840228]
[1015.8524542148174, 435.9353377774927, 0.7598837333840228]
[1009.2652925477265, 429.6760179077354, 0.7598837333840228]
[1002.6781308806356, 423.41669803797805, 0.7598837333840228]
[996.0909692135448, 417.1573781682207, 0.7598837333840228]
[989.5038075464538, 410.8980582984634, 0.7598837333840228]
[982.9166458793629, 404.63873842870606, 0.7598837333840228]
[976.3294842122721, 398.37941855894877, 0.7598837333840228]
[969.7423225451812, 392.1200986891914, 0.7598837333840228]
[969.7423225451812, 392.1200986891914, 0.7598837333840232]
[964.2627754629551, 385.60451060672284, 0.9832284764401824]
[960.3624830284562, 378.0370775404758, 1.2065732194963412]
[958.2351956238015, 369.793718238302, 1.4299179625525005]
[957.2457072261304, 362.8165383534452, 1.4299179625525]
[956.2562188284594, 355.83935846858844, 1.4299179625525]
[955.2667304307885, 348.86217858373163, 1.4299179625525]
[954.2772420331174, 341.8849986988748, 1.4299179625525]
[953.2877536354464, 334.907818814018, 1.4299179625525]
[952.2982652377754, 327.9306389291612, 1.4299179625525]
[951.3087768401044, 320.95345904430445, 1.4299179625525]
[950.3192884424334, 313.97627915944764, 1.4299179625525]
[949.3298000447624, 306.99909927459083, 1.4299179625525]
[948.3403116470913, 300.021919389734, 1.4299179625525]
[947.3508232494204, 293.04473950487727, 1.4299179625525]
[946.3613348517493, 286.06755962002046, 1.4299179625525]
[945.3718464540783, 279.09037973516365, 1.4299179625525]
[945.3718464540783, 279.09037973516365, 1.4299179625525003]
[943.0065942327523, 270.2385085343701, 1.1894673910429296]
[938.601401581763, 262.204560592443, 0.9490168195333588]
[932.4097364650145, 255.45079683376994, 0.708566248023788]
[924.787857705822, 250.3658183671393, 0.46811567651421737]
[916.1743164058687, 247.24220697967075, 0.22766510500464654]
[902.7371078126932, 244.12905027353523, 0.22766510500464684]
[889.2998992195177, 241.0158935673997, 0.22766510500464684]
[875.8626906263422, 237.9027368612642, 0.22766510500464684]
[862.4254820331666, 234.78958015512868, 0.22766510500464684]
[848.9882734399912, 231.67642344899315, 0.22766510500464684]
[835.5510648468157, 228.56326674285762, 0.22766510500464684]
[822.1138562536402, 225.4501100367221, 0.22766510500464684]
[808.6766476604647, 222.33695333058657, 0.22766510500464684]
[795.2394390672891, 219.22379662445104, 0.22766510500464684]
[781.8022304741137, 216.11063991831554, 0.22766510500464684]
[768.3650218809381, 212.99748321218001, 0.22766510500464684]
[754.9278132877627, 209.8843265060445, 0.22766510500464684]
[741.4906046945871, 206.77116979990896, 0.22766510500464684]
[728.0533961014116, 203.65801309377343, 0.22766510500464684]
[714.6161875082362, 200.5448563876379, 0.22766510500464684]
[701.1789789150606, 197.43169968150238, 0.22766510500464684]
[687.7417703218852, 194.31854297536688, 0.22766510500464684]
[674.3045617287096, 191.20538626923135, 0.22766510500464684]
[660.8673531355341, 188.09222956309583, 0.22766510500464684]
[644.3212865565704, 186.09015258713802, 0.1024791017457572]
[632.4888930121826, 184.87331681710884, 0.1024791017457572]
[620.656499467795, 183.6564810470797, 0.1024791017457572]
[608.8241059234074, 182.43964527705054, 0.1024791017457572]
[596.9917123790198, 181.22280950702137, 0.1024791017457572]
[585.1593188346321, 180.00597373699222, 0.1024791017457572]
[573.3269252902444, 178.78913796696304, 0.1024791017457572]
[561.4945317458568, 177.5723021969339, 0.1024791017457572]
[549.6621382014691, 176.35546642690474, 0.1024791017457572]
[537.8297446570815, 175.13863065687556, 0.1024791017457572]
[525.9973511126939, 173.9217948868464, 0.1024791017457572]
[514.1649575683061, 172.70495911681726, 0.1024791017457572]
[502.3325640239185, 171.4881233467881, 0.1024791017457572]
[490.5001704795309, 170.27128757675894, 0.1024791017457572]
[478.66777693514325, 169.05445180672976, 0.1024791017457572]
[466.83538339075557, 167.8376160367006, 0.1024791017457572]
[455.00298984636794, 166.62078026667146, 0.1024791017457572]
[443.17059630198025, 165.40394449664228, 0.1024791017457572]
[431.3382027575926, 164.18710872661313, 0.1024791017457572]
[427.0353886616813, 163.78991774513645, 0.0915176741006294]
[423.14930002925814, 163.4332757124562, 0.0915176741006294]
[419.263211396835, 163.07663367977597, 0.0915176741006294]
[415.37712276441187, 162.71999164709575, 0.0915176741006294]
[411.4910341319888, 162.3633496144155, 0.0915176741006294]
[407.60494549956564, 162.00670758173527, 0.0915176741006294]
[403.7188568671425, 161.65006554905503, 0.0915176741006294]
[399.83276823471937, 161.2934235163748, 0.0915176741006294]
[395.94667960229623, 160.93678148369455, 0.0915176741006294]
[392.0605909698731, 160.5801394510143, 0.0915176741006294]
[388.17450233744995, 160.22349741833406, 0.0915176741006294]
[384.28841370502687, 159.86685538565385, 0.0915176741006294]
[380.40232507260373, 159.5102133529736, 0.0915176741006294]
[376.5162364401806, 159.15357132029337, 0.0915176741006294]
[372.63014780775745, 158.79692928761312, 0.0915176741006294]
[372.63014780775745, 158.79692928761312, 0.09151767410062961]
[368.79751821009796, 158.2481473984203, 0.192922493134992]
[365.0401308818949, 157.31420325628932, 0.29432731216935415]
[361.39658970442133, 156.0046923236064, 0.39573213120371653]
[347.69257905840027, 150.27954749031463, 0.3957321312037172]
[333.9885684123792, 144.55440265702285, 0.3957321312037172]
[320.28455776635815, 138.82925782373107, 0.3957321312037172]
[306.5805471203371, 133.1041129904393, 0.3957321312037172]
[292.876536474316, 127.37896815714754, 0.3957321312037172]
[279.17252582829497, 121.65382332385576, 0.3957321312037172]
[265.4685151822739, 115.92867849056398, 0.3957321312037172]
[251.76450453625284, 110.2035336572722, 0.3957321312037172]
[238.06049389023178, 104.47838882398042, 0.3957321312037172]
[224.35648324421072, 98.75324399068865, 0.3957321312037172]
[210.65247259818966, 93.02809915739687, 0.3957321312037172]
[196.9484619521686, 87.3029543241051, 0.3957321312037172]
[183.24445130614754, 81.57780949081332, 0.3957321312037172]
[169.54044066012645, 75.85266465752156, 0.3957321312037172]
[155.8364300141054, 70.12751982422978, 0.3957321312037172]
[142.13241936808433, 64.402374990938, 0.3957321312037172]
[128.42840872206327, 58.67723015764622, 0.3957321312037172]
[114.7243980760422, 52.95208532435445, 0.3957321312037172]
[100.0, 50.00000000000001, 0.0]
