991.0 429.0
992.4116451812944 432.2470173989021
994.3737337130917 435.19423179558817
996.8247744073924 437.74927849213327
999.6879524815375 439.8320831931024
999.6879524815375 439.8320831931024
1002.6383068203158 441.60172780506997
1005.5886611590942 443.37137241703755
1008.5390154978725 445.1410170290051
1011.4893698366508 446.9106616409727
1014.4397241754291 448.6803062529403
1017.3900785142074 450.44995086490786
1020.3404328529857 452.21959547687544
1023.290787191764 453.989240088843
1026.2411415305423 455.7588847008106
1029.1914958693205 457.5285293127782
1032.141850208099 459.29817392474575
1035.0922045468772 461.06781853671333
1038.0425588856556 462.8374631486809
1040.9929132244338 464.6071077606485
1043.9432675632122 466.376752372616
1046.8936219019904 468.1463969845836
1049.8439762407688 469.91604159655117
1052.794330579547 471.68568620851875
1055.7446849183254 473.4553308204863
1058.6950392571036 475.2249754324539
1061.645393595882 476.9946200444215
1064.5957479346603 478.76426465638906
1067.5461022734387 480.53390926835664
1070.496456612217 482.3035538803242
1073.4468109509953 484.0731984922918
1076.3971652897735 485.8428431042594
1079.347519628552 487.61248771622695
1082.2978739673301 489.38213232819453
1085.2482283061086 491.1517769401621
1088.1985826448868 492.9214215521297
1091.148936983665 494.69106616409726
1094.0992913224434 496.46071077606484
1097.0496456612218 498.2303553880324
1100.0 500.0
972.0 373.0
973.4637997843566 376.34215883865585
973.4637997843566 376.34215883865585
973.9377511415362 377.7653437349084
974.4117024987157 379.1885286311609
974.8856538558953 380.6117135274135
975.3596052130748 382.03489842366605
975.8335565702544 383.45808331991856
976.3075079274339 384.8812682161711
976.7814592846134 386.3044531124237
977.255410641793 387.7276380086762
977.7293619989725 389.15082290492876
978.2033133561522 390.5740078011813
978.6772647133317 391.99719269743383
979.1512160705113 393.4203775936864
979.6251674276908 394.8435624899389
980.0991187848704 396.26674738619147
980.5730701420499 397.68993228244403
981.0470214992295 399.11311717869654
981.520972856409 400.5363020749491
981.9949242135885 401.95948697120167
982.4688755707681 403.3826718674542
982.9428269279476 404.80585676370674
983.4167782851272 406.2290416599593
983.8907296423067 407.6522265562118
984.3646809994863 409.0754114524644
984.8386323566658 410.4985963487169
985.3125837138454 411.92178124496945
985.7865350710249 413.344966141222
986.2604864282044 414.7681510374746
986.7344377853841 416.1913359337271
987.2083891425636 417.61452082997965
987.6823404997432 419.03770572623216
988.1562918569227 420.4608906224847
988.6302432141023 421.8840755187373
989.1041945712818 423.3072604149898
989.5781459284614 424.73044531124236
990.0520972856409 426.1536302074949
990.5260486428205 427.57681510374744
991.0 429.0
948.0 319.0
947.7047676890454 320.5904881143277
947.5390390678795 322.19963341024584
947.5038983391738 323.8169088006587
947.5995753948549 325.4317340110965
947.8254443121419 327.03354479625585
948.1800274483568 328.61186205167735
948.6610051077162 330.15636036842824
949.265230716866 331.6569355823035
949.9887514098783 333.1037708756358
949.9887514098783 333.1037708756358
950.7477599819515 334.47950291440696
951.5067685540247 335.8552349531782
952.2657771260978 337.23096699194934
953.024785698171 338.6066990307205
953.7837942702441 339.9824310694917
954.5428028423173 341.3581631082629
955.3018114143905 342.73389514703405
956.0608199864636 344.1096271858052
956.8198285585368 345.4853592245764
957.5788371306099 346.8610912633476
958.3378457026831 348.23682330211875
959.0968542747563 349.61255534088997
959.8558628468294 350.98828737966113
960.6148714189026 352.3640194184323
961.3738799909758 353.7397514572035
962.1328885630489 355.1154834959747
962.891897135122 356.49121553474583
963.6509057071952 357.86694757351705
964.4099142792684 359.2426796122882
965.1689228513416 360.6184116510594
965.9279314234147 361.9941436898306
966.6869399954878 363.36987572860176
967.445948567561 364.7456077673729
968.2049571396342 366.1213398061441
968.9639657117074 367.4970718449153
969.7229742837806 368.87280388368646
970.4819828558536 370.2485359224576
971.2409914279268 371.62426796122884
972.0 373.0
960.0 261.0
960.1473429729447 263.2981206233269
960.0295379996116 265.59794460339464
959.6481468995653 267.86898163079906
959.6481468995653 267.86898163079906
959.3153427024348 269.3298678699191
958.9825385053044 270.7907541090391
958.649734308174 272.2516403481591
958.3169301110436 273.71252658727917
957.9841259139131 275.1734128263992
957.6513217167827 276.6342990655192
957.3185175196522 278.09518530463924
956.9857133225217 279.5560715437593
956.6529091253914 281.0169577828793
956.3201049282609 282.4778440219993
955.9873007311305 283.93873026111936
955.654496534 285.3996165002394
955.3216923368697 286.8605027393594
954.9888881397392 288.32138897847943
954.6560839426087 289.7822752175995
954.3232797454783 291.24316145671946
953.9904755483478 292.7040476958395
953.6576713512175 294.16493393495955
953.324867154087 295.6258201740796
952.9920629569566 297.0867064131996
952.6592587598261 298.5475926523196
952.3264545626956 300.00847889143967
951.9936503655653 301.4693651305597
951.6608461684348 302.9302513696797
951.3280419713044 304.39113760879974
950.9952377741739 305.8520238479198
950.6624335770435 307.31291008703977
950.3296293799131 308.7737963261598
949.9968251827826 310.23468256527985
949.6640209856522 311.69556880439984
949.3312167885217 313.1564550435199
948.9984125913913 314.6173412826399
948.6656083942609 316.07822752175997
948.3328041971305 317.53911376087996
948.0 319.0
952.0 202.0
952.9142345430565 204.6508583095178
953.4487366249109 207.4035264880948
953.4487366249109 207.4035264880948
953.6307161631079 208.89231741898107
953.8126957013047 210.3811083498673
953.9946752395017 211.86989928075357
954.1766547776986 213.3586902116398
954.3586343158955 214.84748114252608
954.5406138540924 216.33627207341232
954.7225933922894 217.82506300429858
954.9045729304862 219.31385393518485
955.0865524686832 220.8026448660711
955.2685320068802 222.29143579695736
955.450511545077 223.78022672784363
955.632491083274 225.26901765872987
955.8144706214708 226.75780858961613
955.9964501596678 228.24659952050237
956.1784296978647 229.73539045138864
956.3604092360616 231.22418138227488
956.5423887742585 232.71297231316115
956.7243683124555 234.2017632440474
956.9063478506524 235.69055417493365
957.0883273888493 237.17934510581992
957.2703069270462 238.66813603670616
957.4522864652431 240.15692696759243
957.6342660034401 241.64571789847867
957.8162455416369 243.13450882936493
957.9982250798339 244.6232997602512
958.1802046180308 246.11209069113744
958.3621841562277 247.6008816220237
958.5441636944247 249.08967255290997
958.7261432326216 250.5784634837962
958.9081227708185 252.06725441468245
959.0901023090154 253.55604534556872
959.2720818472123 255.044836276455
959.4540613854092 256.5336272073412
959.6360409236062 258.0224181382275
959.818020461803 259.51120906911376
960.0 261.0
930.0 147.0
930.1557129872084 148.79756745671156
930.4727947255176 150.57378660620992
930.9486645696588 152.31420126578126
931.5794495395345 154.0046466560831
931.5794495395345 154.0046466560831
932.1800539648423 155.41627469561007
932.7806583901502 156.82790273513706
933.381262815458 158.23953077466402
933.9818672407657 159.65115881419098
934.5824716660735 161.06278685371794
935.1830760913814 162.47441489324493
935.7836805166892 163.8860429327719
936.384284941997 165.29767097229885
936.9848893673047 166.7092990118258
937.5854937926126 168.1209270513528
938.1860982179204 169.53255509087975
938.7867026432282 170.9441831304067
939.387307068536 172.3558111699337
939.9879114938439 173.76743920946066
940.5885159191516 175.17906724898762
941.1891203444594 176.59069528851458
941.7897247697672 178.00232332804154
942.3903291950751 179.41395136756853
942.9909336203829 180.8255794070955
943.5915380456906 182.23720744662245
944.1921424709985 183.64883548614944
944.7927468963063 185.0604635256764
945.3933513216141 186.47209156520336
945.9939557469219 187.88371960473035
946.5945601722298 189.2953476442573
947.1951645975375 190.70697568378426
947.7957690228453 192.11860372331122
948.3963734481531 193.53023176283818
948.996977873461 194.94185980236517
949.5975822987688 196.35348784189213
950.1981867240765 197.7651158814191
950.7987911493843 199.17674392094608
951.3993955746922 200.58837196047304
952.0 202.0
899.0 96.0
900.8273614900347 95.11739069208666
902.7347567660341 94.42450364012748
904.7025480052973 93.92847254800083
906.7104755710543 93.63440436483457
908.7378665980482 93.54532670578305
910.7638478325626 93.66215668084284
912.7675605355735 93.98369145263399
914.7283752364615 94.50662062036017
916.6261041262658 95.22556030244733
918.4412089037537 96.13310856695878
920.155001934405 97.21992163909592
921.7498386512519 98.47481010118112
923.2092992166884 99.88485409468389
924.5183575749286 101.43553633821371
925.6635361546126 103.11089159197638
926.6330446288001 104.89367102986432
927.4169013037317 106.76551982686757
928.0070358865853 108.70716613343264
928.3973725741679 110.6986194911602
928.5838926070958 112.71937664702875
928.5838926070958 112.71937664702875
928.662565240035 114.62385572219382
928.741237872974 116.5283347973589
928.8199105059132 118.43281387252397
928.8985831388522 120.33729294768904
928.9772557717914 122.2417720228541
929.0559284047305 124.14625109801916
929.1346010376697 126.05073017318423
929.2132736706087 127.9552092483493
929.2919463035479 129.85968832351438
929.3706189364871 131.76416739867943
929.4492915694261 133.66864647384452
929.5279642023653 135.57312554900957
929.6066368353044 137.47760462417466
929.6853094682435 139.38208369933972
929.7639821011826 141.2865627745048
929.8426547341218 143.19104184966986
929.9213273670608 145.09552092483494
930.0 147.0
846.0 123.00000000000001
847.6763709304865 122.79675930809697
849.3296218075144 122.45282935442644
850.9479669102944 121.97066195223795
852.5198693548684 121.3536943840727
854.0341233384286 120.60632489801
854.0341233384286 120.60632489800999
855.3967256615065 119.86067868897938
856.7593279845844 119.11503247994878
858.1219303076623 118.36938627091817
859.4845326307402 117.62374006188756
860.8471349538182 116.87809385285696
862.2097372768961 116.13244764382635
863.572339599974 115.38680143479574
864.934941923052 114.64115522576515
866.2975442461299 113.89550901673454
867.6601465692078 113.14986280770393
869.0227488922857 112.40421659867333
870.3853512153636 111.65857038964272
871.7479535384416 110.91292418061211
873.1105558615195 110.16727797158151
874.4731581845974 109.4216317625509
875.8357605076753 108.67598555352029
877.1983628307532 107.9303393444897
878.5609651538311 107.18469313545909
879.923567476909 106.43904692642847
881.286169799987 105.69340071739788
882.648772123065 104.94775450836727
884.0113744461429 104.20210829933666
885.3739767692208 103.45646209030606
886.7365790922987 102.71081588127545
888.0991814153766 101.96516967224485
889.4617837384545 101.21952346321424
890.8243860615324 100.47387725418363
892.1869883846103 99.72823104515302
893.5495907076884 98.98258483612243
894.9121930307663 98.23693862709182
896.2747953538442 97.49129241806122
897.6373976769221 96.74564620903061
899.0 96.0
787.0 128.0
790.7507368765713 127.34160371984377
790.7507368765713 127.34160371984379
792.2439602042315 127.22426307876692
793.7371835318918 127.10692243769007
795.230406859552 126.98958179661321
796.7236301872123 126.87224115553636
798.2168535148725 126.7549005144595
799.7100768425327 126.63755987338263
801.203300170193 126.52021923230578
802.6965234978531 126.40287859122891
804.1897468255135 126.28553795015206
805.6829701531736 126.1681973090752
807.1761934808338 126.05085666799833
808.6694168084941 125.93351602692148
810.1626401361543 125.81617538584462
811.6558634638146 125.69883474476777
813.1490867914748 125.5814941036909
814.6423101191351 125.46415346261404
816.1355334467953 125.34681282153718
817.6287567744555 125.22947218046032
819.1219801021158 125.11213153938347
820.615203429776 124.9947908983066
822.1084267574363 124.87745025722975
823.6016500850965 124.76010961615289
825.0948734127567 124.64276897507602
826.588096740417 124.52542833399917
828.0813200680772 124.40808769292231
829.5745433957375 124.29074705184546
831.0677667233977 124.17340641076859
832.5609900510578 124.05606576969173
834.0542133787181 123.93872512861488
835.5474367063783 123.82138448753801
837.0406600340386 123.70404384646116
838.5338833616988 123.5867032053843
840.027106689359 123.46936256430743
841.5203300170193 123.35202192323058
843.0135533446795 123.23468128215372
844.5067766723398 123.11734064107686
846.0 123.0
729.3449729610718 143.9015171303417
730.823306987711 143.4937859218714
732.3016410143501 143.0860547134011
733.7799750409894 142.6783235049308
735.2583090676285 142.27059229646048
736.7366430942677 141.86286108799018
738.214977120907 141.4551298795199
739.6933111475461 141.0473986710496
741.1716451741853 140.6396674625793
742.6499792008244 140.231936254109
744.1283132274637 139.82420504563868
745.6066472541029 139.41647383716838
747.084981280742 139.0087426286981
748.5633153073812 138.6010114202278
750.0416493340203 138.1932802117575
751.5199833606596 137.7855490032872
752.9983173872987 137.3778177948169
754.4766514139379 136.97008658634658
755.9549854405772 136.5623553778763
757.4333194672163 136.154624169406
758.9116534938555 135.7468929609357
760.3899875204946 135.3391617524654
761.8683215471339 134.9314305439951
763.3466555737731 134.52369933552478
764.8249896004122 134.1159681270545
766.3033236270514 133.7082369185842
767.7816576536906 133.3005057101139
769.2599916803298 132.8927745016436
770.7383257069689 132.4850432931733
772.2166597336081 132.077312084703
773.6949937602474 131.6695808762327
775.1733277868865 131.2618496677624
776.6516618135257 130.8541184592921
778.1299958401648 130.4463872508218
779.6083298668041 130.0386560423515
781.0866638934433 129.6309248338812
782.5649979200824 129.2231936254109
784.0433319467217 128.8154624169406
785.5216659733608 128.4077312084703
787.0 128.0
672.0 160.0
673.8802431838456 159.90285341785838
675.743020117273 159.62933196511565
677.571823095149 159.18185955598744
677.571823095149 159.18185955598747
679.0411995781448 158.7480921401021
680.5105760611406 158.31432472421676
681.9799525441363 157.8805573083314
683.449329027132 157.44678989244605
684.9187055101278 157.01302247656068
686.3880819931235 156.57925506067534
687.8574584761193 156.14548764478997
689.326834959115 155.71172022890462
690.7962114421107 155.27795281301925
692.2655879251065 154.8441853971339
693.7349644081022 154.41041798124854
695.2043408910979 153.9766505653632
696.6737173740937 153.54288314947783
698.1430938570894 153.1091157335925
699.6124703400852 152.67534831770712
701.0818468230809 152.24158090182178
702.5512233060766 151.8078134859364
704.0205997890724 151.37404607005107
705.4899762720681 150.9402786541657
706.9593527550638 150.50651123828035
708.4287292380596 150.07274382239498
709.8981057210553 149.63897640650964
711.3674822040512 149.20520899062427
712.8368586870469 148.77144157473893
714.3062351700426 148.33767415885356
715.7756116530384 147.90390674296822
717.2449881360341 147.47013932708285
718.7143646190298 147.0363719111975
720.1837411020256 146.60260449531214
721.6531175850213 146.1688370794268
723.122494068017 145.73506966354142
724.5918705510128 145.30130224765608
726.0612470340085 144.8675348317707
727.5306235170043 144.43376741588537
729.0 144.0
613.0 160.0
614.6256632147508 160.19318847098455
616.2616804600302 160.25277241398481
616.2616804600302 160.25277241398481
617.8099671139182 160.2457509580408
619.3582537678063 160.23872950209676
620.9065404216943 160.23170804615273
622.4548270755824 160.22468659020873
624.0031137294704 160.2176651342647
625.5514003833586 160.21064367832068
627.0996870372466 160.20362222237665
628.6479736911347 160.19660076643262
630.1962603450227 160.18957931048863
631.7445469989107 160.1825578545446
633.2928336527988 160.17553639860057
634.8411203066868 160.16851494265654
636.3894069605749 160.16149348671252
637.9376936144629 160.1544720307685
639.485980268351 160.14745057482446
641.034266922239 160.14042911888046
642.5825535761271 160.13340766293643
644.1308402300151 160.1263862069924
645.6791268839031 160.11936475104838
647.2274135377912 160.11234329510435
648.7757001916792 160.10532183916035
650.3239868455673 160.09830038321633
651.8722734994553 160.0912789272723
653.4205601533434 160.08425747132827
654.9688468072314 160.07723601538424
656.5171334611196 160.07021455944022
658.0654201150076 160.0631931034962
659.6137067688956 160.0561716475522
661.1619934227837 160.04915019160816
662.7102800766717 160.04212873566414
664.2585667305598 160.0351072797201
665.8068533844478 160.02808582377608
667.3551400383359 160.02106436783208
668.9034266922239 160.01404291188805
670.451713346112 160.00702145594403
672.0 160.0
555.0 147.99999999999997
556.3956334459863 149.03195642103756
557.8754861186486 149.93901917393316
559.4284120385787 150.7143564280914
561.0427148520477 151.3521284852579
562.7062359258011 151.84753176305748
564.4064459236586 152.19683497469708
564.4064459236586 152.19683497469708
565.9249944885443 152.4406838817378
567.44354305343 152.6845327887785
568.9620916183155 152.92838169581924
570.4806401832012 153.17223060285994
571.9991887480869 153.41607950990067
573.5177373129726 153.65992841694137
575.0362858778583 153.9037773239821
576.5548344427439 154.1476262310228
578.0733830076296 154.39147513806353
579.5919315725153 154.63532404510426
581.1104801374009 154.87917295214496
582.6290287022866 155.12302185918568
584.1475772671723 155.36687076622638
585.6661258320579 155.6107196732671
587.1846743969436 155.8545685803078
588.7032229618293 156.09841748734854
590.221771526715 156.34226639438927
591.7403200916007 156.58611530142997
593.2588686564862 156.8299642084707
594.7774172213719 157.0738131155114
596.2959657862576 157.31766202255213
597.8145143511433 157.56151092959283
599.333062916029 157.80535983663356
600.8516114809147 158.04920874367428
602.3701600458003 158.29305765071499
603.888708610686 158.5369065577557
605.4072571755717 158.7807554647964
606.9258057404573 159.02460437183714
608.444354305343 159.26845327887784
609.9629028702286 159.51230218591857
611.4814514351143 159.75615109295927
613.0 160.0
508.0 112.0
509.8829552299806 112.6480524843815
511.6921318053587 113.4801417462563
513.4095940361412 114.48801867647128
515.0183154636811 115.66169145420724
515.0183154636811 115.66169145420726
516.1942473618082 116.61281817614234
517.3701792599352 117.56394489807742
518.5461111580622 118.5150716200125
519.7220430561892 119.46619834194757
520.8979749543163 120.41732506388266
522.0739068524433 121.36845178581774
523.2498387505703 122.31957850775282
524.4257706486974 123.2707052296879
525.6017025468243 124.22183195162299
526.7776344449513 125.17295867355807
527.9535663430784 126.12408539549314
529.1294982412054 127.07521211742822
530.3054301393324 128.02633883936332
531.4813620374595 128.97746556129837
532.6572939355865 129.92859228323346
533.8332258337135 130.87971900516854
535.0091577318406 131.83084572710362
536.1850896299676 132.7819724490387
537.3610215280946 133.7330991709738
538.5369534262217 134.68422589290887
539.7128853243487 135.63535261484395
540.8888172224757 136.58647933677904
542.0647491206028 137.53760605871412
543.2406810187298 138.4887327806492
544.4166129168568 139.43985950258428
545.5925448149837 140.39098622451937
546.7684767131108 141.34211294645445
547.9444086112378 142.2932396683895
549.1203405093648 143.2443663903246
550.2962724074919 144.19549311225967
551.4722043056189 145.14661983419475
552.6481362037459 146.09774655612983
553.824068101873 147.04887327806492
555.0 148.0
449.0 108.0
450.10144625504444 106.70674171867252
451.30866551337294 105.5116172492994
452.61294859093107 104.42324852107856
454.004886060804 103.44948730037947
455.4744361351941 102.59735854612121
457.0109971094095 101.87300972994797
458.6034838452347 101.28166648681882
460.24040774191144 100.82759491595993
461.9099596178011 100.51407080414921
463.60009490479814 100.34335599336472
465.2986205408801 100.31668206328656
466.9932829339315 100.43424144637046
468.6718563622456 100.69518603959159
470.32223117396336 101.09763332287363
470.32223117396336 101.09763332287363
471.89213820838154 101.55189860108723
473.4620452427997 102.00616387930083
475.03195227721795 102.46042915751443
476.60185931163613 102.91469443572802
478.1717663460543 103.36895971394162
479.74167338047255 103.82322499215522
481.3115804148907 104.27749027036883
482.8814874493089 104.73175554858243
484.4513944837271 105.18602082679602
486.02130151814526 105.64028610500962
487.5912085525635 106.09455138322322
489.1611155869817 106.54881666143682
490.73102262139986 107.00308193965041
492.3009296558181 107.45734721786401
493.8708366902363 107.91161249607761
495.44074372465445 108.3658777742912
497.01065075907263 108.8201430525048
498.5805577934908 109.27440833071842
500.15046482790905 109.72867360893201
501.7203718623272 110.18293888714561
503.2902788967454 110.63720416535921
504.86018593116364 111.0914694435728
506.4300929655818 111.5457347217864
508.0 112.0
408.0 152.0
409.60875933835933 151.65925833163243
411.1840877212467 151.1875041802041
412.71533509586516 150.5879268532108
414.1921494203408 149.86457981039953
415.6045466489993 149.02235326023734
416.9429782297935 148.06694109951655
418.19839565756376 147.00480241960184
419.3623116467175 145.84311783955758
420.4268575097668 144.58974096136612
420.4268575097668 144.58974096136612
421.4121382852921 143.32802575580178
422.39741906081736 142.06631055023743
423.3826998363427 140.80459534467306
424.36798061186795 139.54288013910872
425.3532613873932 138.28116493354437
426.3385421629185 137.01944972798003
427.3238229384438 135.7577345224157
428.3091037139691 134.49601931685132
429.29438448949435 133.23430411128697
430.2796652650196 131.97258890572263
431.26494604054494 130.7108737001583
432.2502268160702 129.44915849459395
433.2355075915955 128.18744328902957
434.22078836712075 126.92572808346523
435.2060691426461 125.66401287790089
436.19134991817134 124.40229767233654
437.1766306936966 123.14058246677219
438.1619114692219 121.87886726120784
439.1471922447472 120.61715205564349
440.13247302027247 119.35543685007914
441.11775379579774 118.0937216445148
442.103034571323 116.83200643895044
443.08831534684833 115.5702912333861
444.0735961223736 114.30857602782174
445.05887689789887 113.0468608222574
446.04415767342414 111.78514561669306
447.02943844894946 110.5234304111287
448.01471922447473 109.26171520556434
449.0 108.0
349.83146177322885 161.84116179298042
351.32296275340246 161.58882431110914
352.8144637335761 161.33648682923783
354.3059647137497 161.08414934736655
355.79746569392336 160.83181186549524
357.28896667409697 160.57947438362396
358.7804676542706 160.32713690175265
360.2719686344442 160.07479941988137
361.7634696146178 159.82246193801006
363.2549705947914 159.57012445613879
364.746471574965 159.31778697426748
366.23797255513864 159.0654494923962
367.7294735353123 158.8131120105249
369.2209745154859 158.5607745286536
370.71247549565953 158.30843704678233
372.20397647583314 158.05609956491102
373.69547745600676 157.80376208303974
375.18697843618037 157.55142460116843
376.678479416354 157.29908711929716
378.1699803965276 157.04674963742585
379.66148137670126 156.79441215555457
381.1529823568749 156.54207467368326
382.6444833370485 156.28973719181198
384.1359843172221 156.03739970994067
385.6274852973957 155.7850622280694
387.1189862775693 155.53272474619808
388.61048725774293 155.2803872643268
390.10198823791654 155.02804978245553
391.5934892180902 154.77571230058422
393.0849901982638 154.52337481871294
394.57649117843744 154.27103733684163
396.06799215861105 154.01869985497035
397.55949313878466 153.76636237309904
399.0509941189583 153.51402489122776
400.5424950991319 153.26168740935645
402.03399607930555 153.00934992748518
403.52549705947916 152.75701244561387
405.0169980396528 152.5046749637426
406.5084990198264 152.25233748187128
408.0 152.0
291.0 174.0
292.86793569811437 173.870082313243
294.7155351491076 173.56604506830115
294.7155351491076 173.56604506830115
296.22343695052126 173.24476603862612
297.73133875193497 172.9234870089511
299.2392405533486 172.60220797927605
300.74714235476233 172.28092894960102
302.255044156176 171.959649919926
303.7629459575897 171.63837089025097
305.27084775900335 171.3170918605759
306.77874956041705 170.9958128309009
308.2866513618307 170.67453380122586
309.79455316324436 170.35325477155084
311.30245496465807 170.0319757418758
312.8103567660717 169.71069671220076
314.31825856748543 169.38941768252573
315.8261603688991 169.0681386528507
317.3340621703128 168.74685962317568
318.84196397172644 168.42558059350063
320.34986577314015 168.1043015638256
321.8577675745538 167.78302253415058
323.36566937596746 167.46174350447555
324.87357117738117 167.14046447480052
326.3814729787948 166.81918544512547
327.8893747802085 166.49790641545044
329.3972765816222 166.17662738577542
330.9051783830359 165.8553483561004
332.41308018444954 165.53406932642534
333.92098198586325 165.2127902967503
335.4288837872769 164.8915112670753
336.93678558869055 164.57023223740026
338.44468739010426 164.24895320772524
339.9525891915179 163.92767417805018
341.4604909929316 163.60639514837516
342.9683927943453 163.28511611870013
344.476294595759 162.9638370890251
345.98419639717264 162.64255805935005
347.49209819858635 162.32127902967503
349.0 162.0
232.0 178.0
233.52590760425562 177.1639168291284
235.11870907271043 176.4636222001129
236.76634917163253 175.90441634377393
238.45635761712776 175.49053165029693
240.17594345739028 175.22510063607947
241.91209188195114 175.11013223505302
241.91209188195114 175.11013223505302
243.44608901064018 175.0754406027076
244.9800861393292 175.0407489703622
246.51408326801823 175.0060573380168
248.04808039670723 174.9713657056714
249.58207752539627 174.93667407332597
251.1160746540853 174.9019824409806
252.65007178277432 174.86729080863518
254.18406891146336 174.83259917628976
255.7180660401524 174.79790754394435
257.2520631688414 174.76321591159893
258.7860602975304 174.72852427925355
260.3200574262195 174.69383264690813
261.8540545549085 174.65914101456272
263.3880516835975 174.62444938221734
264.92204881228656 174.58975774987192
266.45604594097557 174.5550661175265
267.9900430696646 174.5203744851811
269.52404019835365 174.48568285283568
271.05803732704265 174.4509912204903
272.59203445573166 174.41629958814488
274.12603158442073 174.38160795579947
275.66002871310974 174.34691632345408
277.19402584179875 174.31222469110867
278.7280229704878 174.27753305876325
280.2620200991768 174.24284142641784
281.79601722786583 174.20814979407243
283.3300143565549 174.17345816172704
284.8640114852439 174.13876652938163
286.3980086139329 174.1040748970362
287.9320057426219 174.06938326469083
289.466002871311 174.0346916323454
291.0 174.0
174.0 193.0
175.11782804574966 194.25934550882212
176.33763016999708 195.42019581275295
177.6507595289455 196.4743219613341
179.04790770754462 197.41425154246883
180.5191707043001 198.2333216523086
182.05411913803283 198.92572612675716
183.64187217891083 199.4865566997804
185.27117467967747 199.9118377967626
186.9304769603136 200.198554716268
188.60801668056163 200.3446750004351
190.29190221994023 200.34916284251494
191.97019697419105 200.21198642942184
193.6310039706031 199.93411816724782
195.2625502024001 199.51752778814148
196.85327008436687 198.9651683874154
198.39188743812142 198.28095548986065
199.86749542586074 197.46973929366214
199.86749542586074 197.46973929366214
201.39761469129593 196.5426088511068
202.92773395673115 195.61547840855147
204.45785322216634 194.68834796599612
205.98797248760155 193.7612175234408
207.51809175303674 192.83408708088544
209.04821101847196 191.90695663833012
210.57833028390715 190.97982619577476
212.10844954934237 190.0526957532194
213.63856881477756 189.1255653106641
215.16868808021277 188.19843486810873
216.69880734564796 187.2713044255534
218.22892661108318 186.34417398299806
219.75904587651837 185.41704354044273
221.2891651419536 184.48991309788738
222.81928440738878 183.56278265533203
224.349403672824 182.6356522127767
225.87952293825919 181.70852177022135
227.4096422036944 180.78139132766603
228.9397614691296 179.85426088511068
230.4698807345648 178.92713044255535
232.0 178.0
137.0 147.0
137.99925739390778 148.67705902019983
139.15725626877548 150.24870812299537
139.15725626877548 150.24870812299537
140.1251102613095 151.43624400846772
141.09296425384352 152.62377989394008
142.06081824637752 153.8113157794124
143.02867223891155 154.99885166488477
143.99652623144556 156.18638755035713
144.96438022397956 157.37392343582948
145.9322342165136 158.5614593213018
146.9000882090476 159.74899520677417
147.86794220158163 160.93653109224653
148.83579619411563 162.12406697771888
149.80365018664963 163.31160286319124
150.77150417918367 164.49913874866357
151.73935817171767 165.68667463413593
152.7072121642517 166.87421051960828
153.6750661567857 168.06174640508064
154.6429201493197 169.24928229055297
155.61077414185374 170.43681817602533
156.57862813438774 171.62435406149768
157.54648212692175 172.81188994697004
158.51433611945578 173.9994258324424
159.48219011198978 175.18696171791473
160.4500441045238 176.37449760338708
161.41789809705782 177.56203348885944
162.38575208959182 178.7495693743318
163.35360608212585 179.93710525980413
164.32146007465985 181.12464114527648
165.28931406719386 182.31217703074884
166.2571680597279 183.4997129162212
167.2250220522619 184.68724880169356
168.19287604479592 185.8747846871659
169.16073003732993 187.06232057263824
170.12858402986393 188.2498564581106
171.09643802239796 189.43739234358296
172.06429201493197 190.62492822905529
173.032146007466 191.81246411452764
174.0 193.0
100.0 100.0
101.80133237810527 100.08128514026095
103.58802260070945 100.32447983364104
105.34554753127782 100.72760726866409
107.05962110376105 101.28739061832017
108.71631044708344 101.99927967580008
110.30214913868093 102.85748784091504
111.80424666650573 103.85503915655761
113.21039320973438 104.98382501286683
114.50915888646747 106.23467005817724
115.6899866616851 107.5974067809936
116.74327816025398 109.06095815675056
117.66047168745445 110.61342768756242
117.66047168745445 110.61342768756242
118.40429969947543 112.01291123804079
119.14812771149641 113.41239478851915
119.8919557235174 114.81187833899753
120.63578373553838 116.2113618894759
121.37961174755937 117.61084543995426
122.12343975958035 119.01032899043263
122.86726777160132 120.409812540911
123.6110957836223 121.80929609138937
124.35492379564329 123.20877964186774
125.09875180766427 124.6082631923461
125.84257981968526 126.00774674282448
126.58640783170624 127.40723029330285
127.33023584372722 128.8067138437812
128.0740638557482 130.2061973942596
128.8178918677692 131.60568094473794
129.56171987979016 133.00516449521632
130.30554789181116 134.40464804569467
131.04937590383213 135.80413159617305
131.79320391585313 137.20361514665143
132.5370319278741 138.60309869712978
133.2808599398951 140.00258224760816
134.02468795191606 141.40206579808654
134.76851596393706 142.8015493485649
135.51234397595803 144.20103289904327
136.25617198797903 145.60051644952165
137.0 147.0
