----------------------------
RRT search Summary          
----------------------------
total paths found      : 1
total number of nodes  : 572
total elapsed time     : 109.76295804977417
----------------------------



Path number   : 0
Path length   : 1257.1724949294198
Time required : 80.9965660572052
******* List of nodes ******* 
[1113.6838524383556, 484.3272853372514, 0.835904328941284]
[1107.8869403231804, 477.91311324162234, 0.835904328941284]
[1102.090028208005, 471.4989411459933, 0.835904328941284]
[1096.2931160928297, 465.0847690503643, 0.835904328941284]
[1090.4962039776542, 458.67059695473523, 0.835904328941284]
[1084.699291862479, 452.25642485910623, 0.835904328941284]
[1078.9023797473035, 445.8422527634772, 0.835904328941284]
[1073.1054676321282, 439.4280806678482, 0.835904328941284]
[1067.3085555169528, 433.0139085722191, 0.835904328941284]
[1061.5116434017775, 426.5997364765901, 0.835904328941284]
[1055.714731286602, 420.18556438096107, 0.835904328941284]
[1049.9178191714268, 413.77139228533207, 0.835904328941284]
[1044.1209070562513, 407.357220189703, 0.835904328941284]
[1038.323994941076, 400.943048094074, 0.835904328941284]
[1032.5270828259006, 394.52887599844496, 0.835904328941284]
[1032.5270828259006, 394.5288759984449, 0.8359043289412829]
[1022.0855521798138, 386.39544052091173, 0.48764256597394073]
[1009.4952022003655, 382.31359996849307, 0.13938080300659839]
[996.2676975115473, 382.7734419061842, -0.20888095996074374]
[993.5899848605342, 383.341044275359, -0.20888095996074363]
[990.912272209521, 383.908646644534, -0.20888095996074363]
[988.2345595585078, 384.47624901370887, -0.20888095996074363]
[985.5568469074948, 385.04385138288376, -0.20888095996074363]
[982.8791342564816, 385.6114537520587, -0.20888095996074363]
[980.2014216054685, 386.1790561212336, -0.20888095996074363]
[977.5237089544553, 386.7466584904085, -0.20888095996074363]
[974.8459963034421, 387.31426085958344, -0.20888095996074363]
[972.168283652429, 387.88186322875833, -0.20888095996074363]
[969.4905710014158, 388.4494655979332, -0.20888095996074363]
[966.8128583504026, 389.0170679671082, -0.20888095996074363]
[964.1351456993896, 389.58467033628307, -0.20888095996074363]
[961.4574330483764, 390.15227270545796, -0.20888095996074363]
[958.7797203973632, 390.7198750746329, -0.20888095996074363]
[956.1020077463501, 391.2874774438078, -0.20888095996074363]
[956.1020077463501, 391.28747744380775, -0.20888095996074374]
[952.7416095942826, 391.84453839083693, -0.1196757631951959]
[949.3449460231864, 392.1000168124522, -0.03047056642964785]
[945.9390282923249, 392.0518810697415, 0.058734630335899984]
[937.1862968538691, 391.5372006473535, 0.05873463033589915]
[928.4335654154132, 391.0225202249654, 0.05873463033589915]
[919.6808339769574, 390.50783980257734, 0.05873463033589915]
[910.9281025385014, 389.99315938018924, 0.05873463033589915]
[902.1753711000456, 389.4784789578012, 0.05873463033589915]
[893.4226396615898, 388.96379853541316, 0.05873463033589915]
[884.6699082231339, 388.44911811302507, 0.05873463033589915]
[875.9171767846781, 387.934437690637, 0.05873463033589915]
[867.1644453462222, 387.419757268249, 0.05873463033589915]
[858.4117139077664, 386.9050768458609, 0.05873463033589915]
[849.6589824693106, 386.39039642347285, 0.05873463033589915]
[840.9062510308547, 385.87571600108475, 0.05873463033589915]
[832.1535195923989, 385.3610355786967, 0.05873463033589915]
[823.4007881539429, 384.8463551563087, 0.05873463033589915]
[814.6480567154871, 384.3316747339206, 0.05873463033589915]
[805.8953252770312, 383.81699431153254, 0.05873463033589915]
[797.1425938385754, 383.30231388914444, 0.05873463033589915]
[788.3898624001196, 382.7876334667564, 0.05873463033589915]
[773.2152438401258, 384.9776427584839, -0.3453964274236898]
[766.0970861383523, 387.53889990625515, -0.34539642742368887]
[758.9789284365788, 390.10015705402634, -0.34539642742368887]
[751.8607707348053, 392.6614142017976, -0.34539642742368887]
[744.7426130330318, 395.2226713495688, -0.34539642742368887]
[737.6244553312583, 397.78392849734, -0.34539642742368887]
[730.5062976294848, 400.34518564511126, -0.34539642742368887]
[723.3881399277113, 402.9064427928825, -0.34539642742368887]
[716.2699822259378, 405.4676999406537, -0.34539642742368887]
[709.1518245241643, 408.02895708842493, -0.34539642742368887]
[702.0336668223907, 410.5902142361962, -0.34539642742368887]
[694.9155091206172, 413.15147138396736, -0.34539642742368887]
[687.7973514188437, 415.7127285317386, -0.34539642742368887]
[680.6791937170702, 418.27398567950985, -0.34539642742368887]
[673.5610360152967, 420.83524282728104, -0.34539642742368887]
[666.4428783135232, 423.3964999750523, -0.34539642742368887]
[659.3247206117497, 425.9577571228235, -0.34539642742368887]
[652.2065629099762, 428.5190142705947, -0.34539642742368887]
[645.0884052082027, 431.08027141836595, -0.34539642742368887]
[635.7206313077514, 436.0098613148337, -0.6234227646402108]
[629.1643650644436, 440.72439969980934, -0.6234227646402104]
[622.6080988211357, 445.4389380847849, -0.6234227646402104]
[616.051832577828, 450.15347646976056, -0.6234227646402104]
[609.4955663345202, 454.86801485473615, -0.6234227646402104]
[602.9393000912123, 459.5825532397118, -0.6234227646402104]
[596.3830338479045, 464.29709162468737, -0.6234227646402104]
[589.8267676045966, 469.011630009663, -0.6234227646402104]
[583.2705013612888, 473.7261683946386, -0.6234227646402104]
[576.7142351179809, 478.44070677961423, -0.6234227646402104]
[570.1579688746732, 483.1552451645898, -0.6234227646402104]
[563.6017026313654, 487.86978354956545, -0.6234227646402104]
[557.0454363880575, 492.58432193454104, -0.6234227646402104]
[550.4891701447497, 497.2988603195167, -0.6234227646402104]
[550.4891701447497, 497.2988603195167, -0.6234227646402106]
[543.5241506413482, 501.270818177381, -0.41312533000354]
[535.8834290559247, 503.70131597854333, -0.20282789536686963]
[527.9036728760221, 504.483260488543, 0.007469539269800762]
[519.9364882208085, 503.58219746236716, 0.21776697390647137]
[512.332927279619, 501.0378297764717, 0.42806440854314176]
[502.0106695338759, 496.32798601065247, 0.42806440854314287]
[491.68841178813284, 491.6181422448333, 0.42806440854314287]
[481.3661540423898, 486.90829847901404, 0.42806440854314287]
[471.04389629664666, 482.1984547131948, 0.42806440854314287]
[460.7216385509036, 477.4886109473756, 0.42806440854314287]
[450.39938080516055, 472.77876718155636, 0.42806440854314287]
[440.0771230594175, 468.0689234157371, 0.42806440854314287]
[429.7548653136744, 463.35907964991793, 0.42806440854314287]
[419.4326075679313, 458.6492358840987, 0.42806440854314287]
[409.11034982218825, 453.93939211827944, 0.42806440854314287]
[398.7880920764452, 449.2295483524602, 0.42806440854314287]
[388.46583433070214, 444.519704586641, 0.42806440854314287]
[378.1435765849591, 439.80986082082177, 0.42806440854314287]
[367.82131883921596, 435.1000170550025, 0.42806440854314287]
[357.4990610934729, 430.39017328918334, 0.42806440854314287]
[347.17680334772984, 425.6803295233641, 0.42806440854314287]
[347.17680334772984, 425.6803295233641, 0.4280644085431431]
[336.76390305573597, 418.65989114314334, 0.7583433882021504]
[329.1905770898742, 408.6419182266154, 1.0886223678611575]
[326.091138115583, 402.7199192960961, 1.0886223678611577]
[322.99169914129186, 396.7979203655769, 1.0886223678611577]
[319.89226016700064, 390.8759214350576, 1.0886223678611577]
[316.7928211927095, 384.95392250453835, 1.0886223678611577]
[313.6933822184183, 379.03192357401906, 1.0886223678611577]
[310.5939432441271, 373.10992464349977, 1.0886223678611577]
[307.49450426983594, 367.1879257129805, 1.0886223678611577]
[304.3950652955448, 361.26592678246124, 1.0886223678611577]
[301.2956263212536, 355.34392785194194, 1.0886223678611577]
[298.1961873469624, 349.42192892142265, 1.0886223678611577]
[295.09674837267124, 343.4999299909034, 1.0886223678611577]
[291.9973093983801, 337.5779310603841, 1.0886223678611577]
[288.89787042408886, 331.6559321298648, 1.0886223678611577]
[285.7984314497977, 325.7339331993456, 1.0886223678611577]
[282.69899247550654, 319.8119342688263, 1.0886223678611577]
[279.5995535012154, 313.889935338307, 1.0886223678611577]
[276.50011452692416, 307.96793640778776, 1.0886223678611577]
[273.400675552633, 302.04593747726847, 1.0886223678611577]
[272.9847801083776, 301.22750806763327, 1.1126571528022993]
[267.4393676034009, 289.9822473759519, 1.1126571528022988]
[261.89395509842427, 278.7369866842705, 1.1126571528022988]
[256.34854259344763, 267.49172599258907, 1.1126571528022988]
[250.80313008847094, 256.2464653009077, 1.1126571528022988]
[245.2577175834943, 245.0012046092263, 1.1126571528022988]
[239.71230507851763, 233.75594391754493, 1.1126571528022988]
[234.16689257354096, 222.51068322586352, 1.1126571528022988]
[228.6214800685643, 211.2654225341821, 1.1126571528022988]
[223.07606756358763, 200.02016184250073, 1.1126571528022988]
[217.53065505861096, 188.77490115081935, 1.1126571528022988]
[211.9852425536343, 177.52964045913794, 1.1126571528022988]
[206.43983004865765, 166.28437976745656, 1.1126571528022988]
[200.894417543681, 155.03911907577515, 1.1126571528022988]
[195.34900503870432, 143.79385838409377, 1.1126571528022988]
[189.80359253372765, 132.54859769241236, 1.1126571528022988]
[184.25818002875099, 121.30333700073098, 1.1126571528022988]
[184.25818002875099, 121.30333700073098, 1.112657152802299]
[170.17086429884097, 105.76015075173919, 0.5563285764011496]
[150.0, 100.0, 0.0]
