1100.0 500.0
1099.2756894387073 493.5642349567201
1098.5513788774147 487.1284699134402
1097.8270683161222 480.6927048701603
1097.1027577548296 474.2569398268804
1096.3784471935369 467.8211747836005
1095.6541366322442 461.3854097403206
1094.9298260709515 454.9496446970407
1094.205515509659 448.5138796537608
1093.4812049483664 442.07811461048084
1092.7568943870738 435.642349567201
1092.032583825781 429.20658452392104
1091.3082732644884 422.7708194806412
1090.583962703196 416.33505443736124
1089.8596521419033 409.8992893940814
1089.1353415806107 403.46352435080144
1088.411031019318 397.02775930752153
1087.6867204580253 390.59199426424163
1086.9624098967329 384.15622922096173
1086.2380993354402 377.72046417768183
1085.5137887741475 371.28469913440193
1084.7894782128549 364.84893409112203
1084.0651676515622 358.41316904784213
1083.3408570902698 351.97740400456223
1082.616546528977 345.54163896128233
1081.8922359676844 339.10587391800243
1081.1679254063918 332.6701088747225
1080.443614845099 326.23434383144263
1079.7193042838067 319.7985787881627
1078.994993722514 313.36281374488277
1078.2706831612213 306.92704870160287
1077.5463725999286 300.49128365832297
1076.822062038636 294.05551861504307
1076.0977514773435 287.61975357176317
1075.3734409160509 281.18398852848327
1074.6491303547582 274.74822348520337
1074.6491303547582 274.74822348520337
1071.1534880080767 265.50753319392993
1063.6609933497218 259.06762665193185
1054.0 257.0
1054.0 257.0
1050.2558636872934 257.1451197517414
1046.5117273745868 257.2902395034828
1042.7675910618805 257.43535925522417
1039.0234547491739 257.58047900696556
1035.2793184364673 257.725598758707
1031.5351821237607 257.8707185104484
1027.7910458110541 258.0158382621898
1024.0469094983475 258.1609580139312
1020.302773185641 258.30607776567257
1016.5586368729345 258.45119751741396
1012.8145005602279 258.59631726915535
1009.0703642475213 258.7414370208968
1005.3262279348148 258.8865567726382
1001.5820916221082 259.0316765243796
997.8379553094017 259.17679627612097
994.0938189966951 259.32191602786236
990.3496826839886 259.46703577960375
986.605546371282 259.61215553134514
982.8614100585754 259.7572752830865
979.1172737458689 259.902395034828
975.3731374331624 260.04751478656937
971.6290011204558 260.19263453831076
967.8848648077492 260.33775429005215
964.1407284950427 260.48287404179354
960.3965921823361 260.6279937935349
956.6524558696295 260.7731135452763
952.9083195569231 260.9182332970177
949.1641832442165 261.06335304875915
945.4200469315099 261.20847280050054
941.6759106188033 261.35359255224193
937.9317743060968 261.4987123039833
934.1876379933902 261.6438320557247
930.4435016806837 261.7889518074661
926.6993653679772 261.9340715592075
922.9552290552706 262.0791913109489
919.211092742564 262.22431106269033
915.4669564298574 262.3694308144317
911.722820117151 262.5145505661731
907.9786838044444 262.6596703179145
905.0 263.0
900.9814517906452 263.7677790593207
896.9629035812906 264.53555811864135
892.9443553719359 265.3033371779621
888.9258071625811 266.07111623728275
884.9072589532263 266.8388952966034
880.8887107438717 267.60667435592416
876.870162534517 268.37445341524483
872.8516143251622 269.1422324745655
868.8330661158075 269.9100115338862
864.8145179064528 270.67779059320685
860.7959696970981 271.4455696525276
856.7774214877434 272.21334871184825
852.7588732783886 272.98112777116893
848.7403250690339 273.74890683048966
844.7217768596793 274.51668588981033
840.7032286503245 275.284464949131
836.6846804409697 276.0522440084517
832.666132231615 276.82002306777235
828.6475840222604 277.5878021270931
824.6290358129056 278.35558118641376
820.6104876035508 279.12336024573443
816.5919393941962 279.89113930505516
812.5733911848415 280.65891836437584
808.5548429754867 281.4266974236965
804.536294766132 282.1944764830172
800.5177465567773 282.96225554233786
796.4991983474226 283.7300346016586
792.4806501380679 284.49781366097926
788.4621019287131 285.26559272029994
784.4435537193584 286.03337177962067
780.4250055100038 286.80115083894134
776.406457300649 287.568929898262
776.406457300649 287.568929898262
772.5199292484594 287.9238215970493
768.6384747246349 287.51717777525124
764.9098902836402 286.3644824622148
761.4761515508567 284.5096275532511
758.4680071285217 282.0232415106786
756.0 279.0
756.0 279.0
753.8648390398102 275.78963048944655
751.7296780796206 272.5792609788931
749.5945171194309 269.3688914683396
747.4593561592412 266.15852195778615
745.3241951990515 262.9481524472327
743.1890342388617 259.7377829366792
741.053873278672 256.52741342612575
738.9187123184823 253.3170439155723
736.7835513582926 250.10667440501885
734.648390398103 246.89630489446537
732.5132294379132 243.68593538391193
730.3780684777234 240.47556587335845
728.2429075175338 237.265196362805
726.1077465573441 234.05482685225155
723.9725855971543 230.84445734169807
721.8374246369647 227.6340878311446
719.7022636767749 224.42371832059115
717.5671027165852 221.2133488100377
715.4319417563955 218.00297929948422
713.2967807962058 214.79260978893075
711.161619836016 211.5822402783773
709.0264588758264 208.37187076782385
706.8912979156366 205.16150125727037
704.7561369554469 201.95113174671692
702.6209759952573 198.74076223616345
700.4858150350675 195.53039272561
698.3506540748779 192.32002321505652
696.2154931146881 189.10965370450307
694.0803321544984 185.8992841939496
691.9451711943087 182.68891468339615
689.810010234119 179.47854517284267
687.6748492739292 176.26817566228922
685.5396883137396 173.05780615173575
683.4045273535498 169.8474366411823
683.4045273535498 169.8474366411823
679.8787751193113 165.83440462429908
675.4165340063615 162.89778087657976
670.3361330979448 161.24705939930803
665.0 161.0
665.0 161.0
660.722768576159 161.3759921759057
656.445537152318 161.75198435181144
652.168305728477 162.12797652771715
647.891074304636 162.5039687036229
643.613842880795 162.8799608795286
639.3366114569541 163.25595305543433
635.059380033113 163.63194523134004
630.7821486092721 164.00793740724575
626.504917185431 164.38392958315148
622.2276857615901 164.7599217590572
617.9504543377491 165.13591393496293
613.6732229139081 165.51190611086864
609.3959914900671 165.88789828677437
605.1187600662261 166.26389046268008
600.8415286423851 166.6398826385858
596.5642972185441 167.01587481449153
592.2870657947032 167.39186699039723
588.0098343708621 167.76785916630297
583.7326029470212 168.14385134220868
579.4553715231801 168.5198435181144
575.1781400993392 168.89583569402012
570.9009086754982 169.27182786992586
566.6236772516572 169.64782004583157
562.3464458278162 170.02381222173727
558.0692144039753 170.399804397643
553.7919829801342 170.77579657354872
549.5147515562933 171.15178874945445
545.2375201324522 171.52778092536016
540.9602887086113 171.9037731012659
536.6830572847703 172.2797652771716
536.6830572847703 172.2797652771716
531.9383943821947 173.28728863108438
527.5758099460066 175.4073797623534
523.8518995159337 178.51534058523225
520.9856935361263 182.42836916282687
519.1457745706854 186.9163116277396
518.4403617284668 191.71519921652398
518.9109455047554 196.54277420581724
520.5298474213854 201.11509155614274
520.5298474213854 201.11509155614274
521.7195505692813 203.50521141279805
522.9092537171771 205.89533126945338
524.098956865073 208.28545112610868
525.2886600129688 210.675570982764
526.4783631608647 213.0656908394193
527.6680663087604 215.4558106960746
528.8577694566563 217.8459305527299
530.0474726045522 220.2360504093852
531.237175752448 222.6261702660405
532.4268789003439 225.0162901226958
533.6165820482397 227.4064099793511
534.8062851961356 229.79652983600644
535.9959883440314 232.18664969266175
537.1856914919273 234.57676954931705
538.3753946398231 236.96688940597235
539.565097787719 239.35700926262766
540.7548009356149 241.74712911928296
541.9445040835107 244.13724897593826
543.1342072314065 246.5273688325936
544.3239103793023 248.9174886892489
545.5136135271982 251.3076085459042
546.703316675094 253.6977284025595
547.8930198229899 256.0878482592148
547.8930198229899 256.0878482592148
548.9326271591711 258.5876490200572
549.6250925903073 261.20495276323095
549.9577270556653 263.8917987896727
549.9244352055812 266.5989520749648
549.5258270955013 269.2768054749717
548.7692070070406 271.8762887503723
547.6684396009065 274.34976775269735
546.243695854366 276.6519172947653
544.5210834388154 278.74055171063145
542.5321683105864 280.57739788547894
540.3133962815863 282.1287965900926
537.905425169178 283.36631926833195
535.3523797633009 284.26728897530296
532.7010432631635 284.81519592031214
530.0 285.0
530.0 285.0
526.2362213380567 285.0021729066756
522.4724426761134 285.00434581335116
518.7086640141699 285.00651872002675
514.9448853522266 285.0086916267024
511.18110669028323 285.01086453337797
507.41732802833985 285.01303744005355
503.65354936639653 285.01521034672913
499.88977070445316 285.0173832534047
496.12599204250984 285.0195561600803
492.36221338056646 285.02172906675594
488.59843471862314 285.0239019734315
484.83465605667976 285.0260748801071
481.0708773947364 285.0282477867827
477.30709873279307 285.03042069345827
473.5433200708497 285.03259360013385
469.77954140890637 285.0347665068095
466.015762746963 285.0369394134851
462.25198408501967 285.03911232016065
458.4882054230763 285.04128522683624
454.7244267611329 285.0434581335118
450.9606480991896 285.0456310401874
447.1968694372462 285.047803946863
443.4330907753029 285.0499768535386
439.6693121133595 285.0521497602142
435.9055334514162 285.0543226668898
432.1417547894728 285.05649557356537
428.37797612752945 285.05866848024095
424.61419746558613 285.06084138691654
420.85041880364275 285.0630142935922
417.08664014169943 285.06518720026776
413.32286147975606 285.06736010694334
409.55908281781274 285.0695330136189
405.79530415586936 285.0717059202945
402.031525493926 285.0738788269701
398.26774683198266 285.0760517336457
394.5039681700393 285.0782246403213
390.74018950809597 285.0803975469969
386.9764108461526 285.0825704536725
381.0 286.0
381.0 286.0
376.782923103436 287.32328507149407
372.56584620687204 288.6465701429881
368.3487693103081 289.9698552144821
364.13169241374413 291.29314028597616
359.91461551718015 292.6164253574702
355.6975386206162 293.93971042896425
351.48046172405225 295.26299550045826
347.26338482748827 296.58628057195233
343.0463079309243 297.90956564344634
338.82923103436036 299.2328507149404
334.6121541377964 300.5561357864344
330.3950772412324 301.8794208579285
326.1780003446685 303.2027059294225
321.9609234481045 304.5259910009166
317.7438465515405 305.8492760724106
313.52676965497653 307.17256114390466
309.3096927584126 308.49584621539867
305.0926158618486 309.81913128689274
300.87553896528465 311.14241635838675
296.6584620687207 312.4657014298808
292.44138517215674 313.78898650137484
288.22430827559276 315.1122715728689
284.0072313790288 316.4355566443629
279.79015448246486 317.758841715857
275.5730775859009 319.082126787351
271.3560006893369 320.40541185884507
267.1389237927729 321.7286969303391
262.921846896209 323.05198200183315
258.704769999645 324.37526707332717
258.704769999645 324.37526707332717
254.3451856794199 325.22629976768303
249.90528091936892 325.0940960850887
245.60405659794762 323.9851770488968
241.65367310050968 321.95424073399545
238.24898538519741 319.1014642525275
235.55793164907064 315.5675624597079
233.71324967909402 311.5268471119436
232.8059294837766 307.17862883830736
232.88072515820676 302.7373860281132
232.88072515820676 302.7373860281132
233.36050981533552 299.01297064799223
233.84029447246425 295.2885552678713
234.320079129593 291.5641398877503
234.79986378672174 287.83972450762934
235.2796484438505 284.1153091275084
235.75943310097924 280.3908937473874
236.239217758108 276.66647836726645
236.71900241523673 272.9420629871455
237.1987870723655 269.21764760702456
237.67857172949422 265.4932322269036
238.15835638662298 261.7688168467826
238.63814104375174 258.04440146666167
239.11792570088048 254.31998608654072
239.59771035800924 250.59557070641975
240.07749501513797 246.87115532629878
240.55727967226673 243.14673994617783
241.03706432939546 239.42232456605686
241.51684898652422 235.6979091859359
241.99663364365296 231.97349380581494
242.47641830078172 228.249078425694
242.95620295791045 224.52466304557302
243.4359876150392 220.80024766545208
243.91577227216797 217.0758322853311
244.3955569292967 213.35141690521016
244.87534158642546 209.62700152508918
245.3551262435542 205.90258614496824
245.83491090068296 202.17817076484727
246.3146955578117 198.45375538472632
246.79448021494045 194.72934000460535
247.27426487206918 191.0049246244844
247.75404952919794 187.28050924436343
248.23383418632667 183.55609386424248
248.71361884345544 179.8316784841215
248.71361884345544 179.8316784841215
248.7138510469442 174.7228538034947
247.4197589372519 169.78064627214474
244.9157823146433 165.32753603942766
241.3653062150807 161.6540895463187
237.0 159.0
237.0 159.0
233.51682347954704 157.4519901470381
230.0336469590941 155.90398029407618
226.55047043864118 154.35597044111427
223.06729391818823 152.80796058815235
219.5841173977353 151.25995073519042
216.10094087728237 149.7119408822285
212.6177643568294 148.1639310292666
209.13458783637648 146.61592117630468
205.65141131592355 145.06791132334274
202.1682347954706 143.51990147038083
198.68505827501764 141.97189161741892
195.2018817545647 140.423881764457
191.71870523411178 138.8758719114951
188.23552871365882 137.32786205853319
184.7523521932059 135.77985220557127
181.26917567275297 134.23184235260936
177.7859991523 132.68383249964742
174.30282263184705 131.1358226466855
170.81964611139412 129.5878127937236
167.3364695909412 128.0398029407617
163.85329307048823 126.49179308779976
160.3701165500353 124.94378323483785
156.88694002958238 123.39577338187593
153.40376350912942 121.84776352891402
149.9205869886765 120.2997536759521
146.43741046822356 118.75174382299019
142.9542339477706 117.20373397002827
139.47105742731767 115.65572411706636
135.98788090686472 114.10771426410444
132.5047043864118 112.55970441114252
129.02152786595883 111.01169455818061
125.5383513455059 109.4636847052187
122.05517482505296 107.91567485225677
118.57199830460002 106.36766499929486
115.08882178414709 104.81965514633295
111.60564526369414 103.27164529337102
108.1224687432412 101.72363544040911
108.1224687432412 101.72363544040911
100.0 100.0
